OSINK 23
1
07.10.20
Osova
0.0 0.0
0.0
0.00 0.00
-1.00 -1.00
0.00 0.00
20000.00
0.0
50
50
N
1
42
1 -26 18 -214 216 -32768 -32768 -32768 -32768
2 -26 18 -214 221 -32768 -32768 -32768 -32768
3 -25 18 -214 221 -32768 -32768 -32768 -32768
4 -25 18 -214 218 -32768 -32768 -32768 -32768
5 -25 18 -215 218 -32768 -32768 -32768 -32768
6 -43 35 -161 163 -32768 -32768 -32768 -32768
7 -59 51 -167 171 -32768 -32768 -32768 -32768
8 -76 71 -172 175 -32768 -32768 -32768 -32768
9 -107 101 -203 206 -32768 -32768 -32768 -32768
10 -136 129 -232 234 -32768 -32768 -32768 -32768
11 -151 144 -267 271 -32768 -32768 -32768 -32768
12 -184 176 -300 303 -32768 -32768 -32768 -32768
13 -222 215 -326 328 -32768 -32768 -32768 -32768
14 -272 264 -345 349 -32768 -32768 -32768 -32768
15 -277 270 -374 377 -32768 -32768 -32768 -32768
16 -285 279 -392 395 -32768 -32768 -32768 -32768
17 -299 291 -395 398 -32768 -32768 -32768 -32768
18 -309 302 -384 385 -32768 -32768 -32768 -32768
19 -328 319 -398 404 -32768 -32768 -32768 -32768
20 -342 335 -389 389 -32768 -32768 -32768 -32768
21 -346 338 -405 408 -32768 -32768 -32768 -32768
22 -354 346 -396 398 -32768 -32768 -32768 -32768
23 -358 352 -380 381 -32768 -32768 -32768 -32768
24 -385 378 -396 397 -32768 -32768 -32768 -32768
25 -400 393 -419 423 -32768 -32768 -32768 -32768
26 -418 411 -417 419 -32768 -32768 -32768 -32768
27 -434 427 -429 432 -32768 -32768 -32768 -32768
28 -473 466 -457 459 -32768 -32768 -32768 -32768
29 -490 482 -469 470 -32768 -32768 -32768 -32768
30 -502 496 -475 476 -32768 -32768 -32768 -32768
31 -519 512 -483 489 -32768 -32768 -32768 -32768
32 -542 536 -489 490 -32768 -32768 -32768 -32768
33 -553 547 -493 494 -32768 -32768 -32768 -32768
34 -565 560 -501 501 -32768 -32768 -32768 -32768
35 -580 573 -514 514 -32768 -32768 -32768 -32768
36 -594 587 -512 513 -32768 -32768 -32768 -32768
37 -585 578 -507 511 -32768 -32768 -32768 -32768
38 -585 579 -527 528 -32768 -32768 -32768 -32768
39 -630 624 -495 494 -32768 -32768 -32768 -32768
40 -650 645 -454 455 -32768 -32768 -32768 -32768
41 -654 648 -415 416 -32768 -32768 -32768 -32768
42 -689 683 -375 376 -32768 -32768 -32768 -32768
