OSINK 23
1
24.06.21
Osova
0.0 0.0
0.0
0.00 0.00
-1.00 -1.00
0.00 0.00
20000.00
0.0
50
50
N
1
42
1 -38 20 -183 184 -32768 -32768 -32768 -32768
2 -38 20 -183 184 -32768 -32768 -32768 -32768
3 -38 20 -183 184 -32768 -32768 -32768 -32768
4 -38 20 -183 184 -32768 -32768 -32768 -32768
5 -39 20 -184 184 -32768 -32768 -32768 -32768
6 -51 30 -152 155 -32768 -32768 -32768 -32768
7 -69 49 -170 175 -32768 -32768 -32768 -32768
8 -88 68 -177 181 -32768 -32768 -32768 -32768
9 -118 100 -206 211 -32768 -32768 -32768 -32768
10 -147 127 -235 241 -32768 -32768 -32768 -32768
11 -162 145 -274 282 -32768 -32768 -32768 -32768
12 -198 177 -306 310 -32768 -32768 -32768 -32768
13 -238 233 -328 335 -32768 -32768 -32768 -32768
14 -279 259 -348 355 -32768 -32768 -32768 -32768
15 -287 266 -378 380 -32768 -32768 -32768 -32768
16 -296 274 -395 397 -32768 -32768 -32768 -32768
17 -305 286 -392 397 -32768 -32768 -32768 -32768
18 -315 299 -381 385 -32768 -32768 -32768 -32768
19 -333 313 -398 406 -32768 -32768 -32768 -32768
20 -341 330 -389 393 -32768 -32768 -32768 -32768
21 -350 332 -409 411 -32768 -32768 -32768 -32768
22 -363 339 -399 401 -32768 -32768 -32768 -32768
23 -365 345 -380 383 -32768 -32768 -32768 -32768
24 -394 370 -400 399 -32768 -32768 -32768 -32768
25 -406 385 -420 426 -32768 -32768 -32768 -32768
26 -425 403 -418 423 -32768 -32768 -32768 -32768
27 -439 417 -430 434 -32768 -32768 -32768 -32768
28 -478 457 -456 463 -32768 -32768 -32768 -32768
29 -497 474 -471 473 -32768 -32768 -32768 -32768
30 -508 487 -476 480 -32768 -32768 -32768 -32768
31 -526 504 -484 492 -32768 -32768 -32768 -32768
32 -547 528 -489 493 -32768 -32768 -32768 -32768
33 -560 540 -492 499 -32768 -32768 -32768 -32768
34 -571 553 -500 505 -32768 -32768 -32768 -32768
35 -587 565 -512 517 -32768 -32768 -32768 -32768
36 -599 578 -511 514 -32768 -32768 -32768 -32768
37 -592 576 -507 511 -32768 -32768 -32768 -32768
38 -591 573 -523 530 -32768 -32768 -32768 -32768
39 -634 620 -495 489 -32768 -32768 -32768 -32768
40 -657 639 -450 452 -32768 -32768 -32768 -32768
41 -658 642 -416 419 -32768 -32768 -32768 -32768
42 -693 671 -376 379 -32768 -32768 -32768 -32768
