OSINK 23
1
10.03.21
Osova
0.0 0.0
0.0
0.00 0.00
-1.00 -1.00
0.00 0.00
20000.00
0.0
50
50
N
1
42
1 -36 29 -197 203 -32768 -32768 -32768 -32768
2 -36 29 -197 203 -32768 -32768 -32768 -32768
3 -36 29 -197 203 -32768 -32768 -32768 -32768
4 -37 29 -197 203 -32768 -32768 -32768 -32768
5 -37 29 -197 203 -32768 -32768 -32768 -32768
6 -47 38 -152 159 -32768 -32768 -32768 -32768
7 -62 55 -166 175 -32768 -32768 -32768 -32768
8 -87 75 -176 181 -32768 -32768 -32768 -32768
9 -116 106 -208 212 -32768 -32768 -32768 -32768
10 -144 132 -237 240 -32768 -32768 -32768 -32768
11 -158 146 -271 276 -32768 -32768 -32768 -32768
12 -193 183 -303 310 -32768 -32768 -32768 -32768
13 -235 226 -325 332 -32768 -32768 -32768 -32768
14 -275 264 -348 355 -32768 -32768 -32768 -32768
15 -282 271 -377 383 -32768 -32768 -32768 -32768
16 -292 281 -392 400 -32768 -32768 -32768 -32768
17 -299 290 -391 397 -32768 -32768 -32768 -32768
18 -312 302 -381 387 -32768 -32768 -32768 -32768
19 -329 319 -396 407 -32768 -32768 -32768 -32768
20 -343 335 -388 393 -32768 -32768 -32768 -32768
21 -345 337 -405 413 -32768 -32768 -32768 -32768
22 -353 346 -392 399 -32768 -32768 -32768 -32768
23 -360 352 -378 386 -32768 -32768 -32768 -32768
24 -386 378 -396 402 -32768 -32768 -32768 -32768
25 -401 392 -418 428 -32768 -32768 -32768 -32768
26 -419 410 -418 424 -32768 -32768 -32768 -32768
27 -434 424 -428 437 -32768 -32768 -32768 -32768
28 -473 463 -456 460 -32768 -32768 -32768 -32768
29 -491 483 -468 475 -32768 -32768 -32768 -32768
30 -502 493 -474 481 -32768 -32768 -32768 -32768
31 -522 512 -483 493 -32768 -32768 -32768 -32768
32 -543 534 -488 493 -32768 -32768 -32768 -32768
33 -552 546 -492 500 -32768 -32768 -32768 -32768
34 -566 560 -500 506 -32768 -32768 -32768 -32768
35 -580 571 -513 520 -32768 -32768 -32768 -32768
36 -594 584 -509 516 -32768 -32768 -32768 -32768
37 -584 579 -509 515 -32768 -32768 -32768 -32768
38 -584 576 -525 531 -32768 -32768 -32768 -32768
39 -628 619 -496 501 -32768 -32768 -32768 -32768
40 -651 644 -455 458 -32768 -32768 -32768 -32768
41 -654 648 -414 420 -32768 -32768 -32768 -32768
42 -688 680 -376 380 -32768 -32768 -32768 -32768
