OSINK 23
1
10.02.21
Osova
0.0 0.0
0.0
0.00 0.00
-1.00 -1.00
0.00 0.00
20000.00
0.0
50
50
N
1
42
1 -32 26 -196 199 -32768 -32768 -32768 -32768
2 -32 26 -196 199 -32768 -32768 -32768 -32768
3 -36 26 -200 199 -32768 -32768 -32768 -32768
4 -36 25 -200 199 -32768 -32768 -32768 -32768
5 -45 26 -196 196 -32768 -32768 -32768 -32768
6 -52 32 -152 157 -32768 -32768 -32768 -32768
7 -70 55 -169 176 -32768 -32768 -32768 -32768
8 -90 72 -177 184 -32768 -32768 -32768 -32768
9 -120 106 -207 215 -32768 -32768 -32768 -32768
10 -147 132 -236 241 -32768 -32768 -32768 -32768
11 -161 147 -271 278 -32768 -32768 -32768 -32768
12 -196 178 -302 299 -32768 -32768 -32768 -32768
13 -243 231 -326 330 -32768 -32768 -32768 -32768
14 -279 269 -350 354 -32768 -32768 -32768 -32768
15 -286 271 -379 388 -32768 -32768 -32768 -32768
16 -296 278 -392 398 -32768 -32768 -32768 -32768
17 -304 286 -391 395 -32768 -32768 -32768 -32768
18 -317 299 -380 385 -32768 -32768 -32768 -32768
19 -334 318 -396 404 -32768 -32768 -32768 -32768
20 -347 328 -388 394 -32768 -32768 -32768 -32768
21 -353 333 -404 411 -32768 -32768 -32768 -32768
22 -360 343 -391 397 -32768 -32768 -32768 -32768
23 -364 351 -378 385 -32768 -32768 -32768 -32768
24 -391 375 -396 401 -32768 -32768 -32768 -32768
25 -407 389 -418 428 -32768 -32768 -32768 -32768
26 -422 406 -417 421 -32768 -32768 -32768 -32768
27 -443 423 -432 436 -32768 -32768 -32768 -32768
28 -478 460 -455 462 -32768 -32768 -32768 -32768
29 -495 478 -468 473 -32768 -32768 -32768 -32768
30 -507 491 -474 479 -32768 -32768 -32768 -32768
31 -526 509 -483 492 -32768 -32768 -32768 -32768
32 -547 532 -488 493 -32768 -32768 -32768 -32768
33 -559 542 -491 496 -32768 -32768 -32768 -32768
34 -571 554 -499 504 -32768 -32768 -32768 -32768
35 -586 567 -511 516 -32768 -32768 -32768 -32768
36 -598 582 -509 514 -32768 -32768 -32768 -32768
37 -590 576 -505 511 -32768 -32768 -32768 -32768
38 -590 577 -523 529 -32768 -32768 -32768 -32768
39 -631 618 -493 496 -32768 -32768 -32768 -32768
40 -659 641 -454 453 -32768 -32768 -32768 -32768
41 -658 643 -416 416 -32768 -32768 -32768 -32768
42 -692 679 -376 377 -32768 -32768 -32768 -32768
