OSINK 23
1
05.01.21
Osova
0.0 0.0
0.0
0.00 0.00
-1.00 -1.00
0.00 0.00
20000.00
0.0
50
50
N
1
42
1 -42 20 -204 203 -32768 -32768 -32768 -32768
2 -42 20 -204 203 -32768 -32768 -32768 -32768
3 -42 20 -205 203 -32768 -32768 -32768 -32768
4 -42 20 -205 202 -32768 -32768 -32768 -32768
5 -42 20 -205 202 -32768 -32768 -32768 -32768
6 -54 29 -156 157 -32768 -32768 -32768 -32768
7 -72 46 -169 171 -32768 -32768 -32768 -32768
8 -91 67 -178 176 -32768 -32768 -32768 -32768
9 -119 96 -207 208 -32768 -32768 -32768 -32768
10 -151 124 -236 235 -32768 -32768 -32768 -32768
11 -162 136 -271 271 -32768 -32768 -32768 -32768
12 -199 171 -303 305 -32768 -32768 -32768 -32768
13 -240 215 -327 328 -32768 -32768 -32768 -32768
14 -282 254 -348 349 -32768 -32768 -32768 -32768
15 -290 262 -376 377 -32768 -32768 -32768 -32768
16 -296 272 -394 395 -32768 -32768 -32768 -32768
17 -308 281 -395 397 -32768 -32768 -32768 -32768
18 -318 295 -383 382 -32768 -32768 -32768 -32768
19 -338 312 -399 403 -32768 -32768 -32768 -32768
20 -351 327 -390 387 -32768 -32768 -32768 -32768
21 -354 329 -406 407 -32768 -32768 -32768 -32768
22 -363 337 -395 397 -32768 -32768 -32768 -32768
23 -369 344 -382 380 -32768 -32768 -32768 -32768
24 -393 368 -397 398 -32768 -32768 -32768 -32768
25 -408 383 -420 423 -32768 -32768 -32768 -32768
26 -426 402 -420 419 -32768 -32768 -32768 -32768
27 -438 415 -430 430 -32768 -32768 -32768 -32768
28 -480 454 -458 457 -32768 -32768 -32768 -32768
29 -498 472 -470 470 -32768 -32768 -32768 -32768
30 -511 485 -477 476 -32768 -32768 -32768 -32768
31 -529 502 -485 488 -32768 -32768 -32768 -32768
32 -552 527 -492 489 -32768 -32768 -32768 -32768
33 -562 542 -494 494 -32768 -32768 -32768 -32768
34 -575 549 -502 501 -32768 -32768 -32768 -32768
35 -589 563 -514 514 -32768 -32768 -32768 -32768
36 -604 577 -511 511 -32768 -32768 -32768 -32768
37 -598 572 -509 509 -32768 -32768 -32768 -32768
38 -594 569 -527 524 -32768 -32768 -32768 -32768
39 -636 612 -498 496 -32768 -32768 -32768 -32768
40 -659 635 -459 456 -32768 -32768 -32768 -32768
41 -662 639 -419 419 -32768 -32768 -32768 -32768
42 -700 671 -376 376 -32768 -32768 -32768 -32768
