OSINK 23
1
01.02.21
Osova
0.0 0.0
0.0
0.00 0.00
-1.00 -1.00
0.00 0.00
20000.00
0.0
50
50
N
1
42
1 17 -35 -207 208 -32768 -32768 -32768 -32768
2 17 -35 -207 209 -32768 -32768 -32768 -32768
3 16 -35 -207 209 -32768 -32768 -32768 -32768
4 16 -35 -207 209 -32768 -32768 -32768 -32768
5 -41 29 -189 198 -32768 -32768 -32768 -32768
6 -51 37 -151 159 -32768 -32768 -32768 -32768
7 -69 58 -168 177 -32768 -32768 -32768 -32768
8 -88 76 -179 185 -32768 -32768 -32768 -32768
9 -123 108 -213 217 -32768 -32768 -32768 -32768
10 -144 133 -237 242 -32768 -32768 -32768 -32768
11 -161 149 -273 281 -32768 -32768 -32768 -32768
12 -198 185 -307 315 -32768 -32768 -32768 -32768
13 -247 230 -327 335 -32768 -32768 -32768 -32768
14 -275 263 -350 358 -32768 -32768 -32768 -32768
15 -283 269 -376 384 -32768 -32768 -32768 -32768
16 -292 281 -392 400 -32768 -32768 -32768 -32768
17 -300 289 -388 397 -32768 -32768 -32768 -32768
18 -315 303 -380 388 -32768 -32768 -32768 -32768
19 -334 321 -397 404 -32768 -32768 -32768 -32768
20 -345 333 -390 396 -32768 -32768 -32768 -32768
21 -347 337 -405 411 -32768 -32768 -32768 -32768
22 -357 346 -390 396 -32768 -32768 -32768 -32768
23 -364 352 -379 385 -32768 -32768 -32768 -32768
24 -392 377 -399 402 -32768 -32768 -32768 -32768
25 -405 391 -418 429 -32768 -32768 -32768 -32768
26 -422 410 -418 423 -32768 -32768 -32768 -32768
27 -439 426 -431 435 -32768 -32768 -32768 -32768
28 -475 464 -455 462 -32768 -32768 -32768 -32768
29 -494 482 -468 475 -32768 -32768 -32768 -32768
30 -504 492 -473 480 -32768 -32768 -32768 -32768
31 -523 515 -483 494 -32768 -32768 -32768 -32768
32 -545 536 -488 493 -32768 -32768 -32768 -32768
33 -555 545 -493 499 -32768 -32768 -32768 -32768
34 -571 562 -500 504 -32768 -32768 -32768 -32768
35 -586 573 -513 517 -32768 -32768 -32768 -32768
36 -596 585 -510 516 -32768 -32768 -32768 -32768
37 -586 574 -507 514 -32768 -32768 -32768 -32768
38 -586 579 -524 529 -32768 -32768 -32768 -32768
39 -634 622 -490 496 -32768 -32768 -32768 -32768
40 -653 643 -451 451 -32768 -32768 -32768 -32768
41 -655 645 -415 418 -32768 -32768 -32768 -32768
42 -689 680 -376 379 -32768 -32768 -32768 -32768
