OSINK 23
1
04.11.20
Osova
0.0 0.0
0.0
0.00 0.00
-1.00 -1.00
0.00 0.00
20000.00
0.0
50
50
N
1
42
1 -25 13 -210 220 -32768 -32768 -32768 -32768
2 -25 13 -211 220 -32768 -32768 -32768 -32768
3 -25 13 -211 220 -32768 -32768 -32768 -32768
4 -25 13 -211 220 -32768 -32768 -32768 -32768
5 -24 14 -209 222 -32768 -32768 -32768 -32768
6 -41 35 -160 180 -32768 -32768 -32768 -32768
7 -59 49 -162 180 -32768 -32768 -32768 -32768
8 -77 68 -169 190 -32768 -32768 -32768 -32768
9 -109 96 -199 220 -32768 -32768 -32768 -32768
10 -138 127 -228 245 -32768 -32768 -32768 -32768
11 -153 143 -263 282 -32768 -32768 -32768 -32768
12 -185 174 -295 315 -32768 -32768 -32768 -32768
13 -222 214 -322 340 -32768 -32768 -32768 -32768
14 -272 262 -342 360 -32768 -32768 -32768 -32768
15 -279 270 -371 390 -32768 -32768 -32768 -32768
16 -286 277 -389 399 -32768 -32768 -32768 -32768
17 -299 290 -392 401 -32768 -32768 -32768 -32768
18 -307 301 -380 400 -32768 -32768 -32768 -32768
19 -328 318 -396 406 -32768 -32768 -32768 -32768
20 -342 333 -385 391 -32768 -32768 -32768 -32768
21 -346 338 -402 411 -32768 -32768 -32768 -32768
22 -355 345 -392 400 -32768 -32768 -32768 -32768
23 -360 350 -375 384 -32768 -32768 -32768 -32768
24 -386 376 -393 400 -32768 -32768 -32768 -32768
25 -401 390 -417 426 -32768 -32768 -32768 -32768
26 -419 410 -414 422 -32768 -32768 -32768 -32768
27 -433 424 -426 434 -32768 -32768 -32768 -32768
28 -474 464 -453 462 -32768 -32768 -32768 -32768
29 -491 480 -465 473 -32768 -32768 -32768 -32768
30 -503 493 -471 480 -32768 -32768 -32768 -32768
31 -518 509 -480 492 -32768 -32768 -32768 -32768
32 -543 533 -486 493 -32768 -32768 -32768 -32768
33 -553 545 -489 498 -32768 -32768 -32768 -32768
34 -566 558 -497 502 -32768 -32768 -32768 -32768
35 -581 572 -509 518 -32768 -32768 -32768 -32768
36 -594 586 -508 515 -32768 -32768 -32768 -32768
37 -585 578 -505 514 -32768 -32768 -32768 -32768
38 -588 577 -522 530 -32768 -32768 -32768 -32768
39 -630 622 -491 497 -32768 -32768 -32768 -32768
40 -651 644 -450 458 -32768 -32768 -32768 -32768
41 -655 646 -410 419 -32768 -32768 -32768 -32768
42 -691 682 -373 379 -32768 -32768 -32768 -32768
