OSINK 23
1
16.09.20
Osova
0.0 0.0
0.0
0.00 0.00
-1.00 -1.00
0.00 0.00
20000.00
0.0
50
50
N
1
42
1 -23 19 -212 224 -32768 -32768 -32768 -32768
2 -23 13 -212 223 -32768 -32768 -32768 -32768
3 -24 13 -212 223 -32768 -32768 -32768 -32768
4 -23 13 -212 223 -32768 -32768 -32768 -32768
5 -41 19 -155 224 -32768 -32768 -32768 -32768
6 -57 38 -165 168 -32768 -32768 -32768 -32768
7 -75 54 -170 174 -32768 -32768 -32768 -32768
8 -106 89 -201 181 -32768 -32768 -32768 -32768
9 -134 102 -230 211 -32768 -32768 -32768 -32768
10 -149 130 -265 241 -32768 -32768 -32768 -32768
11 -183 145 -297 274 -32768 -32768 -32768 -32768
12 -220 178 -323 308 -32768 -32768 -32768 -32768
13 -271 218 -343 334 -32768 -32768 -32768 -32768
14 -275 267 -373 354 -32768 -32768 -32768 -32768
15 -283 272 -390 383 -32768 -32768 -32768 -32768
16 -297 280 -392 400 -32768 -32768 -32768 -32768
17 -309 296 -380 401 -32768 -32768 -32768 -32768
18 -325 306 -395 388 -32768 -32768 -32768 -32768
19 -341 321 -385 407 -32768 -32768 -32768 -32768
20 -344 337 -401 393 -32768 -32768 -32768 -32768
21 -353 339 -390 411 -32768 -32768 -32768 -32768
22 -358 350 -374 400 -32768 -32768 -32768 -32768
23 -384 355 -389 383 -32768 -32768 -32768 -32768
24 -400 380 -411 398 -32768 -32768 -32768 -32768
25 -418 396 -409 422 -32768 -32768 -32768 -32768
26 -432 415 -420 419 -32768 -32768 -32768 -32768
27 -474 429 -448 431 -32768 -32768 -32768 -32768
28 -489 469 -458 457 -32768 -32768 -32768 -32768
29 -489 486 -458 467 -32768 -32768 -32768 -32768
30 -501 499 -463 471 -32768 -32768 -32768 -32768
31 -519 516 -471 484 -32768 -32768 -32768 -32768
32 -542 538 -476 485 -32768 -32768 -32768 -32768
33 -553 549 -479 490 -32768 -32768 -32768 -32768
34 -565 562 -486 497 -32768 -32768 -32768 -32768
35 -580 577 -497 506 -32768 -32768 -32768 -32768
36 -592 591 -501 508 -32768 -32768 -32768 -32768
37 -584 581 -496 509 -32768 -32768 -32768 -32768
38 -586 583 -516 524 -32768 -32768 -32768 -32768
39 -628 628 -484 491 -32768 -32768 -32768 -32768
40 -651 649 -445 453 -32768 -32768 -32768 -32768
41 -653 652 -406 415 -32768 -32768 -32768 -32768
42 -689 685 -368 376 -32768 -32768 -32768 -32768
