OSINK 23
1
19.07.21
Osova
0.0 0.0
0.0
0.00 0.00
-1.00 -1.00
0.00 0.00
20000.00
0.0
50
50
N
1
42
1 -40 21 -173 188 -32768 -32768 -32768 -32768
2 -40 21 -173 188 -32768 -32768 -32768 -32768
3 -40 21 -173 188 -32768 -32768 -32768 -32768
4 -40 21 -173 188 -32768 -32768 -32768 -32768
5 -40 21 -173 187 -32768 -32768 -32768 -32768
6 -51 34 -146 160 -32768 -32768 -32768 -32768
7 -75 50 -166 180 -32768 -32768 -32768 -32768
8 -88 63 -172 186 -32768 -32768 -32768 -32768
9 -120 102 -201 218 -32768 -32768 -32768 -32768
10 -145 127 -230 244 -32768 -32768 -32768 -32768
11 -160 147 -268 288 -32768 -32768 -32768 -32768
12 -200 179 -305 318 -32768 -32768 -32768 -32768
13 -256 226 -327 338 -32768 -32768 -32768 -32768
14 -280 261 -350 360 -32768 -32768 -32768 -32768
15 -286 267 -376 385 -32768 -32768 -32768 -32768
16 -295 277 -390 404 -32768 -32768 -32768 -32768
17 -303 285 -385 397 -32768 -32768 -32768 -32768
18 -319 299 -378 391 -32768 -32768 -32768 -32768
19 -334 316 -394 410 -32768 -32768 -32768 -32768
20 -349 331 -386 404 -32768 -32768 -32768 -32768
21 -350 333 -401 416 -32768 -32768 -32768 -32768
22 -359 342 -390 399 -32768 -32768 -32768 -32768
23 -368 351 -377 392 -32768 -32768 -32768 -32768
24 -392 377 -393 409 -32768 -32768 -32768 -32768
25 -407 386 -415 432 -32768 -32768 -32768 -32768
26 -423 406 -414 428 -32768 -32768 -32768 -32768
27 -440 420 -426 443 -32768 -32768 -32768 -32768
28 -480 459 -455 470 -32768 -32768 -32768 -32768
29 -496 476 -466 480 -32768 -32768 -32768 -32768
30 -507 488 -472 485 -32768 -32768 -32768 -32768
31 -532 507 -483 499 -32768 -32768 -32768 -32768
32 -548 530 -485 499 -32768 -32768 -32768 -32768
33 -558 542 -487 503 -32768 -32768 -32768 -32768
34 -570 556 -497 512 -32768 -32768 -32768 -32768
35 -586 566 -506 522 -32768 -32768 -32768 -32768
36 -603 579 -505 521 -32768 -32768 -32768 -32768
37 -607 573 -512 520 -32768 -32768 -32768 -32768
38 -585 574 -521 534 -32768 -32768 -32768 -32768
39 -632 619 -491 497 -32768 -32768 -32768 -32768
40 -655 639 -446 456 -32768 -32768 -32768 -32768
41 -660 641 -410 423 -32768 -32768 -32768 -32768
42 -693 674 -372 384 -32768 -32768 -32768 -32768
