OSINK 23
1
25.08.20
Osova
0.0 0.0
0.0
0.00 0.00
-1.00 -1.00
0.00 0.00
20000.00
0.0
50
50
N
1
42
1 -26 15 -226 206 -32768 -32768 -32768 -32768
2 -26 15 -226 206 -32768 -32768 -32768 -32768
3 -26 15 -226 206 -32768 -32768 -32768 -32768
4 -26 15 -226 206 -32768 -32768 -32768 -32768
5 -27 16 -225 207 -32768 -32768 -32768 -32768
6 -43 33 -174 153 -32768 -32768 -32768 -32768
7 -59 49 -181 163 -32768 -32768 -32768 -32768
8 -76 69 -185 167 -32768 -32768 -32768 -32768
9 -108 99 -217 198 -32768 -32768 -32768 -32768
10 -137 128 -245 226 -32768 -32768 -32768 -32768
11 -152 142 -281 261 -32768 -32768 -32768 -32768
12 -184 174 -313 293 -32768 -32768 -32768 -32768
13 -224 214 -339 321 -32768 -32768 -32768 -32768
14 -271 262 -359 341 -32768 -32768 -32768 -32768
15 -277 267 -389 369 -32768 -32768 -32768 -32768
16 -285 276 -406 386 -32768 -32768 -32768 -32768
17 -301 290 -407 389 -32768 -32768 -32768 -32768
18 -311 301 -397 375 -32768 -32768 -32768 -32768
19 -326 317 -412 394 -32768 -32768 -32768 -32768
20 -342 333 -401 379 -32768 -32768 -32768 -32768
21 -346 336 -417 397 -32768 -32768 -32768 -32768
22 -355 345 -407 387 -32768 -32768 -32768 -32768
23 -359 350 -391 370 -32768 -32768 -32768 -32768
24 -386 378 -405 385 -32768 -32768 -32768 -32768
25 -401 390 -427 409 -32768 -32768 -32768 -32768
26 -420 411 -426 405 -32768 -32768 -32768 -32768
27 -434 425 -437 417 -32768 -32768 -32768 -32768
28 -474 465 -463 443 -32768 -32768 -32768 -32768
29 -491 481 -474 453 -32768 -32768 -32768 -32768
30 -503 494 -478 459 -32768 -32768 -32768 -32768
31 -520 510 -487 470 -32768 -32768 -32768 -32768
32 -544 535 -490 470 -32768 -32768 -32768 -32768
33 -554 546 -494 473 -32768 -32768 -32768 -32768
34 -567 558 -502 480 -32768 -32768 -32768 -32768
35 -581 573 -512 491 -32768 -32768 -32768 -32768
36 -595 584 -516 495 -32768 -32768 -32768 -32768
37 -585 578 -511 492 -32768 -32768 -32768 -32768
38 -586 579 -530 509 -32768 -32768 -32768 -32768
39 -631 622 -499 477 -32768 -32768 -32768 -32768
40 -651 643 -461 439 -32768 -32768 -32768 -32768
41 -655 646 -422 401 -32768 -32768 -32768 -32768
42 -691 680 -384 363 -32768 -32768 -32768 -32768
