OSINK 23
1
02.09.20
Osova
0.0 0.0
0.0
0.00 0.00
-1.00 -1.00
0.00 0.00
20000.00
0.0
50
50
N
1
42
1 -34 12 -220 215 -32768 -32768 -32768 -32768
2 -29 12 -220 215 -32768 -32768 -32768 -32768
3 -29 12 -220 215 -32768 -32768 -32768 -32768
4 -29 12 -220 215 -32768 -32768 -32768 -32768
5 -29 12 -218 215 -32768 -32768 -32768 -32768
6 -45 32 -166 161 -32768 -32768 -32768 -32768
7 -61 46 -172 169 -32768 -32768 -32768 -32768
8 -78 66 -177 174 -32768 -32768 -32768 -32768
9 -110 96 -207 205 -32768 -32768 -32768 -32768
10 -139 126 -237 233 -32768 -32768 -32768 -32768
11 -154 139 -271 268 -32768 -32768 -32768 -32768
12 -184 172 -303 300 -32768 -32768 -32768 -32768
13 -226 212 -329 325 -32768 -32768 -32768 -32768
14 -273 260 -348 346 -32768 -32768 -32768 -32768
15 -278 265 -379 375 -32768 -32768 -32768 -32768
16 -288 274 -396 393 -32768 -32768 -32768 -32768
17 -303 289 -398 395 -32768 -32768 -32768 -32768
18 -314 300 -387 381 -32768 -32768 -32768 -32768
19 -329 315 -402 401 -32768 -32768 -32768 -32768
20 -345 332 -392 386 -32768 -32768 -32768 -32768
21 -348 334 -408 405 -32768 -32768 -32768 -32768
22 -358 344 -398 393 -32768 -32768 -32768 -32768
23 -363 349 -381 376 -32768 -32768 -32768 -32768
24 -388 377 -396 392 -32768 -32768 -32768 -32768
25 -403 389 -419 417 -32768 -32768 -32768 -32768
26 -422 409 -416 413 -32768 -32768 -32768 -32768
27 -437 424 -427 425 -32768 -32768 -32768 -32768
28 -477 464 -455 450 -32768 -32768 -32768 -32768
29 -493 480 -464 461 -32768 -32768 -32768 -32768
30 -506 492 -469 466 -32768 -32768 -32768 -32768
31 -522 508 -479 476 -32768 -32768 -32768 -32768
32 -546 533 -482 477 -32768 -32768 -32768 -32768
33 -558 543 -485 482 -32768 -32768 -32768 -32768
34 -569 557 -492 489 -32768 -32768 -32768 -32768
35 -584 572 -503 499 -32768 -32768 -32768 -32768
36 -598 585 -506 502 -32768 -32768 -32768 -32768
37 -589 577 -503 499 -32768 -32768 -32768 -32768
38 -590 577 -522 517 -32768 -32768 -32768 -32768
39 -634 623 -491 484 -32768 -32768 -32768 -32768
40 -655 642 -451 445 -32768 -32768 -32768 -32768
41 -658 645 -412 409 -32768 -32768 -32768 -32768
42 -694 679 -375 368 -32768 -32768 -32768 -32768
