OSINK 23
1
18.10.21
Osova
0.0 0.0
0.0
0.00 0.00
-1.00 -1.00
0.00 0.00
20000.00
0.0
50
50
N
1
42
1 -42 15 -180 190 -32768 -32768 -32768 -32768
2 -42 15 -180 190 -32768 -32768 -32768 -32768
3 -42 15 -181 190 -32768 -32768 -32768 -32768
4 -42 15 -181 190 -32768 -32768 -32768 -32768
5 -42 15 -181 190 -32768 -32768 -32768 -32768
6 -55 27 -149 159 -32768 -32768 -32768 -32768
7 -73 46 -165 178 -32768 -32768 -32768 -32768
8 -93 64 -173 185 -32768 -32768 -32768 -32768
9 -124 96 -205 215 -32768 -32768 -32768 -32768
10 -152 124 -236 245 -32768 -32768 -32768 -32768
11 -167 137 -271 282 -32768 -32768 -32768 -32768
12 -203 175 -305 314 -32768 -32768 -32768 -32768
13 -247 216 -326 336 -32768 -32768 -32768 -32768
14 -284 255 -348 356 -32768 -32768 -32768 -32768
15 -292 263 -376 386 -32768 -32768 -32768 -32768
16 -301 272 -393 403 -32768 -32768 -32768 -32768
17 -309 281 -389 401 -32768 -32768 -32768 -32768
18 -319 294 -379 390 -32768 -32768 -32768 -32768
19 -339 310 -396 410 -32768 -32768 -32768 -32768
20 -354 325 -388 397 -32768 -32768 -32768 -32768
21 -356 328 -404 415 -32768 -32768 -32768 -32768
22 -365 337 -394 402 -32768 -32768 -32768 -32768
23 -371 345 -378 386 -32768 -32768 -32768 -32768
24 -396 369 -395 404 -32768 -32768 -32768 -32768
25 -410 382 -419 429 -32768 -32768 -32768 -32768
26 -428 401 -417 426 -32768 -32768 -32768 -32768
27 -443 414 -428 441 -32768 -32768 -32768 -32768
28 -483 456 -456 466 -32768 -32768 -32768 -32768
29 -500 472 -469 478 -32768 -32768 -32768 -32768
30 -511 484 -475 484 -32768 -32768 -32768 -32768
31 -531 500 -484 496 -32768 -32768 -32768 -32768
32 -551 525 -488 498 -32768 -32768 -32768 -32768
33 -564 536 -491 501 -32768 -32768 -32768 -32768
34 -575 551 -499 505 -32768 -32768 -32768 -32768
35 -590 562 -512 521 -32768 -32768 -32768 -32768
36 -602 575 -511 518 -32768 -32768 -32768 -32768
37 -599 571 -507 517 -32768 -32768 -32768 -32768
38 -595 568 -524 534 -32768 -32768 -32768 -32768
39 -641 615 -487 496 -32768 -32768 -32768 -32768
40 -661 636 -452 458 -32768 -32768 -32768 -32768
41 -664 638 -414 424 -32768 -32768 -32768 -32768
42 -702 670 -375 382 -32768 -32768 -32768 -32768
