OSINK 23
1
30.09.20
Osova
0.0 0.0
0.0
0.00 0.00
-1.00 -1.00
0.00 0.00
20000.00
0.0
50
50
N
1
42
1 -25 15 -213 220 -32768 -32768 -32768 -32768
2 -25 15 -213 220 -32768 -32768 -32768 -32768
3 -25 15 -213 220 -32768 -32768 -32768 -32768
4 -25 15 -213 219 -32768 -32768 -32768 -32768
5 -25 15 -213 219 -32768 -32768 -32768 -32768
6 -43 36 -160 165 -32768 -32768 -32768 -32768
7 -60 51 -165 173 -32768 -32768 -32768 -32768
8 -77 70 -171 177 -32768 -32768 -32768 -32768
9 -108 100 -202 207 -32768 -32768 -32768 -32768
10 -136 128 -231 236 -32768 -32768 -32768 -32768
11 -152 144 -265 271 -32768 -32768 -32768 -32768
12 -185 176 -299 304 -32768 -32768 -32768 -32768
13 -223 216 -324 329 -32768 -32768 -32768 -32768
14 -271 263 -344 350 -32768 -32768 -32768 -32768
15 -277 267 -373 379 -32768 -32768 -32768 -32768
16 -286 277 -391 397 -32768 -32768 -32768 -32768
17 -301 291 -394 399 -32768 -32768 -32768 -32768
18 -311 302 -383 386 -32768 -32768 -32768 -32768
19 -329 319 -398 404 -32768 -32768 -32768 -32768
20 -345 334 -389 390 -32768 -32768 -32768 -32768
21 -349 338 -405 409 -32768 -32768 -32768 -32768
22 -357 346 -396 397 -32768 -32768 -32768 -32768
23 -362 352 -379 381 -32768 -32768 -32768 -32768
24 -391 378 -397 397 -32768 -32768 -32768 -32768
25 -405 391 -417 422 -32768 -32768 -32768 -32768
26 -423 411 -416 418 -32768 -32768 -32768 -32768
27 -438 426 -427 430 -32768 -32768 -32768 -32768
28 -480 466 -455 456 -32768 -32768 -32768 -32768
29 -494 482 -467 467 -32768 -32768 -32768 -32768
30 -509 494 -473 473 -32768 -32768 -32768 -32768
31 -528 511 -481 486 -32768 -32768 -32768 -32768
32 -549 535 -487 486 -32768 -32768 -32768 -32768
33 -559 546 -491 490 -32768 -32768 -32768 -32768
34 -571 559 -499 497 -32768 -32768 -32768 -32768
35 -587 573 -509 508 -32768 -32768 -32768 -32768
36 -601 587 -510 509 -32768 -32768 -32768 -32768
37 -591 578 -508 507 -32768 -32768 -32768 -32768
38 -594 580 -526 524 -32768 -32768 -32768 -32768
39 -641 624 -496 492 -32768 -32768 -32768 -32768
40 -660 644 -458 453 -32768 -32768 -32768 -32768
41 -664 646 -418 415 -32768 -32768 -32768 -32768
42 -703 681 -382 376 -32768 -32768 -32768 -32768
