OSINK 23
1
27.10.20
Osova
0.0 0.0
0.0
0.00 0.00
-1.00 -1.00
0.00 0.00
20000.00
0.0
50
50
N
1
42
1 -25 15 -211 218 -32768 -32768 -32768 -32768
2 -26 15 -212 218 -32768 -32768 -32768 -32768
3 -26 15 -212 218 -32768 -32768 -32768 -32768
4 -26 15 -212 218 -32768 -32768 -32768 -32768
5 -26 15 -212 218 -32768 -32768 -32768 -32768
6 -44 36 -160 164 -32768 -32768 -32768 -32768
7 -60 50 -166 172 -32768 -32768 -32768 -32768
8 -79 68 -171 176 -32768 -32768 -32768 -32768
9 -109 98 -202 207 -32768 -32768 -32768 -32768
10 -139 127 -230 235 -32768 -32768 -32768 -32768
11 -153 141 -265 270 -32768 -32768 -32768 -32768
12 -184 175 -297 303 -32768 -32768 -32768 -32768
13 -224 214 -324 328 -32768 -32768 -32768 -32768
14 -274 263 -344 349 -32768 -32768 -32768 -32768
15 -280 270 -373 378 -32768 -32768 -32768 -32768
16 -287 276 -391 395 -32768 -32768 -32768 -32768
17 -299 291 -394 398 -32768 -32768 -32768 -32768
18 -309 301 -382 385 -32768 -32768 -32768 -32768
19 -328 317 -397 405 -32768 -32768 -32768 -32768
20 -343 333 -388 390 -32768 -32768 -32768 -32768
21 -346 336 -404 409 -32768 -32768 -32768 -32768
22 -355 345 -395 398 -32768 -32768 -32768 -32768
23 -360 351 -378 381 -32768 -32768 -32768 -32768
24 -386 377 -394 397 -32768 -32768 -32768 -32768
25 -402 391 -417 423 -32768 -32768 -32768 -32768
26 -419 410 -417 420 -32768 -32768 -32768 -32768
27 -434 424 -428 433 -32768 -32768 -32768 -32768
28 -475 464 -455 460 -32768 -32768 -32768 -32768
29 -491 482 -466 471 -32768 -32768 -32768 -32768
30 -503 494 -473 476 -32768 -32768 -32768 -32768
31 -521 510 -481 488 -32768 -32768 -32768 -32768
32 -543 535 -488 490 -32768 -32768 -32768 -32768
33 -555 545 -491 494 -32768 -32768 -32768 -32768
34 -567 558 -499 502 -32768 -32768 -32768 -32768
35 -580 571 -511 515 -32768 -32768 -32768 -32768
36 -597 586 -509 512 -32768 -32768 -32768 -32768
37 -586 578 -506 512 -32768 -32768 -32768 -32768
38 -587 577 -524 528 -32768 -32768 -32768 -32768
39 -632 623 -492 494 -32768 -32768 -32768 -32768
40 -652 644 -452 454 -32768 -32768 -32768 -32768
41 -656 647 -413 415 -32768 -32768 -32768 -32768
42 -692 682 -374 376 -32768 -32768 -32768 -32768
