OSINK 23
1
23.03.21
Osova
0.0 0.0
0.0
0.00 0.00
-1.00 -1.00
0.00 0.00
20000.00
0.0
50
50
N
1
42
1 -36 28 -209 191 -32768 -32768 -32768 -32768
2 -36 28 -209 191 -32768 -32768 -32768 -32768
3 -36 28 -209 191 -32768 -32768 -32768 -32768
4 -36 28 -209 191 -32768 -32768 -32768 -32768
5 -36 27 -209 191 -32768 -32768 -32768 -32768
6 -47 38 -165 146 -32768 -32768 -32768 -32768
7 -64 54 -180 163 -32768 -32768 -32768 -32768
8 -84 74 -187 171 -32768 -32768 -32768 -32768
9 -116 104 -220 200 -32768 -32768 -32768 -32768
10 -142 133 -247 229 -32768 -32768 -32768 -32768
11 -159 145 -284 265 -32768 -32768 -32768 -32768
12 -194 181 -317 295 -32768 -32768 -32768 -32768
13 -234 226 -338 320 -32768 -32768 -32768 -32768
14 -274 264 -359 343 -32768 -32768 -32768 -32768
15 -282 271 -390 371 -32768 -32768 -32768 -32768
16 -289 281 -405 387 -32768 -32768 -32768 -32768
17 -299 289 -403 379 -32768 -32768 -32768 -32768
18 -311 302 -392 375 -32768 -32768 -32768 -32768
19 -328 319 -409 393 -32768 -32768 -32768 -32768
20 -343 333 -401 381 -32768 -32768 -32768 -32768
21 -345 336 -417 400 -32768 -32768 -32768 -32768
22 -355 346 -404 386 -32768 -32768 -32768 -32768
23 -363 351 -392 371 -32768 -32768 -32768 -32768
24 -390 378 -409 389 -32768 -32768 -32768 -32768
25 -402 391 -431 415 -32768 -32768 -32768 -32768
26 -418 410 -432 410 -32768 -32768 -32768 -32768
27 -430 427 -442 425 -32768 -32768 -32768 -32768
28 -474 464 -468 450 -32768 -32768 -32768 -32768
29 -491 482 -481 462 -32768 -32768 -32768 -32768
30 -503 493 -486 469 -32768 -32768 -32768 -32768
31 -520 511 -495 480 -32768 -32768 -32768 -32768
32 -543 535 -501 481 -32768 -32768 -32768 -32768
33 -555 545 -505 489 -32768 -32768 -32768 -32768
34 -566 559 -512 494 -32768 -32768 -32768 -32768
35 -581 572 -524 507 -32768 -32768 -32768 -32768
36 -594 583 -523 503 -32768 -32768 -32768 -32768
37 -585 579 -520 502 -32768 -32768 -32768 -32768
38 -585 576 -537 519 -32768 -32768 -32768 -32768
39 -628 620 -509 488 -32768 -32768 -32768 -32768
40 -652 644 -466 444 -32768 -32768 -32768 -32768
41 -656 649 -423 405 -32768 -32768 -32768 -32768
42 -690 682 -387 366 -32768 -32768 -32768 -32768
