OSINK 23
1
05.05.21
Osova
0.0 0.0
0.0
0.00 0.00
-1.00 -1.00
0.00 0.00
20000.00
0.0
50
50
N
1
42
1 -41 15 -179 194 -32768 -32768 -32768 -32768
2 -41 15 -179 194 -32768 -32768 -32768 -32768
3 -41 15 -179 194 -32768 -32768 -32768 -32768
4 -41 15 -179 194 -32768 -32768 -32768 -32768
5 -41 15 -179 194 -32768 -32768 -32768 -32768
6 -54 28 -148 160 -32768 -32768 -32768 -32768
7 -70 47 -163 180 -32768 -32768 -32768 -32768
8 -90 66 -172 186 -32768 -32768 -32768 -32768
9 -120 97 -201 216 -32768 -32768 -32768 -32768
10 -149 128 -230 245 -32768 -32768 -32768 -32768
11 -163 138 -266 279 -32768 -32768 -32768 -32768
12 -198 172 -298 312 -32768 -32768 -32768 -32768
13 -238 213 -322 335 -32768 -32768 -32768 -32768
14 -282 256 -344 357 -32768 -32768 -32768 -32768
15 -289 264 -373 386 -32768 -32768 -32768 -32768
16 -297 272 -390 402 -32768 -32768 -32768 -32768
17 -308 284 -387 403 -32768 -32768 -32768 -32768
18 -319 293 -377 391 -32768 -32768 -32768 -32768
19 -335 311 -394 411 -32768 -32768 -32768 -32768
20 -351 326 -385 397 -32768 -32768 -32768 -32768
21 -353 329 -401 416 -32768 -32768 -32768 -32768
22 -364 339 -391 403 -32768 -32768 -32768 -32768
23 -369 345 -376 387 -32768 -32768 -32768 -32768
24 -394 370 -391 403 -32768 -32768 -32768 -32768
25 -409 382 -415 428 -32768 -32768 -32768 -32768
26 -427 401 -414 428 -32768 -32768 -32768 -32768
27 -441 416 -425 438 -32768 -32768 -32768 -32768
28 -479 456 -450 465 -32768 -32768 -32768 -32768
29 -499 473 -465 476 -32768 -32768 -32768 -32768
30 -510 487 -471 484 -32768 -32768 -32768 -32768
31 -528 501 -481 497 -32768 -32768 -32768 -32768
32 -550 526 -484 497 -32768 -32768 -32768 -32768
33 -561 537 -487 502 -32768 -32768 -32768 -32768
34 -574 548 -496 508 -32768 -32768 -32768 -32768
35 -588 561 -508 520 -32768 -32768 -32768 -32768
36 -603 577 -506 517 -32768 -32768 -32768 -32768
37 -594 569 -503 516 -32768 -32768 -32768 -32768
38 -590 569 -521 531 -32768 -32768 -32768 -32768
39 -635 610 -493 506 -32768 -32768 -32768 -32768
40 -658 634 -452 465 -32768 -32768 -32768 -32768
41 -661 639 -411 425 -32768 -32768 -32768 -32768
42 -694 669 -374 383 -32768 -32768 -32768 -32768
