OSINK 23
1
02.03.21
Osova
0.0 0.0
0.0
0.00 0.00
-1.00 -1.00
0.00 0.00
20000.00
0.0
50
50
N
1
42
1 -41 22 -198 208 -32768 -32768 -32768 -32768
2 -41 22 -198 208 -32768 -32768 -32768 -32768
3 -41 21 -198 208 -32768 -32768 -32768 -32768
4 -41 21 -198 208 -32768 -32768 -32768 -32768
5 -41 21 -198 208 -32768 -32768 -32768 -32768
6 -52 31 -152 159 -32768 -32768 -32768 -32768
7 -69 50 -166 176 -32768 -32768 -32768 -32768
8 -90 68 -174 181 -32768 -32768 -32768 -32768
9 -120 99 -205 211 -32768 -32768 -32768 -32768
10 -148 127 -233 240 -32768 -32768 -32768 -32768
11 -162 140 -268 277 -32768 -32768 -32768 -32768
12 -201 176 -304 309 -32768 -32768 -32768 -32768
13 -240 219 -324 332 -32768 -32768 -32768 -32768
14 -279 257 -345 355 -32768 -32768 -32768 -32768
15 -287 265 -376 383 -32768 -32768 -32768 -32768
16 -297 274 -392 400 -32768 -32768 -32768 -32768
17 -304 284 -390 398 -32768 -32768 -32768 -32768
18 -316 296 -381 387 -32768 -32768 -32768 -32768
19 -334 314 -397 407 -32768 -32768 -32768 -32768
20 -349 328 -388 394 -32768 -32768 -32768 -32768
21 -350 331 -405 412 -32768 -32768 -32768 -32768
22 -361 340 -392 400 -32768 -32768 -32768 -32768
23 -364 345 -377 385 -32768 -32768 -32768 -32768
24 -392 371 -395 404 -32768 -32768 -32768 -32768
25 -407 383 -418 428 -32768 -32768 -32768 -32768
26 -424 403 -418 424 -32768 -32768 -32768 -32768
27 -438 418 -429 437 -32768 -32768 -32768 -32768
28 -478 457 -456 464 -32768 -32768 -32768 -32768
29 -496 475 -468 477 -32768 -32768 -32768 -32768
30 -507 486 -473 482 -32768 -32768 -32768 -32768
31 -526 504 -483 494 -32768 -32768 -32768 -32768
32 -548 527 -489 495 -32768 -32768 -32768 -32768
33 -558 539 -492 499 -32768 -32768 -32768 -32768
34 -570 552 -499 505 -32768 -32768 -32768 -32768
35 -585 565 -511 518 -32768 -32768 -32768 -32768
36 -600 579 -510 516 -32768 -32768 -32768 -32768
37 -591 573 -507 514 -32768 -32768 -32768 -32768
38 -591 569 -524 530 -32768 -32768 -32768 -32768
39 -632 613 -496 501 -32768 -32768 -32768 -32768
40 -656 638 -454 458 -32768 -32768 -32768 -32768
41 -660 641 -415 420 -32768 -32768 -32768 -32768
42 -693 673 -376 379 -32768 -32768 -32768 -32768
