OSINK 23
1
01.06.21
Osova
0.0 0.0
0.0
0.00 0.00
-1.00 -1.00
0.00 0.00
20000.00
0.0
50
50
N
1
42
1 -41 18 -182 185 -32768 -32768 -32768 -32768
2 -41 18 -182 185 -32768 -32768 -32768 -32768
3 -41 18 -182 185 -32768 -32768 -32768 -32768
4 -41 18 -182 185 -32768 -32768 -32768 -32768
5 -41 15 -185 185 -32768 -32768 -32768 -32768
6 -51 30 -153 154 -32768 -32768 -32768 -32768
7 -68 50 -171 174 -32768 -32768 -32768 -32768
8 -91 67 -180 181 -32768 -32768 -32768 -32768
9 -116 100 -207 211 -32768 -32768 -32768 -32768
10 -147 126 -237 240 -32768 -32768 -32768 -32768
11 -160 139 -275 273 -32768 -32768 -32768 -32768
12 -197 182 -307 308 -32768 -32768 -32768 -32768
13 -239 217 -330 330 -32768 -32768 -32768 -32768
14 -279 258 -352 350 -32768 -32768 -32768 -32768
15 -292 265 -382 378 -32768 -32768 -32768 -32768
16 -295 276 -397 397 -32768 -32768 -32768 -32768
17 -305 286 -394 394 -32768 -32768 -32768 -32768
18 -316 297 -384 383 -32768 -32768 -32768 -32768
19 -333 313 -400 405 -32768 -32768 -32768 -32768
20 -349 329 -390 391 -32768 -32768 -32768 -32768
21 -353 332 -407 410 -32768 -32768 -32768 -32768
22 -362 340 -396 398 -32768 -32768 -32768 -32768
23 -368 347 -383 383 -32768 -32768 -32768 -32768
24 -391 371 -399 398 -32768 -32768 -32768 -32768
25 -407 384 -423 423 -32768 -32768 -32768 -32768
26 -424 406 -420 421 -32768 -32768 -32768 -32768
27 -437 417 -430 433 -32768 -32768 -32768 -32768
28 -479 457 -459 461 -32768 -32768 -32768 -32768
29 -495 475 -473 473 -32768 -32768 -32768 -32768
30 -509 488 -477 479 -32768 -32768 -32768 -32768
31 -524 504 -487 491 -32768 -32768 -32768 -32768
32 -549 529 -491 493 -32768 -32768 -32768 -32768
33 -561 539 -494 495 -32768 -32768 -32768 -32768
34 -574 553 -501 502 -32768 -32768 -32768 -32768
35 -586 566 -515 515 -32768 -32768 -32768 -32768
36 -600 579 -514 514 -32768 -32768 -32768 -32768
37 -593 575 -510 511 -32768 -32768 -32768 -32768
38 -590 570 -527 526 -32768 -32768 -32768 -32768
39 -634 613 -498 501 -32768 -32768 -32768 -32768
40 -658 637 -457 459 -32768 -32768 -32768 -32768
41 -656 641 -418 419 -32768 -32768 -32768 -32768
42 -695 670 -378 380 -32768 -32768 -32768 -32768
