OSINK 23
1
18.08.21
Osova
0.0 0.0
0.0
0.00 0.00
-1.00 -1.00
0.00 0.00
20000.00
0.0
50
50
N
1
42
1 -40 21 -176 182 -32768 -32768 -32768 -32768
2 -40 21 -176 182 -32768 -32768 -32768 -32768
3 -40 21 -176 182 -32768 -32768 -32768 -32768
4 -40 21 -176 182 -32768 -32768 -32768 -32768
5 -40 21 -176 182 -32768 -32768 -32768 -32768
6 -50 30 -149 155 -32768 -32768 -32768 -32768
7 -69 48 -166 175 -32768 -32768 -32768 -32768
8 -89 67 -175 183 -32768 -32768 -32768 -32768
9 -120 102 -206 214 -32768 -32768 -32768 -32768
10 -147 127 -237 242 -32768 -32768 -32768 -32768
11 -161 142 -273 280 -32768 -32768 -32768 -32768
12 -197 178 -305 313 -32768 -32768 -32768 -32768
13 -242 222 -327 333 -32768 -32768 -32768 -32768
14 -278 258 -348 358 -32768 -32768 -32768 -32768
15 -285 266 -378 385 -32768 -32768 -32768 -32768
16 -295 277 -393 399 -32768 -32768 -32768 -32768
17 -305 285 -389 395 -32768 -32768 -32768 -32768
18 -317 298 -380 388 -32768 -32768 -32768 -32768
19 -335 315 -397 406 -32768 -32768 -32768 -32768
20 -348 329 -389 394 -32768 -32768 -32768 -32768
21 -350 332 -405 412 -32768 -32768 -32768 -32768
22 -360 340 -391 398 -32768 -32768 -32768 -32768
23 -367 347 -381 386 -32768 -32768 -32768 -32768
24 -393 371 -398 403 -32768 -32768 -32768 -32768
25 -406 386 -419 427 -32768 -32768 -32768 -32768
26 -423 405 -418 425 -32768 -32768 -32768 -32768
27 -438 421 -429 439 -32768 -32768 -32768 -32768
28 -478 458 -457 465 -32768 -32768 -32768 -32768
29 -495 477 -469 477 -32768 -32768 -32768 -32768
30 -507 487 -475 482 -32768 -32768 -32768 -32768
31 -526 506 -484 495 -32768 -32768 -32768 -32768
32 -548 527 -489 495 -32768 -32768 -32768 -32768
33 -559 540 -492 500 -32768 -32768 -32768 -32768
34 -572 553 -500 506 -32768 -32768 -32768 -32768
35 -585 565 -512 519 -32768 -32768 -32768 -32768
36 -598 578 -511 517 -32768 -32768 -32768 -32768
37 -591 573 -506 515 -32768 -32768 -32768 -32768
38 -590 570 -524 531 -32768 -32768 -32768 -32768
39 -633 616 -494 498 -32768 -32768 -32768 -32768
40 -656 638 -452 457 -32768 -32768 -32768 -32768
41 -660 640 -413 419 -32768 -32768 -32768 -32768
42 -697 677 -374 378 -32768 -32768 -32768 -32768
