OSINK 23
1
23.09.20
Osova
0.0 0.0
0.0
0.00 0.00
-1.00 -1.00
0.00 0.00
20000.00
0.0
50
50
N
1
42
1 -31 8 -214 224 -32768 -32768 -32768 -32768
2 -31 8 -214 223 -32768 -32768 -32768 -32768
3 -31 8 -214 223 -32768 -32768 -32768 -32768
4 -31 8 -214 223 -32768 -32768 -32768 -32768
5 -31 8 -214 223 -32768 -32768 -32768 -32768
6 -48 31 -160 166 -32768 -32768 -32768 -32768
7 -65 46 -166 174 -32768 -32768 -32768 -32768
8 -83 65 -172 178 -32768 -32768 -32768 -32768
9 -113 95 -202 208 -32768 -32768 -32768 -32768
10 -142 124 -232 238 -32768 -32768 -32768 -32768
11 -157 139 -266 272 -32768 -32768 -32768 -32768
12 -190 169 -299 306 -32768 -32768 -32768 -32768
13 -228 210 -325 331 -32768 -32768 -32768 -32768
14 -278 259 -346 351 -32768 -32768 -32768 -32768
15 -283 263 -375 381 -32768 -32768 -32768 -32768
16 -290 272 -392 398 -32768 -32768 -32768 -32768
17 -305 286 -393 401 -32768 -32768 -32768 -32768
18 -318 298 -382 387 -32768 -32768 -32768 -32768
19 -332 314 -397 405 -32768 -32768 -32768 -32768
20 -348 328 -386 390 -32768 -32768 -32768 -32768
21 -352 333 -402 408 -32768 -32768 -32768 -32768
22 -360 341 -392 397 -32768 -32768 -32768 -32768
23 -365 347 -376 380 -32768 -32768 -32768 -32768
24 -391 373 -393 396 -32768 -32768 -32768 -32768
25 -408 387 -414 421 -32768 -32768 -32768 -32768
26 -427 407 -411 417 -32768 -32768 -32768 -32768
27 -440 422 -422 428 -32768 -32768 -32768 -32768
28 -480 461 -450 455 -32768 -32768 -32768 -32768
29 -496 477 -461 466 -32768 -32768 -32768 -32768
30 -509 490 -465 471 -32768 -32768 -32768 -32768
31 -526 507 -474 482 -32768 -32768 -32768 -32768
32 -549 529 -478 483 -32768 -32768 -32768 -32768
33 -560 541 -481 487 -32768 -32768 -32768 -32768
34 -572 555 -489 495 -32768 -32768 -32768 -32768
35 -587 569 -500 505 -32768 -32768 -32768 -32768
36 -601 582 -504 508 -32768 -32768 -32768 -32768
37 -591 574 -500 506 -32768 -32768 -32768 -32768
38 -592 575 -515 523 -32768 -32768 -32768 -32768
39 -636 620 -487 490 -32768 -32768 -32768 -32768
40 -662 640 -437 452 -32768 -32768 -32768 -32768
41 -661 643 -408 413 -32768 -32768 -32768 -32768
42 -697 678 -371 375 -32768 -32768 -32768 -32768
