OSINK 23
1
21.10.20
Osova
0.0 0.0
0.0
0.00 0.00
-1.00 -1.00
0.00 0.00
20000.00
0.0
50
50
N
1
42
1 -19 22 -206 220 -32768 -32768 -32768 -32768
2 -19 22 -206 220 -32768 -32768 -32768 -32768
3 -19 22 -206 220 -32768 -32768 -32768 -32768
4 -19 22 -207 220 -32768 -32768 -32768 -32768
5 -19 22 -207 220 -32768 -32768 -32768 -32768
6 -36 42 -155 166 -32768 -32768 -32768 -32768
7 -53 57 -161 175 -32768 -32768 -32768 -32768
8 -71 76 -168 178 -32768 -32768 -32768 -32768
9 -101 105 -197 209 -32768 -32768 -32768 -32768
10 -128 133 -227 234 -32768 -32768 -32768 -32768
11 -145 149 -262 273 -32768 -32768 -32768 -32768
12 -177 182 -296 305 -32768 -32768 -32768 -32768
13 -216 221 -319 330 -32768 -32768 -32768 -32768
14 -265 270 -340 351 -32768 -32768 -32768 -32768
15 -271 277 -368 379 -32768 -32768 -32768 -32768
16 -278 284 -386 397 -32768 -32768 -32768 -32768
17 -292 298 -390 401 -32768 -32768 -32768 -32768
18 -302 308 -378 387 -32768 -32768 -32768 -32768
19 -319 324 -393 406 -32768 -32768 -32768 -32768
20 -335 341 -383 392 -32768 -32768 -32768 -32768
21 -338 344 -400 412 -32768 -32768 -32768 -32768
22 -347 352 -391 401 -32768 -32768 -32768 -32768
23 -352 358 -374 383 -32768 -32768 -32768 -32768
24 -378 385 -391 400 -32768 -32768 -32768 -32768
25 -393 397 -414 425 -32768 -32768 -32768 -32768
26 -412 418 -412 423 -32768 -32768 -32768 -32768
27 -426 431 -424 436 -32768 -32768 -32768 -32768
28 -468 472 -451 461 -32768 -32768 -32768 -32768
29 -482 489 -463 473 -32768 -32768 -32768 -32768
30 -495 500 -469 479 -32768 -32768 -32768 -32768
31 -514 518 -478 491 -32768 -32768 -32768 -32768
32 -536 541 -483 493 -32768 -32768 -32768 -32768
33 -547 552 -487 497 -32768 -32768 -32768 -32768
34 -559 566 -495 504 -32768 -32768 -32768 -32768
35 -574 579 -507 517 -32768 -32768 -32768 -32768
36 -588 592 -505 515 -32768 -32768 -32768 -32768
37 -576 585 -501 513 -32768 -32768 -32768 -32768
38 -579 584 -520 530 -32768 -32768 -32768 -32768
39 -623 631 -488 496 -32768 -32768 -32768 -32768
40 -644 651 -448 457 -32768 -32768 -32768 -32768
41 -647 654 -408 419 -32768 -32768 -32768 -32768
42 -685 689 -370 378 -32768 -32768 -32768 -32768
