OSINK 23
1
13.09.21
Osova
0.0 0.0
0.0
0.00 0.00
-1.00 -1.00
0.00 0.00
20000.00
0.0
50
50
N
1
42
1 -37 16 -180 188 -32768 -32768 -32768 -32768
2 -37 16 -180 187 -32768 -32768 -32768 -32768
3 -41 16 -180 188 -32768 -32768 -32768 -32768
4 -41 16 -180 188 -32768 -32768 -32768 -32768
5 -39 16 -177 188 -32768 -32768 -32768 -32768
6 -52 29 -149 157 -32768 -32768 -32768 -32768
7 -70 49 -165 177 -32768 -32768 -32768 -32768
8 -90 69 -173 185 -32768 -32768 -32768 -32768
9 -119 102 -203 218 -32768 -32768 -32768 -32768
10 -149 127 -235 246 -32768 -32768 -32768 -32768
11 -162 140 -269 282 -32768 -32768 -32768 -32768
12 -199 177 -303 312 -32768 -32768 -32768 -32768
13 -239 240 -325 339 -32768 -32768 -32768 -32768
14 -281 258 -346 357 -32768 -32768 -32768 -32768
15 -284 265 -372 385 -32768 -32768 -32768 -32768
16 -299 275 -393 401 -32768 -32768 -32768 -32768
17 -311 284 -394 398 -32768 -32768 -32768 -32768
18 -315 296 -376 386 -32768 -32768 -32768 -32768
19 -340 312 -401 408 -32768 -32768 -32768 -32768
20 -349 328 -387 395 -32768 -32768 -32768 -32768
21 -352 330 -403 414 -32768 -32768 -32768 -32768
22 -362 338 -392 400 -32768 -32768 -32768 -32768
23 -368 345 -378 387 -32768 -32768 -32768 -32768
24 -393 370 -395 403 -32768 -32768 -32768 -32768
25 -408 384 -418 429 -32768 -32768 -32768 -32768
26 -425 404 -416 425 -32768 -32768 -32768 -32768
27 -439 417 -427 440 -32768 -32768 -32768 -32768
28 -481 457 -454 464 -32768 -32768 -32768 -32768
29 -497 474 -468 478 -32768 -32768 -32768 -32768
30 -509 486 -474 483 -32768 -32768 -32768 -32768
31 -527 503 -482 495 -32768 -32768 -32768 -32768
32 -551 527 -487 497 -32768 -32768 -32768 -32768
33 -559 538 -489 501 -32768 -32768 -32768 -32768
34 -573 553 -498 505 -32768 -32768 -32768 -32768
35 -587 565 -510 518 -32768 -32768 -32768 -32768
36 -600 577 -510 518 -32768 -32768 -32768 -32768
37 -594 572 -507 516 -32768 -32768 -32768 -32768
38 -593 570 -522 533 -32768 -32768 -32768 -32768
39 -638 618 -491 493 -32768 -32768 -32768 -32768
40 -659 637 -448 456 -32768 -32768 -32768 -32768
41 -662 639 -410 418 -32768 -32768 -32768 -32768
42 -700 670 -373 382 -32768 -32768 -32768 -32768
