OSINK 23
1
18.11.20
Osova
0.0 0.0
0.0
0.00 0.00
-1.00 -1.00
0.00 0.00
20000.00
0.0
50
50
N
1
42
1 -41 24 -200 201 -32768 -32768 -32768 -32768
2 -41 24 -200 201 -32768 -32768 -32768 -32768
3 -41 24 -200 201 -32768 -32768 -32768 -32768
4 -41 24 -200 200 -32768 -32768 -32768 -32768
5 -41 24 -200 200 -32768 -32768 -32768 -32768
6 -53 36 -153 156 -32768 -32768 -32768 -32768
7 -70 54 -170 174 -32768 -32768 -32768 -32768
8 -90 71 -178 181 -32768 -32768 -32768 -32768
9 -121 102 -209 211 -32768 -32768 -32768 -32768
10 -149 129 -235 238 -32768 -32768 -32768 -32768
11 -161 142 -273 273 -32768 -32768 -32768 -32768
12 -198 184 -306 311 -32768 -32768 -32768 -32768
13 -241 225 -326 328 -32768 -32768 -32768 -32768
14 -280 261 -348 349 -32768 -32768 -32768 -32768
15 -286 267 -377 377 -32768 -32768 -32768 -32768
16 -296 278 -392 394 -32768 -32768 -32768 -32768
17 -306 290 -391 393 -32768 -32768 -32768 -32768
18 -318 301 -381 383 -32768 -32768 -32768 -32768
19 -337 319 -396 400 -32768 -32768 -32768 -32768
20 -349 331 -389 390 -32768 -32768 -32768 -32768
21 -351 335 -404 406 -32768 -32768 -32768 -32768
22 -360 343 -391 394 -32768 -32768 -32768 -32768
23 -368 351 -380 380 -32768 -32768 -32768 -32768
24 -392 372 -396 395 -32768 -32768 -32768 -32768
25 -406 389 -416 421 -32768 -32768 -32768 -32768
26 -425 409 -417 416 -32768 -32768 -32768 -32768
27 -443 424 -431 431 -32768 -32768 -32768 -32768
28 -480 462 -456 457 -32768 -32768 -32768 -32768
29 -497 480 -468 467 -32768 -32768 -32768 -32768
30 -509 492 -473 473 -32768 -32768 -32768 -32768
31 -530 510 -483 485 -32768 -32768 -32768 -32768
32 -550 532 -487 488 -32768 -32768 -32768 -32768
33 -562 543 -491 493 -32768 -32768 -32768 -32768
34 -574 559 -498 499 -32768 -32768 -32768 -32768
35 -588 570 -510 511 -32768 -32768 -32768 -32768
36 -602 584 -508 509 -32768 -32768 -32768 -32768
37 -592 576 -504 507 -32768 -32768 -32768 -32768
38 -592 574 -522 521 -32768 -32768 -32768 -32768
39 -634 618 -496 493 -32768 -32768 -32768 -32768
40 -657 641 -453 452 -32768 -32768 -32768 -32768
41 -662 645 -412 411 -32768 -32768 -32768 -32768
42 -696 677 -373 372 -32768 -32768 -32768 -32768
