OSINK 23
1
28.08.20
Osova
0.0 0.0
0.0
0.00 0.00
-1.00 -1.00
0.00 0.00
20000.00
0.0
50
50
N
1
42
1 -28 12 -219 215 -32768 -32768 -32768 -32768
2 -28 12 -219 215 -32768 -32768 -32768 -32768
3 -28 12 -219 215 -32768 -32768 -32768 -32768
4 -28 12 -219 215 -32768 -32768 -32768 -32768
5 -28 12 -219 215 -32768 -32768 -32768 -32768
6 -45 32 -166 161 -32768 -32768 -32768 -32768
7 -61 47 -172 169 -32768 -32768 -32768 -32768
8 -79 66 -178 174 -32768 -32768 -32768 -32768
9 -109 96 -208 204 -32768 -32768 -32768 -32768
10 -138 125 -237 233 -32768 -32768 -32768 -32768
11 -154 140 -272 270 -32768 -32768 -32768 -32768
12 -186 172 -303 300 -32768 -32768 -32768 -32768
13 -223 210 -331 325 -32768 -32768 -32768 -32768
14 -274 260 -350 346 -32768 -32768 -32768 -32768
15 -279 264 -380 375 -32768 -32768 -32768 -32768
16 -287 273 -397 391 -32768 -32768 -32768 -32768
17 -302 288 -399 395 -32768 -32768 -32768 -32768
18 -313 300 -387 382 -32768 -32768 -32768 -32768
19 -328 315 -403 400 -32768 -32768 -32768 -32768
20 -344 331 -392 386 -32768 -32768 -32768 -32768
21 -348 334 -408 405 -32768 -32768 -32768 -32768
22 -356 343 -398 393 -32768 -32768 -32768 -32768
23 -361 348 -382 376 -32768 -32768 -32768 -32768
24 -388 374 -398 391 -32768 -32768 -32768 -32768
25 -403 388 -419 417 -32768 -32768 -32768 -32768
26 -421 408 -417 412 -32768 -32768 -32768 -32768
27 -436 423 -428 424 -32768 -32768 -32768 -32768
28 -476 463 -455 450 -32768 -32768 -32768 -32768
29 -492 480 -465 461 -32768 -32768 -32768 -32768
30 -506 492 -470 465 -32768 -32768 -32768 -32768
31 -522 509 -478 476 -32768 -32768 -32768 -32768
32 -545 533 -483 476 -32768 -32768 -32768 -32768
33 -556 542 -486 481 -32768 -32768 -32768 -32768
34 -569 555 -493 487 -32768 -32768 -32768 -32768
35 -584 571 -505 498 -32768 -32768 -32768 -32768
36 -597 583 -508 502 -32768 -32768 -32768 -32768
37 -588 576 -504 499 -32768 -32768 -32768 -32768
38 -589 576 -522 516 -32768 -32768 -32768 -32768
39 -633 621 -492 484 -32768 -32768 -32768 -32768
40 -654 643 -452 445 -32768 -32768 -32768 -32768
41 -657 645 -413 408 -32768 -32768 -32768 -32768
42 -694 680 -375 368 -32768 -32768 -32768 -32768
