OSINK 23
1
25.11.20
Osova
0.0 0.0
0.0
0.00 0.00
-1.00 -1.00
0.00 0.00
20000.00
0.0
50
50
N
1
42
1 -36 29 -197 206 -32768 -32768 -32768 -32768
2 -36 29 -197 206 -32768 -32768 -32768 -32768
3 -36 29 -196 206 -32768 -32768 -32768 -32768
4 -36 26 -196 204 -32768 -32768 -32768 -32768
5 -34 26 -200 204 -32768 -32768 -32768 -32768
6 -45 42 -153 158 -32768 -32768 -32768 -32768
7 -65 50 -167 177 -32768 -32768 -32768 -32768
8 -89 75 -175 180 -32768 -32768 -32768 -32768
9 -112 106 -203 212 -32768 -32768 -32768 -32768
10 -143 132 -232 237 -32768 -32768 -32768 -32768
11 -164 147 -269 275 -32768 -32768 -32768 -32768
12 -198 188 -305 311 -32768 -32768 -32768 -32768
13 -234 229 -324 330 -32768 -32768 -32768 -32768
14 -274 268 -343 351 -32768 -32768 -32768 -32768
15 -281 274 -371 379 -32768 -32768 -32768 -32768
16 -289 285 -388 396 -32768 -32768 -32768 -32768
17 -300 294 -390 396 -32768 -32768 -32768 -32768
18 -311 303 -379 383 -32768 -32768 -32768 -32768
19 -331 321 -394 402 -32768 -32768 -32768 -32768
20 -343 336 -385 389 -32768 -32768 -32768 -32768
21 -346 339 -402 409 -32768 -32768 -32768 -32768
22 -356 349 -387 396 -32768 -32768 -32768 -32768
23 -363 354 -378 380 -32768 -32768 -32768 -32768
24 -394 380 -386 396 -32768 -32768 -32768 -32768
25 -400 396 -417 420 -32768 -32768 -32768 -32768
26 -419 412 -412 418 -32768 -32768 -32768 -32768
27 -436 426 -425 431 -32768 -32768 -32768 -32768
28 -474 457 -452 458 -32768 -32768 -32768 -32768
29 -495 487 -466 470 -32768 -32768 -32768 -32768
30 -504 499 -471 474 -32768 -32768 -32768 -32768
31 -521 517 -479 487 -32768 -32768 -32768 -32768
32 -544 535 -485 490 -32768 -32768 -32768 -32768
33 -556 545 -489 491 -32768 -32768 -32768 -32768
34 -570 559 -497 499 -32768 -32768 -32768 -32768
35 -581 574 -507 522 -32768 -32768 -32768 -32768
36 -596 586 -505 507 -32768 -32768 -32768 -32768
37 -587 581 -502 507 -32768 -32768 -32768 -32768
38 -591 579 -521 523 -32768 -32768 -32768 -32768
39 -635 625 -480 494 -32768 -32768 -32768 -32768
40 -652 648 -454 456 -32768 -32768 -32768 -32768
41 -654 651 -413 413 -32768 -32768 -32768 -32768
42 -687 680 -372 374 -32768 -32768 -32768 -32768
