OSINK 23
1
30.03.21
Osova
0.0 0.0
0.0
0.00 0.00
-1.00 -1.00
0.00 0.00
20000.00
0.0
50
50
N
1
42
1 -42 22 -195 194 -32768 -32768 -32768 -32768
2 -42 24 -195 193 -32768 -32768 -32768 -32768
3 -42 24 -195 193 -32768 -32768 -32768 -32768
4 -42 24 -195 194 -32768 -32768 -32768 -32768
5 -43 24 -195 194 -32768 -32768 -32768 -32768
6 -51 32 -155 153 -32768 -32768 -32768 -32768
7 -71 48 -172 170 -32768 -32768 -32768 -32768
8 -89 69 -179 176 -32768 -32768 -32768 -32768
9 -121 100 -210 207 -32768 -32768 -32768 -32768
10 -149 128 -238 235 -32768 -32768 -32768 -32768
11 -162 143 -273 272 -32768 -32768 -32768 -32768
12 -199 179 -307 306 -32768 -32768 -32768 -32768
13 -241 220 -328 326 -32768 -32768 -32768 -32768
14 -280 260 -349 348 -32768 -32768 -32768 -32768
15 -286 268 -378 374 -32768 -32768 -32768 -32768
16 -297 277 -395 393 -32768 -32768 -32768 -32768
17 -305 287 -393 391 -32768 -32768 -32768 -32768
18 -318 299 -384 379 -32768 -32768 -32768 -32768
19 -335 316 -400 401 -32768 -32768 -32768 -32768
20 -350 329 -392 388 -32768 -32768 -32768 -32768
21 -353 333 -408 406 -32768 -32768 -32768 -32768
22 -361 342 -396 393 -32768 -32768 -32768 -32768
23 -368 350 -381 376 -32768 -32768 -32768 -32768
24 -393 377 -399 398 -32768 -32768 -32768 -32768
25 -408 381 -421 417 -32768 -32768 -32768 -32768
26 -424 408 -421 416 -32768 -32768 -32768 -32768
27 -441 423 -432 429 -32768 -32768 -32768 -32768
28 -480 461 -458 461 -32768 -32768 -32768 -32768
29 -496 479 -471 467 -32768 -32768 -32768 -32768
30 -508 491 -477 474 -32768 -32768 -32768 -32768
31 -526 506 -487 484 -32768 -32768 -32768 -32768
32 -550 530 -492 487 -32768 -32768 -32768 -32768
33 -559 539 -494 489 -32768 -32768 -32768 -32768
34 -574 556 -503 498 -32768 -32768 -32768 -32768
35 -586 567 -514 512 -32768 -32768 -32768 -32768
36 -601 581 -512 512 -32768 -32768 -32768 -32768
37 -590 575 -511 509 -32768 -32768 -32768 -32768
38 -590 574 -527 523 -32768 -32768 -32768 -32768
39 -635 620 -498 489 -32768 -32768 -32768 -32768
40 -657 641 -456 450 -32768 -32768 -32768 -32768
41 -660 645 -417 411 -32768 -32768 -32768 -32768
42 -695 677 -377 373 22 -32768 194 -32768
