OSINK 23
1
13.04.21
Osova
0.0 0.0
0.0
0.00 0.00
-1.00 -1.00
0.00 0.00
20000.00
0.0
50
50
N
1
42
1 -39 20 -202 205 -32768 -32768 -32768 -32768
2 -41 20 -202 204 -32768 -32768 -32768 -32768
3 -39 20 -197 204 -32768 -32768 -32768 -32768
4 -40 20 -201 203 -32768 -32768 -32768 -32768
5 -40 20 -203 203 -32768 -32768 -32768 -32768
6 -52 31 -156 158 -32768 -32768 -32768 -32768
7 -69 49 -170 175 -32768 -32768 -32768 -32768
8 -89 67 -178 181 -32768 -32768 -32768 -32768
9 -119 99 -207 211 -32768 -32768 -32768 -32768
10 -146 126 -236 239 -32768 -32768 -32768 -32768
11 -162 140 -272 276 -32768 -32768 -32768 -32768
12 -198 182 -304 307 -32768 -32768 -32768 -32768
13 -238 220 -326 330 -32768 -32768 -32768 -32768
14 -281 259 -349 353 -32768 -32768 -32768 -32768
15 -287 266 -377 380 -32768 -32768 -32768 -32768
16 -295 275 -394 396 -32768 -32768 -32768 -32768
17 -306 285 -393 396 -32768 -32768 -32768 -32768
18 -318 296 -382 385 -32768 -32768 -32768 -32768
19 -335 312 -399 404 -32768 -32768 -32768 -32768
20 -349 328 -389 390 -32768 -32768 -32768 -32768
21 -352 331 -406 409 -32768 -32768 -32768 -32768
22 -362 341 -394 398 -32768 -32768 -32768 -32768
23 -368 347 -380 382 -32768 -32768 -32768 -32768
24 -391 372 -396 397 -32768 -32768 -32768 -32768
25 -406 385 -418 422 -32768 -32768 -32768 -32768
26 -424 405 -418 419 -32768 -32768 -32768 -32768
27 -440 417 -428 435 -32768 -32768 -32768 -32768
28 -478 458 -456 462 -32768 -32768 -32768 -32768
29 -497 477 -469 472 -32768 -32768 -32768 -32768
30 -509 489 -476 478 -32768 -32768 -32768 -32768
31 -526 502 -485 491 -32768 -32768 -32768 -32768
32 -549 527 -490 493 -32768 -32768 -32768 -32768
33 -559 538 -492 496 -32768 -32768 -32768 -32768
34 -575 553 -501 502 -32768 -32768 -32768 -32768
35 -586 567 -513 516 -32768 -32768 -32768 -32768
36 -600 582 -512 512 -32768 -32768 -32768 -32768
37 -594 571 -508 512 -32768 -32768 -32768 -32768
38 -591 599 -524 526 -32768 -32768 -32768 -32768
39 -634 615 -497 496 -32768 -32768 -32768 -32768
40 -657 637 -453 457 -32768 -32768 -32768 -32768
41 -659 641 -417 420 -32768 -32768 -32768 -32768
42 -696 673 -375 377 -32768 -32768 -32768 -32768
