OSINK 23
1
11.11.20
Osova
0.0 0.0
0.0
0.00 0.00
-1.00 -1.00
0.00 0.00
20000.00
0.0
50
50
N
1
42
1 -42 25 -198 192 -32768 -32768 -32768 -32768
2 -42 25 -198 192 -32768 -32768 -32768 -32768
3 -42 25 -198 192 -32768 -32768 -32768 -32768
4 -42 25 -198 192 -32768 -32768 -32768 -32768
5 -41 25 -198 192 -32768 -32768 -32768 -32768
6 -51 34 -157 152 -32768 -32768 -32768 -32768
7 -73 56 -175 170 -32768 -32768 -32768 -32768
8 -90 74 -182 181 -32768 -32768 -32768 -32768
9 -122 106 -214 208 -32768 -32768 -32768 -32768
10 -150 130 -247 235 -32768 -32768 -32768 -32768
11 -162 147 -277 273 -32768 -32768 -32768 -32768
12 -201 184 -313 306 -32768 -32768 -32768 -32768
13 -246 231 -331 326 -32768 -32768 -32768 -32768
14 -279 263 -352 350 -32768 -32768 -32768 -32768
15 -286 269 -380 374 -32768 -32768 -32768 -32768
16 -297 282 -395 392 -32768 -32768 -32768 -32768
17 -306 287 -394 389 -32768 -32768 -32768 -32768
18 -319 302 -384 379 -32768 -32768 -32768 -32768
19 -338 321 -399 394 -32768 -32768 -32768 -32768
20 -350 334 -394 387 -32768 -32768 -32768 -32768
21 -354 336 -406 403 -32768 -32768 -32768 -32768
22 -357 345 -394 387 -32768 -32768 -32768 -32768
23 -371 354 -384 378 -32768 -32768 -32768 -32768
24 -395 375 -399 391 -32768 -32768 -32768 -32768
25 -409 389 -421 418 -32768 -32768 -32768 -32768
26 -425 410 -420 413 -32768 -32768 -32768 -32768
27 -442 425 -432 427 -32768 -32768 -32768 -32768
28 -480 467 -458 456 -32768 -32768 -32768 -32768
29 -498 484 -471 466 -32768 -32768 -32768 -32768
30 -509 493 -476 469 -32768 -32768 -32768 -32768
31 -535 515 -487 483 -32768 -32768 -32768 -32768
32 -551 533 -489 484 -32768 -32768 -32768 -32768
33 -563 544 -494 488 -32768 -32768 -32768 -32768
34 -574 558 -501 496 -32768 -32768 -32768 -32768
35 -589 571 -513 506 -32768 -32768 -32768 -32768
36 -603 584 -512 504 -32768 -32768 -32768 -32768
37 -591 577 -507 502 -32768 -32768 -32768 -32768
38 -596 576 -525 519 -32768 -32768 -32768 -32768
39 -639 621 -490 486 -32768 -32768 -32768 -32768
40 -659 642 -451 447 -32768 -32768 -32768 -32768
41 -663 645 -410 408 -32768 -32768 -32768 -32768
42 -698 678 -374 368 -32768 -32768 -32768 -32768
