OSINK 23
1
09.09.20
Osova
0.0 0.0
0.0
0.00 0.00
-1.00 -1.00
0.00 0.00
20000.00
0.0
50
50
N
1
42
1 -28 13 -218 216 -32768 -32768 -32768 -32768
2 -28 13 -218 216 -32768 -32768 -32768 -32768
3 -28 13 -217 216 -32768 -32768 -32768 -32768
4 -28 13 -217 216 -32768 -32768 -32768 -32768
5 -28 13 -218 216 -32768 -32768 -32768 -32768
6 -45 33 -163 161 -32768 -32768 -32768 -32768
7 -62 48 -170 170 -32768 -32768 -32768 -32768
8 -79 67 -176 174 -32768 -32768 -32768 -32768
9 -110 95 -207 205 -32768 -32768 -32768 -32768
10 -139 126 -236 234 -32768 -32768 -32768 -32768
11 -154 139 -270 268 -32768 -32768 -32768 -32768
12 -184 173 -303 301 -32768 -32768 -32768 -32768
13 -226 213 -330 326 -32768 -32768 -32768 -32768
14 -273 260 -349 347 -32768 -32768 -32768 -32768
15 -280 266 -378 375 -32768 -32768 -32768 -32768
16 -288 275 -395 392 -32768 -32768 -32768 -32768
17 -303 289 -397 395 -32768 -32768 -32768 -32768
18 -314 301 -385 382 -32768 -32768 -32768 -32768
19 -329 315 -401 400 -32768 -32768 -32768 -32768
20 -346 332 -391 386 -32768 -32768 -32768 -32768
21 -349 337 -406 405 -32768 -32768 -32768 -32768
22 -357 343 -397 394 -32768 -32768 -32768 -32768
23 -362 349 -380 375 -32768 -32768 -32768 -32768
24 -388 376 -396 391 -32768 -32768 -32768 -32768
25 -403 390 -418 416 -32768 -32768 -32768 -32768
26 -423 409 -413 412 -32768 -32768 -32768 -32768
27 -437 423 -426 424 -32768 -32768 -32768 -32768
28 -478 464 -453 450 -32768 -32768 -32768 -32768
29 -492 480 -464 461 -32768 -32768 -32768 -32768
30 -507 494 -469 465 -32768 -32768 -32768 -32768
31 -524 510 -477 476 -32768 -32768 -32768 -32768
32 -545 528 -482 477 -32768 -32768 -32768 -32768
33 -557 545 -485 483 -32768 -32768 -32768 -32768
34 -569 558 -493 488 -32768 -32768 -32768 -32768
35 -584 571 -503 499 -32768 -32768 -32768 -32768
36 -598 584 -507 503 -32768 -32768 -32768 -32768
37 -589 577 -502 499 -32768 -32768 -32768 -32768
38 -589 577 -522 517 -32768 -32768 -32768 -32768
39 -634 622 -490 485 -32768 -32768 -32768 -32768
40 -654 642 -451 447 -32768 -32768 -32768 -32768
41 -658 646 -412 409 -32768 -32768 -32768 -32768
42 -695 681 -375 369 -32768 -32768 -32768 -32768
