OSINK 23
1
15.10.20
Osova
0.0 0.0
0.0
0.00 0.00
-1.00 -1.00
0.00 0.00
20000.00
0.0
50
50
N
1
42
1 -25 16 -213 217 -32768 -32768 -32768 -32768
2 -25 16 -213 217 -32768 -32768 -32768 -32768
3 -25 16 -213 217 -32768 -32768 -32768 -32768
4 -25 16 -213 217 -32768 -32768 -32768 -32768
5 -25 16 -212 217 -32768 -32768 -32768 -32768
6 -42 36 -160 164 -32768 -32768 -32768 -32768
7 -60 50 -166 172 -32768 -32768 -32768 -32768
8 -79 69 -172 176 -32768 -32768 -32768 -32768
9 -108 99 -202 206 -32768 -32768 -32768 -32768
10 -137 128 -231 235 -32768 -32768 -32768 -32768
11 -152 143 -266 270 -32768 -32768 -32768 -32768
12 -184 175 -298 303 -32768 -32768 -32768 -32768
13 -223 215 -325 328 -32768 -32768 -32768 -32768
14 -271 262 -345 349 -32768 -32768 -32768 -32768
15 -279 269 -375 377 -32768 -32768 -32768 -32768
16 -281 277 -392 395 -32768 -32768 -32768 -32768
17 -289 291 -397 399 -32768 -32768 -32768 -32768
18 -310 302 -383 385 -32768 -32768 -32768 -32768
19 -329 318 -397 404 -32768 -32768 -32768 -32768
20 -339 333 -391 390 -32768 -32768 -32768 -32768
21 -344 335 -404 409 -32768 -32768 -32768 -32768
22 -354 345 -395 399 -32768 -32768 -32768 -32768
23 -359 351 -379 382 -32768 -32768 -32768 -32768
24 -384 376 -395 398 -32768 -32768 -32768 -32768
25 -401 391 -418 423 -32768 -32768 -32768 -32768
26 -419 410 -417 419 -32768 -32768 -32768 -32768
27 -433 424 -429 432 -32768 -32768 -32768 -32768
28 -474 463 -457 460 -32768 -32768 -32768 -32768
29 -489 481 -468 470 -32768 -32768 -32768 -32768
30 -502 493 -474 477 -32768 -32768 -32768 -32768
31 -520 509 -483 489 -32768 -32768 -32768 -32768
32 -543 534 -488 491 -32768 -32768 -32768 -32768
33 -553 545 -493 496 -32768 -32768 -32768 -32768
34 -566 559 -500 502 -32768 -32768 -32768 -32768
35 -581 572 -512 515 -32768 -32768 -32768 -32768
36 -595 586 -511 512 -32768 -32768 -32768 -32768
37 -585 580 -507 509 -32768 -32768 -32768 -32768
38 -587 578 -525 527 -32768 -32768 -32768 -32768
39 -631 623 -492 493 -32768 -32768 -32768 -32768
40 -650 644 -452 456 -32768 -32768 -32768 -32768
41 -655 647 -413 416 -32768 -32768 -32768 -32768
42 -691 681 -375 377 -32768 -32768 -32768 -32768
