OSINK 23
1
02.12.20
Osova
0.0 0.0
0.0
0.00 0.00
-1.00 -1.00
0.00 0.00
20000.00
0.0
50
50
N
1
42
1 13 -21 -206 216 -32768 -32768 -32768 -32768
2 13 -21 -206 216 -32768 -32768 -32768 -32768
3 13 -21 -206 218 -32768 -32768 -32768 -32768
4 13 -21 -206 218 -32768 -32768 -32768 -32768
5 -41 32 -181 183 -32768 -32768 -32768 -32768
6 -50 40 -150 159 -32768 -32768 -32768 -32768
7 -70 61 -169 178 -32768 -32768 -32768 -32768
8 -89 79 -179 189 -32768 -32768 -32768 -32768
9 -124 111 -211 221 -32768 -32768 -32768 -32768
10 -152 139 -248 258 -32768 -32768 -32768 -32768
11 -164 154 -276 286 -32768 -32768 -32768 -32768
12 -202 190 -311 319 -32768 -32768 -32768 -32768
13 -251 240 -327 336 -32768 -32768 -32768 -32768
14 -276 264 -354 361 -32768 -32768 -32768 -32768
15 -285 272 -377 385 -32768 -32768 -32768 -32768
16 -296 285 -391 400 -32768 -32768 -32768 -32768
17 -301 291 -385 393 -32768 -32768 -32768 -32768
18 -317 307 -380 388 -32768 -32768 -32768 -32768
19 -335 324 -394 402 -32768 -32768 -32768 -32768
20 -347 337 -390 400 -32768 -32768 -32768 -32768
21 -347 336 -402 408 -32768 -32768 -32768 -32768
22 -359 346 -382 392 -32768 -32768 -32768 -32768
23 -364 356 -378 387 -32768 -32768 -32768 -32768
24 -396 384 -400 404 -32768 -32768 -32768 -32768
25 -405 394 -417 428 -32768 -32768 -32768 -32768
26 -424 411 -414 422 -32768 -32768 -32768 -32768
27 -444 432 -432 438 -32768 -32768 -32768 -32768
28 -482 470 -457 467 -32768 -32768 -32768 -32768
29 -498 487 -468 476 -32768 -32768 -32768 -32768
30 -505 495 -472 478 -32768 -32768 -32768 -32768
31 -531 518 -482 493 -32768 -32768 -32768 -32768
32 -545 537 -486 491 -32768 -32768 -32768 -32768
33 -556 546 -490 500 -32768 -32768 -32768 -32768
34 -571 562 -497 507 -32768 -32768 -32768 -32768
35 -585 574 -508 515 -32768 -32768 -32768 -32768
36 -598 587 -507 513 -32768 -32768 -32768 -32768
37 -588 572 -505 514 -32768 -32768 -32768 -32768
38 -594 587 -520 527 -32768 -32768 -32768 -32768
39 -637 627 -490 483 -32768 -32768 -32768 -32768
40 -654 645 -451 446 -32768 -32768 -32768 -32768
41 -657 649 -408 405 -32768 -32768 -32768 -32768
42 -693 688 -371 374 -32768 -32768 -32768 -32768
