OSINK 23
1
19.05.21
Osova
0.0 0.0
0.0
0.00 0.00
-1.00 -1.00
0.00 0.00
20000.00
0.0
50
50
N
1
42
1 -30 10 -186 202 -32768 -32768 -32768 -32768
2 -30 10 -186 202 -32768 -32768 -32768 -32768
3 -30 10 -186 202 -32768 -32768 -32768 -32768
4 -30 10 -186 203 -32768 -32768 -32768 -32768
5 -30 10 -186 202 -32768 -32768 -32768 -32768
6 -49 30 -147 163 -32768 -32768 -32768 -32768
7 -64 44 -159 178 -32768 -32768 -32768 -32768
8 -85 64 -166 183 -32768 -32768 -32768 -32768
9 -114 94 -195 213 -32768 -32768 -32768 -32768
10 -141 122 -224 241 -32768 -32768 -32768 -32768
11 -158 136 -260 276 -32768 -32768 -32768 -32768
12 -187 170 -292 307 -32768 -32768 -32768 -32768
13 -228 208 -317 332 -32768 -32768 -32768 -32768
14 -279 256 -338 353 -32768 -32768 -32768 -32768
15 -286 264 -367 384 -32768 -32768 -32768 -32768
16 -292 274 -386 403 -32768 -32768 -32768 -32768
17 -307 287 -386 403 -32768 -32768 -32768 -32768
18 -312 294 -374 391 -32768 -32768 -32768 -32768
19 -330 312 -392 411 -32768 -32768 -32768 -32768
20 -349 328 -379 396 -32768 -32768 -32768 -32768
21 -353 332 -397 415 -32768 -32768 -32768 -32768
22 -359 339 -390 405 -32768 -32768 -32768 -32768
23 -364 345 -372 388 -32768 -32768 -32768 -32768
24 -387 367 -386 403 -32768 -32768 -32768 -32768
25 -403 383 -410 428 -32768 -32768 -32768 -32768
26 -424 401 -411 428 -32768 -32768 -32768 -32768
27 -435 415 -419 438 -32768 -32768 -32768 -32768
28 -474 454 -445 462 -32768 -32768 -32768 -32768
29 -482 470 -460 477 -32768 -32768 -32768 -32768
30 -507 487 -467 485 -32768 -32768 -32768 -32768
31 -519 500 -478 497 -32768 -32768 -32768 -32768
32 -546 525 -481 498 -32768 -32768 -32768 -32768
33 -558 539 -482 499 -32768 -32768 -32768 -32768
34 -569 550 -491 508 -32768 -32768 -32768 -32768
35 -583 565 -504 519 -32768 -32768 -32768 -32768
36 -597 578 -503 519 -32768 -32768 -32768 -32768
37 -598 579 -500 516 -32768 -32768 -32768 -32768
38 -585 567 -515 530 -32768 -32768 -32768 -32768
39 -625 607 -501 515 -32768 -32768 -32768 -32768
40 -654 635 -455 471 -32768 -32768 -32768 -32768
41 -659 641 -415 432 -32768 -32768 -32768 -32768
42 -686 666 -375 390 -32768 -32768 -32768 -32768
