OSINK 23
1
27.01.21
Osova
0.0 0.0
0.0
0.00 0.00
-1.00 -1.00
0.00 0.00
20000.00
0.0
50
50
N
1
42
1 -42 20 -200 203 -32768 -32768 -32768 -32768
2 -42 20 -200 203 -32768 -32768 -32768 -32768
3 -42 20 -200 203 -32768 -32768 -32768 -32768
4 -42 20 -200 203 -32768 -32768 -32768 -32768
5 -42 20 -200 203 -32768 -32768 -32768 -32768
6 -55 31 -153 159 -32768 -32768 -32768 -32768
7 -73 46 -168 174 -32768 -32768 -32768 -32768
8 -92 67 -176 180 -32768 -32768 -32768 -32768
9 -125 99 -209 211 -32768 -32768 -32768 -32768
10 -150 127 -235 237 -32768 -32768 -32768 -32768
11 -164 138 -270 273 -32768 -32768 -32768 -32768
12 -201 175 -304 307 -32768 -32768 -32768 -32768
13 -244 220 -326 330 -32768 -32768 -32768 -32768
14 -283 258 -347 353 -32768 -32768 -32768 -32768
15 -289 265 -377 382 -32768 -32768 -32768 -32768
16 -297 274 -392 397 -32768 -32768 -32768 -32768
17 -307 285 -392 396 -32768 -32768 -32768 -32768
18 -319 296 -381 385 -32768 -32768 -32768 -32768
19 -337 312 -397 404 -32768 -32768 -32768 -32768
20 -352 327 -389 389 -32768 -32768 -32768 -32768
21 -355 331 -405 410 -32768 -32768 -32768 -32768
22 -363 340 -392 397 -32768 -32768 -32768 -32768
23 -369 345 -379 381 -32768 -32768 -32768 -32768
24 -393 369 -394 398 -32768 -32768 -32768 -32768
25 -410 384 -418 425 -32768 -32768 -32768 -32768
26 -427 404 -418 421 -32768 -32768 -32768 -32768
27 -443 417 -429 433 -32768 -32768 -32768 -32768
28 -481 460 -455 459 -32768 -32768 -32768 -32768
29 -498 476 -468 472 -32768 -32768 -32768 -32768
30 -511 489 -474 477 -32768 -32768 -32768 -32768
31 -527 505 -483 491 -32768 -32768 -32768 -32768
32 -550 528 -489 492 -32768 -32768 -32768 -32768
33 -562 539 -493 493 -32768 -32768 -32768 -32768
34 -577 555 -500 501 -32768 -32768 -32768 -32768
35 -590 564 -513 515 -32768 -32768 -32768 -32768
36 -602 580 -509 512 -32768 -32768 -32768 -32768
37 -593 574 -507 510 -32768 -32768 -32768 -32768
38 -595 569 -523 525 -32768 -32768 -32768 -32768
39 -637 614 -497 497 -32768 -32768 -32768 -32768
40 -659 637 -457 454 -32768 -32768 -32768 -32768
41 -663 641 -414 416 -32768 -32768 -32768 -32768
42 -697 672 -375 376 -32768 -32768 -32768 -32768
