OSINK 23
1
16.03.21
Osova
0.0 0.0
0.0
0.00 0.00
-1.00 -1.00
0.00 0.00
20000.00
0.0
50
50
N
1
42
1 -41 20 -217 194 -32768 -32768 -32768 -32768
2 -41 20 -217 194 -32768 -32768 -32768 -32768
3 -39 20 -216 194 -32768 -32768 -32768 -32768
4 -39 20 -216 195 -32768 -32768 -32768 -32768
5 -39 20 -216 195 -32768 -32768 -32768 -32768
6 -54 31 -160 144 -32768 -32768 -32768 -32768
7 -68 49 -181 160 -32768 -32768 -32768 -32768
8 -89 70 -190 166 -32768 -32768 -32768 -32768
9 -117 101 -221 197 -32768 -32768 -32768 -32768
10 -144 128 -254 225 -32768 -32768 -32768 -32768
11 -169 138 -290 260 -32768 -32768 -32768 -32768
12 -188 177 -316 293 -32768 -32768 -32768 -32768
13 -255 221 -334 317 -32768 -32768 -32768 -32768
14 -278 260 -365 337 -32768 -32768 -32768 -32768
15 -290 267 -387 367 -32768 -32768 -32768 -32768
16 -295 275 -410 385 -32768 -32768 -32768 -32768
17 -304 286 -406 381 -32768 -32768 -32768 -32768
18 -316 298 -391 371 -32768 -32768 -32768 -32768
19 -334 315 -412 391 -32768 -32768 -32768 -32768
20 -347 330 -403 379 -32768 -32768 -32768 -32768
21 -350 333 -420 396 -32768 -32768 -32768 -32768
22 -358 341 -408 385 -32768 -32768 -32768 -32768
23 -365 347 -392 369 -32768 -32768 -32768 -32768
24 -393 372 -411 385 -32768 -32768 -32768 -32768
25 -407 386 -433 411 -32768 -32768 -32768 -32768
26 -425 406 -432 407 -32768 -32768 -32768 -32768
27 -437 418 -443 422 -32768 -32768 -32768 -32768
28 -478 459 -470 447 -32768 -32768 -32768 -32768
29 -498 479 -483 461 -32768 -32768 -32768 -32768
30 -509 489 -489 466 -32768 -32768 -32768 -32768
31 -526 506 -498 478 -32768 -32768 -32768 -32768
32 -550 530 -503 479 -32768 -32768 -32768 -32768
33 -558 541 -507 483 -32768 -32768 -32768 -32768
34 -572 554 -515 489 -32768 -32768 -32768 -32768
35 -588 567 -527 503 -32768 -32768 -32768 -32768
36 -600 581 -525 500 -32768 -32768 -32768 -32768
37 -589 575 -522 498 -32768 -32768 -32768 -32768
38 -593 574 -539 514 -32768 -32768 -32768 -32768
39 -636 618 -508 481 -32768 -32768 -32768 -32768
40 -656 640 -470 441 -32768 -32768 -32768 -32768
41 -660 643 -428 404 -32768 -32768 -32768 -32768
42 -696 674 -390 364 -32768 -32768 -32768 -32768
