OSINK 23
1
09.12.20
Osova
0.0 0.0
0.0
0.00 0.00
-1.00 -1.00
0.00 0.00
20000.00
0.0
50
50
N
1
42
1 -34 -27 -198 214 -32768 -32768 -32768 -32768
2 -34 -27 -198 214 -32768 -32768 -32768 -32768
3 -35 -27 -198 214 -32768 -32768 -32768 -32768
4 -35 -28 -198 214 -32768 -32768 -32768 -32768
5 -35 36 -195 187 -32768 -32768 -32768 -32768
6 -45 43 -150 159 -32768 -32768 -32768 -32768
7 -63 62 -165 178 -32768 -32768 -32768 -32768
8 -82 83 -173 189 -32768 -32768 -32768 -32768
9 -115 113 -203 220 -32768 -32768 -32768 -32768
10 -141 144 -231 260 -32768 -32768 -32768 -32768
11 -158 162 -272 289 -32768 -32768 -32768 -32768
12 -191 197 -300 322 -32768 -32768 -32768 -32768
13 -231 253 -321 337 -32768 -32768 -32768 -32768
14 -272 269 -342 361 -32768 -32768 -32768 -32768
15 -280 276 -371 384 -32768 -32768 -32768 -32768
16 -290 291 -388 401 -32768 -32768 -32768 -32768
17 -299 296 -387 392 -32768 -32768 -32768 -32768
18 -311 313 -377 389 -32768 -32768 -32768 -32768
19 -329 328 -392 402 -32768 -32768 -32768 -32768
20 -342 341 -384 401 -32768 -32768 -32768 -32768
21 -345 340 -400 408 -32768 -32768 -32768 -32768
22 -354 347 -388 392 -32768 -32768 -32768 -32768
23 -359 359 -374 387 -32768 -32768 -32768 -32768
24 -385 389 -391 403 -32768 -32768 -32768 -32768
25 -399 395 -413 427 -32768 -32768 -32768 -32768
26 -419 415 -413 421 -32768 -32768 -32768 -32768
27 -436 431 -423 434 -32768 -32768 -32768 -32768
28 -469 470 -448 461 -32768 -32768 -32768 -32768
29 -487 487 -462 474 -32768 -32768 -32768 -32768
30 -505 498 -468 478 -32768 -32768 -32768 -32768
31 -530 522 -482 493 -32768 -32768 -32768 -32768
32 -541 536 -483 494 -32768 -32768 -32768 -32768
33 -552 550 -484 498 -32768 -32768 -32768 -32768
34 -571 564 -493 505 -32768 -32768 -32768 -32768
35 -581 576 -506 516 -32768 -32768 -32768 -32768
36 -595 590 -504 513 -32768 -32768 -32768 -32768
37 -590 579 -500 513 -32768 -32768 -32768 -32768
38 -587 583 -518 529 -32768 -32768 -32768 -32768
39 -630 615 -490 511 -32768 -32768 -32768 -32768
40 -651 643 -449 466 -32768 -32768 -32768 -32768
41 -655 650 -404 425 -32768 -32768 -32768 -32768
42 -690 674 -370 384 -32768 -32768 -32768 -32768
