OSINK 23
1
24.02.21
Osova
0.0 0.0
0.0
0.00 0.00
-1.00 -1.00
0.00 0.00
20000.00
0.0
50
50
N
1
42
1 -40 25 -196 201 -32768 -32768 -32768 -32768
2 -40 25 -196 202 -32768 -32768 -32768 -32768
3 -40 25 -195 202 -32768 -32768 -32768 -32768
4 -40 25 -195 202 -32768 -32768 -32768 -32768
5 -40 25 -195 202 -32768 -32768 -32768 -32768
6 -50 35 -152 158 -32768 -32768 -32768 -32768
7 -67 54 -166 176 -32768 -32768 -32768 -32768
8 -86 70 -174 180 -32768 -32768 -32768 -32768
9 -117 101 -204 210 -32768 -32768 -32768 -32768
10 -146 131 -234 243 -32768 -32768 -32768 -32768
11 -161 144 -271 278 -32768 -32768 -32768 -32768
12 -196 182 -303 311 -32768 -32768 -32768 -32768
13 -237 221 -325 331 -32768 -32768 -32768 -32768
14 -277 262 -346 355 -32768 -32768 -32768 -32768
15 -284 269 -376 383 -32768 -32768 -32768 -32768
16 -293 276 -392 399 -32768 -32768 -32768 -32768
17 -302 288 -390 397 -32768 -32768 -32768 -32768
18 -314 299 -380 387 -32768 -32768 -32768 -32768
19 -333 316 -397 406 -32768 -32768 -32768 -32768
20 -346 330 -388 393 -32768 -32768 -32768 -32768
21 -348 333 -405 412 -32768 -32768 -32768 -32768
22 -358 343 -392 397 -32768 -32768 -32768 -32768
23 -365 347 -379 385 -32768 -32768 -32768 -32768
24 -390 372 -396 400 -32768 -32768 -32768 -32768
25 -404 386 -418 425 -32768 -32768 -32768 -32768
26 -419 408 -418 422 -32768 -32768 -32768 -32768
27 -435 421 -430 436 -32768 -32768 -32768 -32768
28 -478 461 -456 463 -32768 -32768 -32768 -32768
29 -494 479 -468 475 -32768 -32768 -32768 -32768
30 -505 490 -474 480 -32768 -32768 -32768 -32768
31 -524 508 -483 491 -32768 -32768 -32768 -32768
32 -547 530 -490 494 -32768 -32768 -32768 -32768
33 -557 541 -493 498 -32768 -32768 -32768 -32768
34 -571 555 -500 505 -32768 -32768 -32768 -32768
35 -583 568 -511 517 -32768 -32768 -32768 -32768
36 -597 582 -510 515 -32768 -32768 -32768 -32768
37 -586 576 -507 513 -32768 -32768 -32768 -32768
38 -591 573 -524 530 -32768 -32768 -32768 -32768
39 -633 618 -491 499 -32768 -32768 -32768 -32768
40 -654 638 -453 459 -32768 -32768 -32768 -32768
41 -659 644 -412 420 -32768 -32768 -32768 -32768
42 -692 677 -375 378 -32768 -32768 -32768 -32768
