OSINK 23
1
16.06.20
Osova
0.0 0.0
0.0
0.00 0.00
-1.00 -1.00
0.00 0.00
20000.00
0.0
50
50
N
1
42
1 -30 24 -203 206 -209 203 25 -23
2 -30 24 -203 205 -209 203 25 -23
3 -30 24 -203 205 -209 203 25 -23
4 -31 24 -203 205 -209 203 25 -23
5 -30 24 -204 206 -209 203 25 -24
6 -42 38 -164 165 -169 163 39 -37
7 -57 51 -171 174 -176 171 54 -49
8 -76 71 -177 179 -182 175 70 -71
9 -106 101 -206 208 -209 203 104 -103
10 -136 130 -235 237 -236 230 132 -130
11 -151 145 -271 274 -274 269 145 -145
12 -183 177 -304 306 -309 303 172 -173
13 -222 217 -330 331 -327 323 220 -221
14 -271 265 -349 351 -352 347 264 -264
15 -275 269 -379 381 -381 377 267 -266
16 -284 279 -396 397 -399 393 275 -276
17 -298 293 -398 400 -398 393 292 -290
18 -310 305 -386 387 -383 377 305 -305
19 -326 320 -401 405 -406 400 313 -310
20 -341 336 -390 390 -393 389 336 -335
21 -346 340 -405 409 -405 400 340 -337
22 -354 349 -396 397 -395 390 343 -343
23 -358 354 -380 380 -380 375 351 -351
24 -385 379 -395 395 -397 388 375 -375
25 -400 394 -418 420 -416 411 395 -395
26 -419 414 -415 416 -413 408 410 -410
27 -434 429 -425 428 -425 420 428 -427
28 -474 468 -453 455 -454 447 465 -465
29 -489 484 -463 464 -461 456 480 -480
30 -502 497 -468 469 -468 463 491 -491
31 -519 513 -477 480 -483 475 511 -512
32 -543 538 -479 481 -480 472 530 -530
33 -553 549 -483 483 -480 475 542 -542
34 -565 562 -491 491 -490 483 556 -555
35 -580 576 -501 501 -500 495 570 -569
36 -594 588 -505 505 -505 500 585 -585
37 -584 579 -500 503 -497 492 572 -570
38 -586 581 -519 520 -519 516 580 -578
39 -630 626 -487 486 -482 479 618 -616
40 -650 645 -449 448 -447 439 640 -641
41 -654 649 -410 410 -409 402 642 -644
42 -689 685 -372 372 -373 366 681 -680
