OSINK 23
1
16.02.21
Osova
0.0 0.0
0.0
0.00 0.00
-1.00 -1.00
0.00 0.00
20000.00
0.0
50
50
N
1
42
1 -34 32 -199 203 -32768 -32768 -32768 -32768
2 -34 32 -199 203 -32768 -32768 -32768 -32768
3 -34 32 -199 202 -32768 -32768 -32768 -32768
4 -33 32 -200 202 -32768 -32768 -32768 -32768
5 -33 32 -200 202 -32768 -32768 -32768 -32768
6 -46 40 -153 158 -32768 -32768 -32768 -32768
7 -63 58 -167 174 -32768 -32768 -32768 -32768
8 -84 77 -175 181 -32768 -32768 -32768 -32768
9 -112 108 -205 212 -32768 -32768 -32768 -32768
10 -141 135 -235 240 -32768 -32768 -32768 -32768
11 -154 148 -268 275 -32768 -32768 -32768 -32768
12 -193 185 -304 307 -32768 -32768 -32768 -32768
13 -242 235 -327 333 -32768 -32768 -32768 -32768
14 -274 266 -348 354 -32768 -32768 -32768 -32768
15 -280 275 -378 383 -32768 -32768 -32768 -32768
16 -288 283 -392 399 -32768 -32768 -32768 -32768
17 -298 293 -391 398 -32768 -32768 -32768 -32768
18 -309 304 -381 386 -32768 -32768 -32768 -32768
19 -329 322 -398 406 -32768 -32768 -32768 -32768
20 -342 336 -388 392 -32768 -32768 -32768 -32768
21 -343 340 -405 410 -32768 -32768 -32768 -32768
22 -354 348 -393 400 -32768 -32768 -32768 -32768
23 -357 355 -378 384 -32768 -32768 -32768 -32768
24 -383 381 -395 400 -32768 -32768 -32768 -32768
25 -399 394 -419 426 -32768 -32768 -32768 -32768
26 -416 412 -420 422 -32768 -32768 -32768 -32768
27 -434 425 -432 434 -32768 -32768 -32768 -32768
28 -472 466 -457 460 -32768 -32768 -32768 -32768
29 -490 484 -469 475 -32768 -32768 -32768 -32768
30 -501 497 -475 479 -32768 -32768 -32768 -32768
31 -520 512 -484 492 -32768 -32768 -32768 -32768
32 -540 536 -492 494 -32768 -32768 -32768 -32768
33 -552 547 -492 498 -32768 -32768 -32768 -32768
34 -566 560 -499 504 -32768 -32768 -32768 -32768
35 -579 574 -512 518 -32768 -32768 -32768 -32768
36 -592 589 -511 514 -32768 -32768 -32768 -32768
37 -582 583 -509 512 -32768 -32768 -32768 -32768
38 -582 578 -525 529 -32768 -32768 -32768 -32768
39 -625 621 -499 503 -32768 -32768 -32768 -32768
40 -649 644 -456 460 -32768 -32768 -32768 -32768
41 -652 649 -417 420 -32768 -32768 -32768 -32768
42 -689 683 -376 378 -32768 -32768 -32768 -32768
