OSINK 23
1
19.01.21
Osova
0.0 0.0
0.0
0.00 0.00
-1.00 -1.00
0.00 0.00
20000.00
0.0
50
50
N
1
42
1 -37 26 -198 206 -32768 -32768 -32768 -32768
2 -37 26 -198 206 -32768 -32768 -32768 -32768
3 -37 26 -198 206 -32768 -32768 -32768 -32768
4 -37 26 -198 206 -32768 -32768 -32768 -32768
5 -37 26 -198 206 -32768 -32768 -32768 -32768
6 -46 38 -153 158 -32768 -32768 -32768 -32768
7 -64 56 -168 174 -32768 -32768 -32768 -32768
8 -84 74 -175 181 -32768 -32768 -32768 -32768
9 -115 105 -207 213 -32768 -32768 -32768 -32768
10 -143 132 -237 239 -32768 -32768 -32768 -32768
11 -158 145 -271 276 -32768 -32768 -32768 -32768
12 -194 181 -305 308 -32768 -32768 -32768 -32768
13 -235 223 -326 331 -32768 -32768 -32768 -32768
14 -274 263 -347 353 -32768 -32768 -32768 -32768
15 -281 271 -374 381 -32768 -32768 -32768 -32768
16 -290 279 -392 398 -32768 -32768 -32768 -32768
17 -300 290 -393 399 -32768 -32768 -32768 -32768
18 -311 301 -381 386 -32768 -32768 -32768 -32768
19 -328 319 -397 405 -32768 -32768 -32768 -32768
20 -343 333 -389 392 -32768 -32768 -32768 -32768
21 -346 337 -405 410 -32768 -32768 -32768 -32768
22 -355 346 -394 397 -32768 -32768 -32768 -32768
23 -359 350 -379 383 -32768 -32768 -32768 -32768
24 -385 378 -396 401 -32768 -32768 -32768 -32768
25 -400 391 -419 426 -32768 -32768 -32768 -32768
26 -419 410 -418 422 -32768 -32768 -32768 -32768
27 -433 423 -431 434 -32768 -32768 -32768 -32768
28 -475 463 -459 461 -32768 -32768 -32768 -32768
29 -492 481 -469 473 -32768 -32768 -32768 -32768
30 -502 493 -475 479 -32768 -32768 -32768 -32768
31 -521 510 -485 491 -32768 -32768 -32768 -32768
32 -543 534 -490 493 -32768 -32768 -32768 -32768
33 -554 545 -493 497 -32768 -32768 -32768 -32768
34 -567 559 -500 502 -32768 -32768 -32768 -32768
35 -580 571 -513 517 -32768 -32768 -32768 -32768
36 -594 584 -511 515 -32768 -32768 -32768 -32768
37 -587 578 -508 513 -32768 -32768 -32768 -32768
38 -586 576 -523 529 -32768 -32768 -32768 -32768
39 -631 621 -492 495 -32768 -32768 -32768 -32768
40 -651 644 -453 456 -32768 -32768 -32768 -32768
41 -655 646 -416 418 -32768 -32768 -32768 -32768
42 -689 681 -376 378 -32768 -32768 -32768 -32768
