OSINK 23
1
16.12.20
Osova
0.0 0.0
0.0
0.00 0.00
-1.00 -1.00
0.00 0.00
20000.00
0.0
50
50
N
1
42
1 -38 24 -198 204 -32768 -32768 -32768 -32768
2 -38 24 -198 204 -32768 -32768 -32768 -32768
3 -38 24 -198 204 -32768 -32768 -32768 -32768
4 -38 24 -198 204 -32768 -32768 -32768 -32768
5 -38 24 -198 204 -32768 -32768 -32768 -32768
6 -48 35 -154 158 -32768 -32768 -32768 -32768
7 -65 52 -166 173 -32768 -32768 -32768 -32768
8 -86 71 -177 180 -32768 -32768 -32768 -32768
9 -114 104 -204 212 -32768 -32768 -32768 -32768
10 -143 129 -233 237 -32768 -32768 -32768 -32768
11 -157 143 -269 275 -32768 -32768 -32768 -32768
12 -193 179 -301 307 -32768 -32768 -32768 -32768
13 -233 223 -324 329 -32768 -32768 -32768 -32768
14 -276 261 -345 351 -32768 -32768 -32768 -32768
15 -283 269 -374 378 -32768 -32768 -32768 -32768
16 -291 277 -390 395 -32768 -32768 -32768 -32768
17 -302 287 -392 397 -32768 -32768 -32768 -32768
18 -314 300 -380 384 -32768 -32768 -32768 -32768
19 -331 317 -396 403 -32768 -32768 -32768 -32768
20 -346 332 -387 390 -32768 -32768 -32768 -32768
21 -349 336 -403 408 -32768 -32768 -32768 -32768
22 -358 344 -393 396 -32768 -32768 -32768 -32768
23 -362 350 -377 380 -32768 -32768 -32768 -32768
24 -387 375 -393 396 -32768 -32768 -32768 -32768
25 -402 389 -416 422 -32768 -32768 -32768 -32768
26 -421 408 -416 418 -32768 -32768 -32768 -32768
27 -436 422 -427 430 -32768 -32768 -32768 -32768
28 -475 463 -453 459 -32768 -32768 -32768 -32768
29 -493 484 -466 468 -32768 -32768 -32768 -32768
30 -504 490 -473 477 -32768 -32768 -32768 -32768
31 -522 508 -481 488 -32768 -32768 -32768 -32768
32 -546 532 -486 492 -32768 -32768 -32768 -32768
33 -556 543 -489 495 -32768 -32768 -32768 -32768
34 -568 557 -498 501 -32768 -32768 -32768 -32768
35 -582 570 -510 514 -32768 -32768 -32768 -32768
36 -596 583 -509 511 -32768 -32768 -32768 -32768
37 -590 579 -504 508 -32768 -32768 -32768 -32768
38 -586 575 -522 525 -32768 -32768 -32768 -32768
39 -631 617 -495 498 -32768 -32768 -32768 -32768
40 -653 641 -456 456 -32768 -32768 -32768 -32768
41 -656 645 -413 418 -32768 -32768 -32768 -32768
42 -691 676 -374 376 -32768 -32768 -32768 -32768
