OSINK 23
1
12.01.21
Osova
0.0 0.0
0.0
0.00 0.00
-1.00 -1.00
0.00 0.00
20000.00
0.0
50
50
N
1
42
1 -37 23 -202 194 -32768 -32768 -32768 -32768
2 -37 23 -202 194 -32768 -32768 -32768 -32768
3 -37 23 -202 194 -32768 -32768 -32768 -32768
4 -37 18 -202 194 -32768 -32768 -32768 -32768
5 -40 18 -197 194 -32768 -32768 -32768 -32768
6 -52 32 -152 150 -32768 -32768 -32768 -32768
7 -64 45 -165 163 -32768 -32768 -32768 -32768
8 -86 68 -173 171 -32768 -32768 -32768 -32768
9 -117 98 -205 202 -32768 -32768 -32768 -32768
10 -145 125 -234 229 -32768 -32768 -32768 -32768
11 -156 141 -269 267 -32768 -32768 -32768 -32768
12 -193 174 -304 295 -32768 -32768 -32768 -32768
13 -231 218 -325 320 -32768 -32768 -32768 -32768
14 -276 259 -346 340 -32768 -32768 -32768 -32768
15 -283 266 -374 370 -32768 -32768 -32768 -32768
16 -292 275 -391 388 -32768 -32768 -32768 -32768
17 -303 287 -392 388 -32768 -32768 -32768 -32768
18 -314 299 -381 375 -32768 -32768 -32768 -32768
19 -332 313 -398 395 -32768 -32768 -32768 -32768
20 -346 330 -388 383 -32768 -32768 -32768 -32768
21 -350 331 -404 400 -32768 -32768 -32768 -32768
22 -357 340 -392 390 -32768 -32768 -32768 -32768
23 -365 348 -378 374 -32768 -32768 -32768 -32768
24 -387 368 -395 389 -32768 -32768 -32768 -32768
25 -401 386 -417 415 -32768 -32768 -32768 -32768
26 -420 406 -417 411 -32768 -32768 -32768 -32768
27 -436 417 -427 421 -32768 -32768 -32768 -32768
28 -476 457 -455 448 -32768 -32768 -32768 -32768
29 -491 477 -467 462 -32768 -32768 -32768 -32768
30 -506 488 -473 468 -32768 -32768 -32768 -32768
31 -524 500 -483 479 -32768 -32768 -32768 -32768
32 -546 530 -487 481 -32768 -32768 -32768 -32768
33 -565 539 -492 485 -32768 -32768 -32768 -32768
34 -568 551 -499 492 -32768 -32768 -32768 -32768
35 -583 565 -512 508 -32768 -32768 -32768 -32768
36 -597 577 -510 503 -32768 -32768 -32768 -32768
37 -590 574 -506 501 -32768 -32768 -32768 -32768
38 -589 571 -523 516 -32768 -32768 -32768 -32768
39 -631 614 -496 492 -32768 -32768 -32768 -32768
40 -655 639 -455 450 -32768 -32768 -32768 -32768
41 -658 642 -415 410 -32768 -32768 -32768 -32768
42 -689 669 -377 372 -32768 -32768 -32768 -32768
