OSINK 9B
1
17.12.20
Osova
0.0 0.0
0.0
0.00 0.00
-1.00 -1.00
0.00 0.00
20000.00
0.0
50
50
N
1
52
1 50 -76 -48 46 -32768 -32768 -32768 -32768
2 50 -76 -48 46 -32768 -32768 -32768 -32768
3 50 -77 -48 45 -32768 -32768 -32768 -32768
4 49 -77 -48 45 -32768 -32768 -32768 -32768
5 49 -77 -48 45 -32768 -32768 -32768 -32768
6 49 -75 -48 46 -32768 -32768 -32768 -32768
7 50 -75 -48 46 -32768 -32768 -32768 -32768
8 50 -75 -48 46 -32768 -32768 -32768 -32768
9 50 -77 -48 44 -32768 -32768 -32768 -32768
10 49 -77 -49 44 -32768 -32768 -32768 -32768
11 49 -77 -49 44 -32768 -32768 -32768 -32768
12 49 -75 -49 45 -32768 -32768 -32768 -32768
13 52 -75 -49 45 -32768 -32768 -32768 -32768
14 61 -78 -50 46 -32768 -32768 -32768 -32768
15 61 -78 -50 46 -32768 -32768 -32768 -32768
16 10 -39 -25 21 -32768 -32768 -32768 -32768
17 19 -54 -62 72 -32768 -32768 -32768 -32768
18 22 -49 -95 100 -32768 -32768 -32768 -32768
19 18 -40 -119 119 -32768 -32768 -32768 -32768
20 4 -33 -134 135 -32768 -32768 -32768 -32768
21 -5 -22 -153 156 -32768 -32768 -32768 -32768
22 -10 -16 -190 193 -32768 -32768 -32768 -32768
23 44 -72 -209 208 -32768 -32768 -32768 -32768
24 54 -81 -194 197 -32768 -32768 -32768 -32768
25 69 -95 -180 180 -32768 -32768 -32768 -32768
26 79 -106 -166 166 -32768 -32768 -32768 -32768
27 74 -102 -158 158 -32768 -32768 -32768 -32768
28 119 -145 -157 160 -32768 -32768 -32768 -32768
29 181 -209 -204 203 -32768 -32768 -32768 -32768
30 169 -196 -180 186 -32768 -32768 -32768 -32768
31 153 -179 -160 161 -32768 -32768 -32768 -32768
32 141 -167 -144 142 -32768 -32768 -32768 -32768
33 139 -167 -114 118 -32768 -32768 -32768 -32768
34 148 -178 -107 109 -32768 -32768 -32768 -32768
35 205 -242 -174 182 -32768 -32768 -32768 -32768
36 216 -242 -210 211 -32768 -32768 -32768 -32768
37 183 -210 -202 205 -32768 -32768 -32768 -32768
38 147 -173 -188 191 -32768 -32768 -32768 -32768
39 122 -150 -193 192 -32768 -32768 -32768 -32768
40 113 -138 -207 208 -32768 -32768 -32768 -32768
41 116 -144 -206 206 -32768 -32768 -32768 -32768
42 148 -175 -196 199 -32768 -32768 -32768 -32768
43 189 -215 -204 206 -32768 -32768 -32768 -32768
44 227 -253 -189 192 -32768 -32768 -32768 -32768
45 222 -248 -137 141 -32768 -32768 -32768 -32768
46 239 -266 -105 107 -32768 -32768 -32768 -32768
47 398 -417 -128 124 -32768 -32768 -32768 -32768
48 441 -468 -95 96 -32768 -32768 -32768 -32768
49 463 -489 -61 64 -32768 -32768 -32768 -32768
50 484 -512 -28 29 -32768 -32768 -32768 -32768
51 485 -512 -9 8 -32768 -32768 -32768 -32768
52 518 -542 14 -11 -32768 -32768 -32768 -32768
