OSINK 9B
1
17.09.20
Osova
0.0 0.0
0.0
0.00 0.00
-1.00 -1.00
0.00 0.00
20000.00
0.0
50
50
N
1
52
1 -19 6 229 -219 -32768 -32768 -32768 -32768
2 -19 6 229 -219 -32768 -32768 -32768 -32768
3 -19 6 229 -219 -32768 -32768 -32768 -32768
4 -19 6 229 -219 -32768 -32768 -32768 -32768
5 -19 6 229 -219 -32768 -32768 -32768 -32768
6 -20 6 229 -219 -32768 -32768 -32768 -32768
7 -24 8 229 -217 -32768 -32768 -32768 -32768
8 -53 38 126 -124 -32768 -32768 -32768 -32768
9 -13 -1 70 -62 -32768 -32768 -32768 -32768
10 19 -34 70 -62 -32768 -32768 -32768 -32768
11 54 -67 9 -4 -32768 -32768 -32768 -32768
12 92 -107 -35 44 -32768 -32768 -32768 -32768
13 97 -111 -50 58 -32768 -32768 -32768 -32768
14 80 -94 -37 45 -32768 -32768 -32768 -32768
15 57 -70 -33 41 -32768 -32768 -32768 -32768
16 38 -52 -26 33 -32768 -32768 -32768 -32768
17 35 -51 -45 53 -32768 -32768 -32768 -32768
18 37 -53 -89 98 -32768 -32768 -32768 -32768
19 35 -50 -114 122 -32768 -32768 -32768 -32768
20 20 -35 -128 135 -32768 -32768 -32768 -32768
21 4 -20 -145 153 -32768 -32768 -32768 -32768
22 1 -16 -181 189 -32768 -32768 -32768 -32768
23 37 -50 -207 213 -32768 -32768 -32768 -32768
24 63 -77 -191 201 -32768 -32768 -32768 -32768
25 73 -88 -181 188 -32768 -32768 -32768 -32768
26 85 -99 -164 171 -32768 -32768 -32768 -32768
27 72 -87 -151 158 -32768 -32768 -32768 -32768
28 111 -125 -151 160 -32768 -32768 -32768 -32768
29 179 -194 -196 202 -32768 -32768 -32768 -32768
30 176 -190 -180 190 -32768 -32768 -32768 -32768
31 159 -173 -160 168 -32768 -32768 -32768 -32768
32 148 -162 -142 148 -32768 -32768 -32768 -32768
33 145 -160 -116 124 -32768 -32768 -32768 -32768
34 154 -169 -106 113 -32768 -32768 -32768 -32768
35 210 -224 -165 170 -32768 -32768 -32768 -32768
36 226 -242 -207 215 -32768 -32768 -32768 -32768
37 189 -204 -200 208 -32768 -32768 -32768 -32768
38 155 -167 -186 194 -32768 -32768 -32768 -32768
39 128 -143 -187 194 -32768 -32768 -32768 -32768
40 116 -131 -203 211 -32768 -32768 -32768 -32768
41 120 -135 -202 210 -32768 -32768 -32768 -32768
42 150 -165 -194 202 -32768 -32768 -32768 -32768
43 190 -206 -200 208 -32768 -32768 -32768 -32768
44 231 -244 -188 199 -32768 -32768 -32768 -32768
45 227 -241 -138 146 -32768 -32768 -32768 -32768
46 244 -259 -102 112 -32768 -32768 -32768 -32768
47 404 -420 -126 128 -32768 -32768 -32768 -32768
48 445 -461 -94 101 -32768 -32768 -32768 -32768
49 468 -483 -57 66 -32768 -32768 -32768 -32768
50 489 -504 -28 36 -32768 -32768 -32768 -32768
51 492 -506 -5 12 -32768 -32768 -32768 -32768
52 522 -538 17 -10 -32768 -32768 -32768 -32768
