OSINK 9B
1
03.02.21
Osova
0.0 0.0
0.0
0.00 0.00
-1.00 -1.00
0.00 0.00
20000.00
0.0
50
50
N
1
52
1 52 -66 -23 27 -32768 -32768 -32768 -32768
2 52 -66 -22 27 -32768 -32768 -32768 -32768
3 52 -66 -23 27 -32768 -32768 -32768 -32768
4 52 -66 -23 27 -32768 -32768 -32768 -32768
5 53 -66 -22 27 -32768 -32768 -32768 -32768
6 53 -66 -23 27 -32768 -32768 -32768 -32768
7 53 -65 -23 26 -32768 -32768 -32768 -32768
8 53 -65 -23 26 -32768 -32768 -32768 -32768
9 53 -65 -23 26 -32768 -32768 -32768 -32768
10 53 -65 -23 26 -32768 -32768 -32768 -32768
11 53 -65 -23 26 -32768 -32768 -32768 -32768
12 53 -65 -23 26 -32768 -32768 -32768 -32768
13 53 -65 -23 26 -32768 -32768 -32768 -32768
14 53 -67 -23 26 -32768 -32768 -32768 -32768
15 54 -67 -22 26 -32768 -32768 -32768 -32768
16 16 -34 -30 36 -32768 -32768 -32768 -32768
17 14 -35 -57 63 -32768 -32768 -32768 -32768
18 22 -41 -95 105 -32768 -32768 -32768 -32768
19 22 -39 -117 123 -32768 -32768 -32768 -32768
20 8 -27 -131 138 -32768 -32768 -32768 -32768
21 -2 -15 -149 156 -32768 -32768 -32768 -32768
22 -6 -11 -187 195 -32768 -32768 -32768 -32768
23 42 -60 -207 212 -32768 -32768 -32768 -32768
24 59 -76 -191 201 -32768 -32768 -32768 -32768
25 73 -88 -178 186 -32768 -32768 -32768 -32768
26 85 -104 -163 171 -32768 -32768 -32768 -32768
27 82 -97 -156 162 -32768 -32768 -32768 -32768
28 118 -133 -152 161 -32768 -32768 -32768 -32768
29 189 -208 -202 207 -32768 -32768 -32768 -32768
30 174 -193 -178 190 -32768 -32768 -32768 -32768
31 157 -177 -158 168 -32768 -32768 -32768 -32768
32 146 -163 -142 149 -32768 -32768 -32768 -32768
33 144 -161 -113 122 -32768 -32768 -32768 -32768
34 154 -170 -105 113 -32768 -32768 -32768 -32768
35 213 -231 -171 174 -32768 -32768 -32768 -32768
36 226 -243 -208 215 -32768 -32768 -32768 -32768
37 188 -207 -200 209 -32768 -32768 -32768 -32768
38 153 -170 -185 194 -32768 -32768 -32768 -32768
39 129 -145 -187 193 -32768 -32768 -32768 -32768
40 116 -134 -204 211 -32768 -32768 -32768 -32768
41 120 -137 -204 209 -32768 -32768 -32768 -32768
42 148 -165 -194 202 -32768 -32768 -32768 -32768
43 190 -207 -200 208 -32768 -32768 -32768 -32768
44 230 -247 -193 202 -32768 -32768 -32768 -32768
45 226 -243 -140 147 -32768 -32768 -32768 -32768
46 239 -257 -105 111 -32768 -32768 -32768 -32768
47 381 -409 -119 126 -32768 -32768 -32768 -32768
48 444 -460 -95 103 -32768 -32768 -32768 -32768
49 467 -483 -60 67 -32768 -32768 -32768 -32768
50 488 -505 -29 38 -32768 -32768 -32768 -32768
51 492 -508 -4 12 -32768 -32768 -32768 -32768
52 517 -533 12 -4 -32768 -32768 -32768 -32768
