OSINK 9B
1
31.03.21
Osova
0.0 0.0
0.0
0.00 0.00
-1.00 -1.00
0.00 0.00
20000.00
0.0
50
50
N
1
52
1 58 -74 -27 22 -32768 -32768 -32768 -32768
2 58 -72 -27 21 -32768 -32768 -32768 -32768
3 58 -72 -27 21 -32768 -32768 -32768 -32768
4 59 -72 -28 21 -32768 -32768 -32768 -32768
5 59 -72 -28 20 -32768 -32768 -32768 -32768
6 59 -72 -28 20 -32768 -32768 -32768 -32768
7 59 -72 -28 20 -32768 -32768 -32768 -32768
8 57 -72 -28 20 -32768 -32768 -32768 -32768
9 57 -72 -28 20 -32768 -32768 -32768 -32768
10 57 -72 -30 20 -32768 -32768 -32768 -32768
11 57 -73 -30 20 -32768 -32768 -32768 -32768
12 57 -73 -30 20 -32768 -32768 -32768 -32768
13 57 -73 -27 20 -32768 -32768 -32768 -32768
14 57 -72 -27 20 -32768 -32768 -32768 -32768
15 57 -72 -27 20 -32768 -32768 -32768 -32768
16 27 -45 -27 26 -32768 -32768 -32768 -32768
17 25 -42 -75 74 -32768 -32768 -32768 -32768
18 26 -42 -104 103 -32768 -32768 -32768 -32768
19 22 -38 -124 119 -32768 -32768 -32768 -32768
20 10 -25 -136 135 -32768 -32768 -32768 -32768
21 0 -15 -158 155 -32768 -32768 -32768 -32768
22 -5 -7 -193 190 -32768 -32768 -32768 -32768
23 42 -74 -213 210 -32768 -32768 -32768 -32768
24 61 -76 -196 196 -32768 -32768 -32768 -32768
25 76 -91 -182 178 -32768 -32768 -32768 -32768
26 88 -102 -168 165 -32768 -32768 -32768 -32768
27 85 -100 -162 159 -32768 -32768 -32768 -32768
28 122 -141 -158 158 -32768 -32768 -32768 -32768
29 194 -211 -209 204 -32768 -32768 -32768 -32768
30 176 -191 -183 183 -32768 -32768 -32768 -32768
31 159 -176 -161 158 -32768 -32768 -32768 -32768
32 148 -163 -145 141 -32768 -32768 -32768 -32768
33 146 -163 -117 115 -32768 -32768 -32768 -32768
34 150 -171 -102 107 -32768 -32768 -32768 -32768
35 223 -237 -192 180 -32768 -32768 -32768 -32768
36 223 -237 -214 210 -32768 -32768 -32768 -32768
37 190 -205 -204 202 -32768 -32768 -32768 -32768
38 152 -168 -190 187 -32768 -32768 -32768 -32768
39 130 -145 -195 190 -32768 -32768 -32768 -32768
40 120 -134 -209 206 -32768 -32768 -32768 -32768
41 123 -138 -208 205 -32768 -32768 -32768 -32768
42 153 -168 -199 196 -32768 -32768 -32768 -32768
43 195 -210 -207 204 -32768 -32768 -32768 -32768
44 234 -249 -191 191 -32768 -32768 -32768 -32768
45 227 -243 -137 135 -32768 -32768 -32768 -32768
46 245 -261 -108 105 -32768 -32768 -32768 -32768
47 396 -420 -131 122 -32768 -32768 -32768 -32768
48 447 -461 -98 95 -32768 -32768 -32768 -32768
49 469 -485 -63 61 -32768 -32768 -32768 -32768
50 490 -506 -30 28 -32768 -32768 -32768 -32768
51 492 -507 -9 4 -32768 -32768 -32768 -32768
52 525 -520 13 -7 -32768 -32768 -32768 -32768
