OSINK 9B
1
03.12.20
Osova
0.0 0.0
0.0
0.00 0.00
-1.00 -1.00
0.00 0.00
20000.00
0.0
50
50
N
1
52
1 52 -60 -49 50 -32768 -32768 -32768 -32768
2 52 -60 -49 50 -32768 -32768 -32768 -32768
3 52 -60 -49 49 -32768 -32768 -32768 -32768
4 62 -60 -53 49 -32768 -32768 -32768 -32768
5 62 -60 -53 50 -32768 -32768 -32768 -32768
6 79 -60 -47 49 -32768 -32768 -32768 -32768
7 61 -58 -56 49 -32768 -32768 -32768 -32768
8 61 -60 -56 50 -32768 -32768 -32768 -32768
9 61 -57 -56 50 -32768 -32768 -32768 -32768
10 68 -57 -61 50 -32768 -32768 -32768 -32768
11 68 -59 -61 49 -32768 -32768 -32768 -32768
12 62 -59 -58 49 -32768 -32768 -32768 -32768
13 72 -56 -55 50 -32768 -32768 -32768 -32768
14 69 -56 -48 50 -32768 -32768 -32768 -32768
15 59 -61 -49 50 -32768 -32768 -32768 -32768
16 28 -35 -19 27 -32768 -32768 -32768 -32768
17 38 -48 -65 75 -32768 -32768 -32768 -32768
18 38 -42 -91 102 -32768 -32768 -32768 -32768
19 32 -36 -117 122 -32768 -32768 -32768 -32768
20 16 -22 -132 138 -32768 -32768 -32768 -32768
21 7 -11 -153 158 -32768 -32768 -32768 -32768
22 -3 -4 -195 196 -32768 -32768 -32768 -32768
23 64 -61 -206 211 -32768 -32768 -32768 -32768
24 66 -69 -192 200 -32768 -32768 -32768 -32768
25 81 -83 -177 183 -32768 -32768 -32768 -32768
26 90 -94 -163 169 -32768 -32768 -32768 -32768
27 87 -86 -155 160 -32768 -32768 -32768 -32768
28 135 -133 -157 164 -32768 -32768 -32768 -32768
29 187 -195 -200 207 -32768 -32768 -32768 -32768
30 180 -183 -179 190 -32768 -32768 -32768 -32768
31 162 -168 -157 164 -32768 -32768 -32768 -32768
32 151 -154 -141 147 -32768 -32768 -32768 -32768
33 150 -154 -113 121 -32768 -32768 -32768 -32768
34 156 -165 -99 113 -32768 -32768 -32768 -32768
35 223 -225 -180 177 -32768 -32768 -32768 -32768
36 227 -229 -210 216 -32768 -32768 -32768 -32768
37 193 -196 -200 208 -32768 -32768 -32768 -32768
38 154 -159 -185 194 -32768 -32768 -32768 -32768
39 132 -137 -191 195 -32768 -32768 -32768 -32768
40 123 -128 -205 212 -32768 -32768 -32768 -32768
41 127 -133 -204 211 -32768 -32768 -32768 -32768
42 144 -161 -194 202 -32768 -32768 -32768 -32768
43 199 -204 -203 211 -32768 -32768 -32768 -32768
44 238 -242 -187 199 -32768 -32768 -32768 -32768
45 233 -236 -138 144 -32768 -32768 -32768 -32768
46 249 -253 -107 111 -32768 -32768 -32768 -32768
47 403 -420 -123 129 -32768 -32768 -32768 -32768
48 449 -452 -98 107 -32768 -32768 -32768 -32768
49 475 -479 -52 68 -32768 -32768 -32768 -32768
50 499 -499 -22 38 -32768 -32768 -32768 -32768
51 498 -501 -5 12 -32768 -32768 -32768 -32768
52 528 -532 15 -8 -32768 -32768 -32768 -32768
