OSINK 9B
1
22.10.20
Osova
0.0 0.0
0.0
0.00 0.00
-1.00 -1.00
0.00 0.00
20000.00
0.0
50
50
N
1
52
1 -8 8 215 -210 -32768 -32768 -32768 -32768
2 -8 8 215 -210 -32768 -32768 -32768 -32768
3 -8 8 215 -210 -32768 -32768 -32768 -32768
4 -9 8 214 -210 -32768 -32768 -32768 -32768
5 -9 8 214 -210 -32768 -32768 -32768 -32768
6 -8 8 214 -210 -32768 -32768 -32768 -32768
7 -9 8 216 -212 -32768 -32768 -32768 -32768
8 -31 31 133 -131 -32768 -32768 -32768 -32768
9 -5 5 72 -70 -32768 -32768 -32768 -32768
10 24 -25 68 -66 -32768 -32768 -32768 -32768
11 58 -59 12 -10 -32768 -32768 -32768 -32768
12 98 -99 -37 39 -32768 -32768 -32768 -32768
13 101 -103 -52 54 -32768 -32768 -32768 -32768
14 85 -85 -40 41 -32768 -32768 -32768 -32768
15 63 -63 -36 37 -32768 -32768 -32768 -32768
16 44 -45 -30 30 -32768 -32768 -32768 -32768
17 43 -44 -50 50 -32768 -32768 -32768 -32768
18 43 -45 -93 96 -32768 -32768 -32768 -32768
19 44 -44 -117 118 -32768 -32768 -32768 -32768
20 27 -28 -132 131 -32768 -32768 -32768 -32768
21 12 -11 -149 150 -32768 -32768 -32768 -32768
22 8 -9 -185 187 -32768 -32768 -32768 -32768
23 46 -46 -210 210 -32768 -32768 -32768 -32768
24 71 -71 -194 199 -32768 -32768 -32768 -32768
25 81 -82 -184 186 -32768 -32768 -32768 -32768
26 93 -94 -167 167 -32768 -32768 -32768 -32768
27 82 -81 -155 155 -32768 -32768 -32768 -32768
28 119 -120 -154 157 -32768 -32768 -32768 -32768
29 190 -190 -200 199 -32768 -32768 -32768 -32768
30 183 -185 -182 187 -32768 -32768 -32768 -32768
31 168 -168 -163 164 -32768 -32768 -32768 -32768
32 156 -156 -145 146 -32768 -32768 -32768 -32768
33 152 -154 -118 120 -32768 -32768 -32768 -32768
34 160 -162 -109 110 -32768 -32768 -32768 -32768
35 218 -218 -169 167 -32768 -32768 -32768 -32768
36 235 -237 -210 212 -32768 -32768 -32768 -32768
37 197 -198 -203 205 -32768 -32768 -32768 -32768
38 160 -161 -189 190 -32768 -32768 -32768 -32768
39 136 -136 -189 190 -32768 -32768 -32768 -32768
40 124 -124 -206 208 -32768 -32768 -32768 -32768
41 128 -128 -205 207 -32768 -32768 -32768 -32768
42 156 -158 -197 198 -32768 -32768 -32768 -32768
43 197 -199 -202 204 -32768 -32768 -32768 -32768
44 238 -238 -193 195 -32768 -32768 -32768 -32768
45 234 -235 -141 142 -32768 -32768 -32768 -32768
46 251 -252 -106 107 -32768 -32768 -32768 -32768
47 405 -411 -128 124 -32768 -32768 -32768 -32768
48 454 -454 -95 97 -32768 -32768 -32768 -32768
49 477 -476 -59 62 -32768 -32768 -32768 -32768
50 495 -496 -31 31 -32768 -32768 -32768 -32768
51 499 -499 -7 8 -32768 -32768 -32768 -32768
52 531 -530 15 -13 -32768 -32768 -32768 -32768
