OSINK 9B
1
06.01.21
Osova
0.0 0.0
0.0
0.00 0.00
-1.00 -1.00
0.00 0.00
20000.00
0.0
50
50
N
1
52
1 58 -71 -43 39 -32768 -32768 -32768 -32768
2 58 -71 -43 39 -32768 -32768 -32768 -32768
3 58 -71 -43 39 -32768 -32768 -32768 -32768
4 58 -72 -43 38 -32768 -32768 -32768 -32768
5 58 -72 -43 38 -32768 -32768 -32768 -32768
6 58 -71 -43 38 -32768 -32768 -32768 -32768
7 58 -71 -43 38 -32768 -32768 -32768 -32768
8 58 -71 -43 38 -32768 -32768 -32768 -32768
9 58 -71 -43 38 -32768 -32768 -32768 -32768
10 58 -71 -43 38 -32768 -32768 -32768 -32768
11 58 -71 -43 38 -32768 -32768 -32768 -32768
12 58 -71 -43 38 -32768 -32768 -32768 -32768
13 58 -71 -43 38 -32768 -32768 -32768 -32768
14 58 -70 -43 38 -32768 -32768 -32768 -32768
15 58 -70 -43 38 -32768 -32768 -32768 -32768
16 12 -25 -25 22 -32768 -32768 -32768 -32768
17 20 -35 -65 64 -32768 -32768 -32768 -32768
18 26 -41 -98 101 -32768 -32768 -32768 -32768
19 24 -38 -120 119 -32768 -32768 -32768 -32768
20 8 -26 -131 135 -32768 -32768 -32768 -32768
21 0 -16 -155 154 -32768 -32768 -32768 -32768
22 -3 -10 -192 193 -32768 -32768 -32768 -32768
23 50 -66 -209 207 -32768 -32768 -32768 -32768
24 58 -75 -195 196 -32768 -32768 -32768 -32768
25 76 -89 -180 180 -32768 -32768 -32768 -32768
26 86 -100 -166 165 -32768 -32768 -32768 -32768
27 84 -98 -158 158 -32768 -32768 -32768 -32768
28 126 -141 -158 159 -32768 -32768 -32768 -32768
29 189 -205 -205 201 -32768 -32768 -32768 -32768
30 176 -194 -180 185 -32768 -32768 -32768 -32768
31 159 -172 -160 161 -32768 -32768 -32768 -32768
32 149 -161 -143 142 -32768 -32768 -32768 -32768
33 146 -161 -116 117 -32768 -32768 -32768 -32768
34 154 -172 -103 107 -32768 -32768 -32768 -32768
35 227 -238 -195 181 -32768 -32768 -32768 -32768
36 222 -237 -212 210 -32768 -32768 -32768 -32768
37 189 -202 -202 203 -32768 -32768 -32768 -32768
38 151 -166 -188 190 -32768 -32768 -32768 -32768
39 127 -143 -195 191 -32768 -32768 -32768 -32768
40 120 -131 -207 207 -32768 -32768 -32768 -32768
41 128 -138 -201 206 -32768 -32768 -32768 -32768
42 155 -170 -197 197 -32768 -32768 -32768 -32768
43 196 -210 -204 205 -32768 -32768 -32768 -32768
44 235 -248 -188 193 -32768 -32768 -32768 -32768
45 230 -241 -136 138 -32768 -32768 -32768 -32768
46 246 -259 -106 105 -32768 -32768 -32768 -32768
47 407 -420 -127 123 -32768 -32768 -32768 -32768
48 449 -462 -95 95 -32768 -32768 -32768 -32768
49 471 -484 -60 62 -32768 -32768 -32768 -32768
50 490 -504 -31 32 -32768 -32768 -32768 -32768
51 493 -505 -8 7 -32768 -32768 -32768 -32768
52 521 -537 14 -13 -32768 -32768 -32768 -32768
