OSINK 9B
1
02.07.20
Osova
0.0 0.0
0.0
0.00 0.00
-1.00 -1.00
0.00 0.00
20000.00
0.0
50
50
N
1
52
1 130 -168 -195 -203 190 -212 -154 134
2 130 -168 -195 -203 190 -212 -154 134
3 130 -168 -195 -203 190 -212 -154 134
4 130 -168 -195 -203 191 -212 -154 134
5 130 -168 -195 -203 191 -215 -154 134
6 130 -168 -195 -203 191 -215 -153 134
7 130 -168 -195 -207 191 -215 -154 134
8 90 -114 -98 -111 83 -116 -108 91
9 30 -65 -58 -76 50 -83 -58 41
10 22 -51 -55 -71 48 -80 -46 29
11 52 -85 1 -15 -7 -24 -76 58
12 90 -122 -49 34 -59 28 -116 100
13 95 -128 -60 47 -71 41 -120 104
14 72 -109 -50 37 -61 31 -102 87
15 59 -85 -31 -18 8 -79 -63 44
16 46 -66 -38 23 -46 17 -59 42
17 31 -63 -58 42 -68 36 -61 44
18 32 -64 -99 86 -110 76 -57 44
19 26 -60 -120 109 -134 104 -53 34
20 14 -45 -140 124 -150 120 -39 22
21 -2 -29 -157 143 -165 136 -19 3
22 -6 -25 -193 178 -200 169 -17 1
23 24 -56 -218 202 -231 201 -54 38
24 57 -86 -201 189 -211 182 -77 63
25 66 -96 -191 177 -202 173 -92 75
26 71 -102 -175 160 -185 156 -96 80
27 66 -96 -162 146 -168 139 -86 72
28 103 -131 -165 151 -176 144 -127 110
29 166 -197 -203 187 -214 183 -190 173
30 165 -198 -190 178 -202 175 -190 177
31 149 -179 -172 156 -184 157 -174 157
32 138 -169 -151 135 -163 131 -163 147
33 136 -168 -127 113 -137 107 -162 146
34 145 -179 -115 102 -128 98 -173 157
35 201 -232 -174 159 -187 155 -227 212
36 216 -247 -217 203 -228 198 -243 227
37 183 -212 -211 197 -223 193 -207 191
38 145 -175 -195 182 -205 176 -169 154
39 120 -151 -197 181 -208 179 -146 130
40 107 -138 -213 199 -225 194 -134 117
41 112 -144 -213 198 -221 195 -140 123
42 141 -172 -205 190 -215 193 -167 151
43 179 -210 -209 195 -220 196 -203 189
44 217 -248 -197 184 -211 182 -241 227
45 221 -253 -149 135 -165 134 -248 231
46 236 -267 -114 100 -128 96 -261 244
47 390 -429 -131 111 -159 110 -412 393
48 439 -471 -101 88 -117 89 -464 449
49 461 -492 -65 52 -85 54 -478 472
50 480 -511 -34 23 -52 22 -502 488
51 482 -513 -13 0 -29 0 -503 486
52 514 -545 9 -22 -7 -27 -529 515