OSINK 9B
1
10.09.20
Osova
0.0 0.0
0.0
0.00 0.00
-1.00 -1.00
0.00 0.00
20000.00
0.0
50
50
N
1
52
1 -29 13 216 -227 -32768 -32768 -32768 -32768
2 -29 13 216 -227 -32768 -32768 -32768 -32768
3 -28 13 218 -227 -32768 -32768 -32768 -32768
4 -28 13 218 -227 -32768 -32768 -32768 -32768
5 -27 13 216 -227 -32768 -32768 -32768 -32768
6 -28 13 215 -227 -32768 -32768 -32768 -32768
7 -25 12 216 -226 -32768 -32768 -32768 -32768
8 -50 33 118 -135 -32768 -32768 -32768 -32768
9 -11 -3 61 -72 -32768 -32768 -32768 -32768
10 20 -35 62 -72 -32768 -32768 -32768 -32768
11 54 -69 1 -11 -32768 -32768 -32768 -32768
12 92 -108 -44 33 -32768 -32768 -32768 -32768
13 97 -113 -60 49 -32768 -32768 -32768 -32768
14 79 -94 -46 36 -32768 -32768 -32768 -32768
15 57 -71 -43 31 -32768 -32768 -32768 -32768
16 37 -55 -35 23 -32768 -32768 -32768 -32768
17 35 -53 -56 43 -32768 -32768 -32768 -32768
18 36 -53 -98 90 -32768 -32768 -32768 -32768
19 35 -50 -124 113 -32768 -32768 -32768 -32768
20 20 -35 -137 125 -32768 -32768 -32768 -32768
21 3 -19 -155 145 -32768 -32768 -32768 -32768
22 7 -18 -191 181 -32768 -32768 -32768 -32768
23 37 -53 -215 203 -32768 -32768 -32768 -32768
24 62 -78 -200 191 -32768 -32768 -32768 -32768
25 73 -89 -190 179 -32768 -32768 -32768 -32768
26 84 -99 -174 162 -32768 -32768 -32768 -32768
27 72 -87 -161 150 -32768 -32768 -32768 -32768
28 108 -127 -161 152 -32768 -32768 -32768 -32768
29 178 -196 -205 193 -32768 -32768 -32768 -32768
30 175 -192 -189 181 -32768 -32768 -32768 -32768
31 158 -174 -169 159 -32768 -32768 -32768 -32768
32 147 -163 -151 141 -32768 -32768 -32768 -32768
33 145 -161 -124 114 -32768 -32768 -32768 -32768
34 152 -170 -115 104 -32768 -32768 -32768 -32768
35 207 -226 -172 164 -32768 -32768 -32768 -32768
36 225 -243 -217 206 -32768 -32768 -32768 -32768
37 188 -204 -210 200 -32768 -32768 -32768 -32768
38 151 -166 -194 184 -32768 -32768 -32768 -32768
39 126 -143 -198 185 -32768 -32768 -32768 -32768
40 112 -132 -213 202 -32768 -32768 -32768 -32768
41 119 -137 -211 201 -32768 -32768 -32768 -32768
42 149 -166 -203 192 -32768 -32768 -32768 -32768
43 189 -205 -208 198 -32768 -32768 -32768 -32768
44 230 -245 -198 188 -32768 -32768 -32768 -32768
45 226 -240 -147 135 -32768 -32768 -32768 -32768
46 242 -260 -112 101 -32768 -32768 -32768 -32768
47 393 -421 -132 119 -32768 -32768 -32768 -32768
48 444 -461 -102 92 -32768 -32768 -32768 -32768
49 468 -480 -67 56 -32768 -32768 -32768 -32768
50 489 -504 -36 26 -32768 -32768 -32768 -32768
51 491 -507 -15 0 -32768 -32768 -32768 -32768
52 522 -538 9 -19 -32768 -32768 -32768 -32768
