OSINK 9B
1
28.04.21
Osova
0.0 0.0
0.0
0.00 0.00
-1.00 -1.00
0.00 0.00
20000.00
0.0
50
50
N
1
52
1 47 -73 -14 25 -32768 -32768 -32768 -32768
2 47 -73 -14 25 -32768 -32768 -32768 -32768
3 48 -73 -14 25 -32768 -32768 -32768 -32768
4 48 -73 -14 25 -32768 -32768 -32768 -32768
5 48 -73 -14 25 -32768 -32768 -32768 -32768
6 48 -73 -14 25 -32768 -32768 -32768 -32768
7 49 -73 -14 25 -32768 -32768 -32768 -32768
8 49 -73 -14 25 -32768 -32768 -32768 -32768
9 45 -73 -14 25 -32768 -32768 -32768 -32768
10 45 -73 -14 25 -32768 -32768 -32768 -32768
11 45 -73 -13 25 -32768 -32768 -32768 -32768
12 55 -73 -13 25 -32768 -32768 -32768 -32768
13 55 -73 -13 25 -32768 -32768 -32768 -32768
14 56 -73 -14 25 -32768 -32768 -32768 -32768
15 55 -72 -14 25 -32768 -32768 -32768 -32768
16 26 -50 -16 26 -32768 -32768 -32768 -32768
17 19 -44 -65 86 -32768 -32768 -32768 -32768
18 23 -47 -94 115 -32768 -32768 -32768 -32768
19 19 -40 -113 130 -32768 -32768 -32768 -32768
20 3 -27 -130 144 -32768 -32768 -32768 -32768
21 -4 -17 -150 165 -32768 -32768 -32768 -32768
22 -16 -12 -185 202 -32768 -32768 -32768 -32768
23 58 -77 -203 218 -32768 -32768 -32768 -32768
24 56 -80 -186 205 -32768 -32768 -32768 -32768
25 74 -96 -170 187 -32768 -32768 -32768 -32768
26 83 -106 -158 174 -32768 -32768 -32768 -32768
27 83 -105 -152 167 -32768 -32768 -32768 -32768
28 128 -150 -152 170 -32768 -32768 -32768 -32768
29 187 -213 -199 210 -32768 -32768 -32768 -32768
30 172 -195 -172 192 -32768 -32768 -32768 -32768
31 156 -180 -150 168 -32768 -32768 -32768 -32768
32 144 -166 -134 150 -32768 -32768 -32768 -32768
33 142 -168 -106 124 -32768 -32768 -32768 -32768
34 148 -175 -92 112 -32768 -32768 -32768 -32768
35 221 -241 -183 189 -32768 -32768 -32768 -32768
36 216 -239 -204 220 -32768 -32768 -32768 -32768
37 185 -208 -194 211 -32768 -32768 -32768 -32768
38 147 -169 -179 197 -32768 -32768 -32768 -32768
39 123 -145 -186 201 -32768 -32768 -32768 -32768
40 113 -138 -204 215 -32768 -32768 -32768 -32768
41 123 -145 -194 217 -32768 -32768 -32768 -32768
42 154 -174 -189 205 -32768 -32768 -32768 -32768
43 193 -217 -198 215 -32768 -32768 -32768 -32768
44 231 -251 -177 195 -32768 -32768 -32768 -32768
45 224 -247 -127 141 -32768 -32768 -32768 -32768
46 247 -268 -105 107 -32768 -32768 -32768 -32768
47 411 -433 -117 134 -32768 -32768 -32768 -32768
48 445 -467 -86 102 -32768 -32768 -32768 -32768
49 468 -489 -49 68 -32768 -32768 -32768 -32768
50 488 -509 -18 37 -32768 -32768 -32768 -32768
51 490 -509 1 14 -32768 -32768 -32768 -32768
52 534 -541 27 -5 -32768 -32768 -32768 -32768
