OSINK 9B
1
20.01.21
Osova
0.0 0.0
0.0
0.00 0.00
-1.00 -1.00
0.00 0.00
20000.00
0.0
50
50
N
1
52
1 56 -68 -32 29 -32768 -32768 -32768 -32768
2 56 -68 -32 29 -32768 -32768 -32768 -32768
3 56 -69 -32 29 -32768 -32768 -32768 -32768
4 55 -69 -32 29 -32768 -32768 -32768 -32768
5 55 -69 -32 29 -32768 -32768 -32768 -32768
6 55 -70 -32 28 -32768 -32768 -32768 -32768
7 56 -70 -31 28 -32768 -32768 -32768 -32768
8 56 -70 -31 28 -32768 -32768 -32768 -32768
9 56 -69 -31 30 -32768 -32768 -32768 -32768
10 56 -69 -31 30 -32768 -32768 -32768 -32768
11 56 -67 -31 29 -32768 -32768 -32768 -32768
12 56 -67 -31 29 -32768 -32768 -32768 -32768
13 56 -68 -30 28 -32768 -32768 -32768 -32768
14 56 -68 -30 28 -32768 -32768 -32768 -32768
15 56 -68 -32 28 -32768 -32768 -32768 -32768
16 12 -26 -25 23 -32768 -32768 -32768 -32768
17 22 -33 -66 64 -32768 -32768 -32768 -32768
18 26 -37 -99 103 -32768 -32768 -32768 -32768
19 25 -36 -121 118 -32768 -32768 -32768 -32768
20 11 -23 -135 135 -32768 -32768 -32768 -32768
21 1 -12 -156 155 -32768 -32768 -32768 -32768
22 -3 -7 -191 193 -32768 -32768 -32768 -32768
23 51 -62 -210 208 -32768 -32768 -32768 -32768
24 62 -71 -194 196 -32768 -32768 -32768 -32768
25 76 -88 -180 179 -32768 -32768 -32768 -32768
26 86 -98 -166 166 -32768 -32768 -32768 -32768
27 86 -94 -159 158 -32768 -32768 -32768 -32768
28 133 -138 -160 159 -32768 -32768 -32768 -32768
29 192 -203 -206 204 -32768 -32768 -32768 -32768
30 177 -188 -181 184 -32768 -32768 -32768 -32768
31 162 -173 -162 160 -32768 -32768 -32768 -32768
32 150 -160 -143 143 -32768 -32768 -32768 -32768
33 147 -159 -116 117 -32768 -32768 -32768 -32768
34 158 -170 -107 108 -32768 -32768 -32768 -32768
35 221 -233 -182 179 -32768 -32768 -32768 -32768
36 222 -236 -211 211 -32768 -32768 -32768 -32768
37 190 -201 -201 204 -32768 -32768 -32768 -32768
38 153 -163 -188 188 -32768 -32768 -32768 -32768
39 131 -142 -193 192 -32768 -32768 -32768 -32768
40 120 -131 -207 207 -32768 -32768 -32768 -32768
41 124 -136 -207 206 -32768 -32768 -32768 -32768
42 155 -165 -197 197 -32768 -32768 -32768 -32768
43 196 -207 -205 205 -32768 -32768 -32768 -32768
44 235 -245 -191 194 -32768 -32768 -32768 -32768
45 230 -241 -137 136 -32768 -32768 -32768 -32768
46 247 -259 -106 106 -32768 -32768 -32768 -32768
47 409 -421 -129 125 -32768 -32768 -32768 -32768
48 450 -460 -95 97 -32768 -32768 -32768 -32768
49 472 -483 -60 62 -32768 -32768 -32768 -32768
50 492 -503 -29 32 -32768 -32768 -32768 -32768
51 492 -506 -5 7 -32768 -32768 -32768 -32768
52 526 -534 14 -12 -32768 -32768 -32768 -32768
