OSINK 9B
1
27.01.21
Osova
0.0 0.0
0.0
0.00 0.00
-1.00 -1.00
0.00 0.00
20000.00
0.0
50
50
N
1
52
1 44 -57 -43 36 -32768 -32768 -32768 -32768
2 43 -57 -44 36 -32768 -32768 -32768 -32768
3 43 -57 -44 36 -32768 -32768 -32768 -32768
4 43 -57 -44 36 -32768 -32768 -32768 -32768
5 43 -57 -44 37 -32768 -32768 -32768 -32768
6 44 -57 -43 37 -32768 -32768 -32768 -32768
7 44 -57 -43 37 -32768 -32768 -32768 -32768
8 44 -57 -43 36 -32768 -32768 -32768 -32768
9 51 -57 -42 36 -32768 -32768 -32768 -32768
10 51 -57 -42 36 -32768 -32768 -32768 -32768
11 51 -57 -42 36 -32768 -32768 -32768 -32768
12 51 -57 -42 36 -32768 -32768 -32768 -32768
13 51 -57 -43 37 -32768 -32768 -32768 -32768
14 51 -57 -43 37 -32768 -32768 -32768 -32768
15 51 -57 -43 37 -32768 -32768 -32768 -32768
16 14 -23 -33 22 -32768 -32768 -32768 -32768
17 19 -32 -70 58 -32768 -32768 -32768 -32768
18 27 -36 -106 97 -32768 -32768 -32768 -32768
19 26 -35 -127 113 -32768 -32768 -32768 -32768
20 11 -21 -142 128 -32768 -32768 -32768 -32768
21 2 -11 -161 149 -32768 -32768 -32768 -32768
22 -4 -6 -198 186 -32768 -32768 -32768 -32768
23 52 -64 -215 201 -32768 -32768 -32768 -32768
24 62 -71 -200 190 -32768 -32768 -32768 -32768
25 78 -86 -186 172 -32768 -32768 -32768 -32768
26 88 -97 -172 159 -32768 -32768 -32768 -32768
27 86 -94 -165 152 -32768 -32768 -32768 -32768
28 131 -139 -163 155 -32768 -32768 -32768 -32768
29 193 -203 -212 197 -32768 -32768 -32768 -32768
30 178 -185 -187 178 -32768 -32768 -32768 -32768
31 161 -170 -167 153 -32768 -32768 -32768 -32768
32 150 -158 -150 135 -32768 -32768 -32768 -32768
33 148 -157 -122 111 -32768 -32768 -32768 -32768
34 159 -169 -114 102 -32768 -32768 -32768 -32768
35 224 -233 -196 175 -32768 -32768 -32768 -32768
36 225 -233 -217 205 -32768 -32768 -32768 -32768
37 193 -200 -208 198 -32768 -32768 -32768 -32768
38 155 -159 -194 182 -32768 -32768 -32768 -32768
39 131 -140 -200 185 -32768 -32768 -32768 -32768
40 120 -130 -213 201 -32768 -32768 -32768 -32768
41 128 -134 -206 200 -32768 -32768 -32768 -32768
42 156 -165 -203 191 -32768 -32768 -32768 -32768
43 199 -208 -213 200 -32768 -32768 -32768 -32768
44 235 -245 -197 184 -32768 -32768 -32768 -32768
45 230 -240 -143 129 -32768 -32768 -32768 -32768
46 248 -256 -113 100 -32768 -32768 -32768 -32768
47 407 -418 -135 119 -32768 -32768 -32768 -32768
48 450 -457 -102 92 -32768 -32768 -32768 -32768
49 474 -480 -67 58 -32768 -32768 -32768 -32768
50 493 -502 -36 26 -32768 -32768 -32768 -32768
51 496 -504 -14 1 -32768 -32768 -32768 -32768
52 541 -533 13 -17 -32768 -32768 -32768 -32768
