OSINK 9B
1
01.10.20
Osova
0.0 0.0
0.0
0.00 0.00
-1.00 -1.00
0.00 0.00
20000.00
0.0
50
50
N
1
52
1 -7 3 226 -225 -32768 -32768 -32768 -32768
2 -7 3 226 -224 -32768 -32768 -32768 -32768
3 -8 3 226 -224 -32768 -32768 -32768 -32768
4 -8 3 226 -224 -32768 -32768 -32768 -32768
5 -8 2 226 -225 -32768 -32768 -32768 -32768
6 -8 2 225 -225 -32768 -32768 -32768 -32768
7 -9 4 225 -223 -32768 -32768 -32768 -32768
8 -45 40 128 -133 -32768 -32768 -32768 -32768
9 -10 5 68 -70 -32768 -32768 -32768 -32768
10 23 -27 66 -67 -32768 -32768 -32768 -32768
11 58 -61 5 -8 -32768 -32768 -32768 -32768
12 95 -100 -39 37 -32768 -32768 -32768 -32768
13 100 -105 -54 53 -32768 -32768 -32768 -32768
14 84 -87 -41 40 -32768 -32768 -32768 -32768
15 60 -65 -38 36 -32768 -32768 -32768 -32768
16 43 -46 -31 28 -32768 -32768 -32768 -32768
17 40 -45 -52 48 -32768 -32768 -32768 -32768
18 41 -46 -94 94 -32768 -32768 -32768 -32768
19 41 -45 -119 117 -32768 -32768 -32768 -32768
20 24 -30 -133 130 -32768 -32768 -32768 -32768
21 11 -16 -151 149 -32768 -32768 -32768 -32768
22 5 -10 -188 186 -32768 -32768 -32768 -32768
23 43 -48 -212 209 -32768 -32768 -32768 -32768
24 68 -73 -195 196 -32768 -32768 -32768 -32768
25 80 -83 -186 184 -32768 -32768 -32768 -32768
26 89 -94 -169 166 -32768 -32768 -32768 -32768
27 78 -81 -155 153 -32768 -32768 -32768 -32768
28 118 -122 -156 156 -32768 -32768 -32768 -32768
29 186 -191 -201 198 -32768 -32768 -32768 -32768
30 181 -185 -184 185 -32768 -32768 -32768 -32768
31 164 -168 -164 163 -32768 -32768 -32768 -32768
32 154 -157 -144 144 -32768 -32768 -32768 -32768
33 151 -155 -120 119 -32768 -32768 -32768 -32768
34 161 -164 -110 108 -32768 -32768 -32768 -32768
35 216 -221 -172 169 -32768 -32768 -32768 -32768
36 230 -234 -213 211 -32768 -32768 -32768 -32768
37 194 -198 -203 203 -32768 -32768 -32768 -32768
38 157 -162 -189 188 -32768 -32768 -32768 -32768
39 133 -137 -192 189 -32768 -32768 -32768 -32768
40 122 -126 -207 206 -32768 -32768 -32768 -32768
41 125 -131 -207 205 -32768 -32768 -32768 -32768
42 156 -160 -198 197 -32768 -32768 -32768 -32768
43 197 -201 -204 202 -32768 -32768 -32768 -32768
44 236 -240 -192 192 -32768 -32768 -32768 -32768
45 233 -236 -141 139 -32768 -32768 -32768 -32768
46 249 -253 -107 105 -32768 -32768 -32768 -32768
47 404 -413 -128 123 -32768 -32768 -32768 -32768
48 452 -455 -96 95 -32768 -32768 -32768 -32768
49 474 -478 -60 60 -32768 -32768 -32768 -32768
50 495 -499 -30 30 -32768 -32768 -32768 -32768
51 498 -501 -8 6 -32768 -32768 -32768 -32768
52 527 -532 14 -15 -32768 -32768 -32768 -32768
