OSINK 9B
1
17.03.21
Osova
0.0 0.0
0.0
0.00 0.00
-1.00 -1.00
0.00 0.00
20000.00
0.0
50
50
N
1
52
1 63 -85 -41 16 -32768 -32768 -32768 -32768
2 59 -85 -39 16 -32768 -32768 -32768 -32768
3 59 -85 -39 16 -32768 -32768 -32768 -32768
4 59 -81 -39 16 -32768 -32768 -32768 -32768
5 61 -82 -39 17 -32768 -32768 -32768 -32768
6 61 -88 -39 16 -32768 -32768 -32768 -32768
7 61 -88 -39 16 -32768 -32768 -32768 -32768
8 61 -82 -39 16 -32768 -32768 -32768 -32768
9 64 -82 -37 16 -32768 -32768 -32768 -32768
10 64 -85 -37 16 -32768 -32768 -32768 -32768
11 64 -87 -37 18 -32768 -32768 -32768 -32768
12 64 -83 -37 15 -32768 -32768 -32768 -32768
13 70 -82 -39 16 -32768 -32768 -32768 -32768
14 70 -82 -39 16 -32768 -32768 -32768 -32768
15 70 -85 -39 14 -32768 -32768 -32768 -32768
16 20 -46 -38 14 -32768 -32768 -32768 -32768
17 17 -45 -82 64 -32768 -32768 -32768 -32768
18 23 -44 -113 94 -32768 -32768 -32768 -32768
19 20 -41 -132 110 -32768 -32768 -32768 -32768
20 5 -28 -147 124 -32768 -32768 -32768 -32768
21 -3 -18 -167 146 -32768 -32768 -32768 -32768
22 -7 -12 -203 183 -32768 -32768 -32768 -32768
23 55 -74 -221 193 -32768 -32768 -32768 -32768
24 59 -75 -205 184 -32768 -32768 -32768 -32768
25 74 -95 -189 167 -32768 -32768 -32768 -32768
26 85 -102 -177 157 -32768 -32768 -32768 -32768
27 84 -101 -170 146 -32768 -32768 -32768 -32768
28 124 -131 -168 152 -32768 -32768 -32768 -32768
29 191 -211 -218 191 -32768 -32768 -32768 -32768
30 173 -192 -191 171 -32768 -32768 -32768 -32768
31 157 -177 -170 147 -32768 -32768 -32768 -32768
32 146 -164 -153 133 -32768 -32768 -32768 -32768
33 143 -164 -126 106 -32768 -32768 -32768 -32768
34 155 -176 -117 97 -32768 -32768 -32768 -32768
35 218 -241 -195 169 -32768 -32768 -32768 -32768
36 219 -239 -221 199 -32768 -32768 -32768 -32768
37 187 -207 -212 193 -32768 -32768 -32768 -32768
38 149 -168 -198 178 -32768 -32768 -32768 -32768
39 126 -147 -204 181 -32768 -32768 -32768 -32768
40 116 -136 -218 197 -32768 -32768 -32768 -32768
41 125 -143 -212 198 -32768 -32768 -32768 -32768
42 154 -174 -208 187 -32768 -32768 -32768 -32768
43 194 -215 -217 195 -32768 -32768 -32768 -32768
44 232 -251 -200 178 -32768 -32768 -32768 -32768
45 226 -246 -145 123 -32768 -32768 -32768 -32768
46 240 -264 -118 95 -32768 -32768 -32768 -32768
47 401 -426 -139 113 -32768 -32768 -32768 -32768
48 445 -465 -106 86 -32768 -32768 -32768 -32768
49 467 -488 -71 50 -32768 -32768 -32768 -32768
50 488 -509 -39 19 -32768 -32768 -32768 -32768
51 490 -508 -16 -4 -32768 -32768 -32768 -32768
52 522 -541 5 -23 -32768 -32768 -32768 -32768
