OSINK 9B
1
03.03.21
Osova
0.0 0.0
0.0
0.00 0.00
-1.00 -1.00
0.00 0.00
20000.00
0.0
50
50
N
1
52
1 84 -66 -29 33 -32768 -32768 -32768 -32768
2 84 -66 -29 32 -32768 -32768 -32768 -32768
3 83 -66 -30 32 -32768 -32768 -32768 -32768
4 83 -66 -30 32 -32768 -32768 -32768 -32768
5 81 -66 -31 33 -32768 -32768 -32768 -32768
6 81 -66 -31 33 -32768 -32768 -32768 -32768
7 81 -66 -31 33 -32768 -32768 -32768 -32768
8 80 -65 -29 33 -32768 -32768 -32768 -32768
9 80 -65 -29 33 -32768 -32768 -32768 -32768
10 80 -65 -29 31 -32768 -32768 -32768 -32768
11 80 -65 -29 31 -32768 -32768 -32768 -32768
12 80 -65 -29 31 -32768 -32768 -32768 -32768
13 80 -65 -29 33 -32768 -32768 -32768 -32768
14 78 -65 -29 33 -32768 -32768 -32768 -32768
15 78 -65 -29 33 -32768 -32768 -32768 -32768
16 23 -39 -24 28 -32768 -32768 -32768 -32768
17 21 -41 -64 77 -32768 -32768 -32768 -32768
18 26 -40 -100 108 -32768 -32768 -32768 -32768
19 23 -38 -119 124 -32768 -32768 -32768 -32768
20 8 -25 -133 139 -32768 -32768 -32768 -32768
21 0 -15 -154 160 -32768 -32768 -32768 -32768
22 -8 -7 -190 194 -32768 -32768 -32768 -32768
23 49 -74 -207 214 -32768 -32768 -32768 -32768
24 60 -75 -191 200 -32768 -32768 -32768 -32768
25 75 -91 -179 183 -32768 -32768 -32768 -32768
26 87 -102 -164 169 -32768 -32768 -32768 -32768
27 86 -100 -157 162 -32768 -32768 -32768 -32768
28 132 -140 -157 163 -32768 -32768 -32768 -32768
29 192 -210 -204 208 -32768 -32768 -32768 -32768
30 175 -190 -177 188 -32768 -32768 -32768 -32768
31 160 -174 -157 163 -32768 -32768 -32768 -32768
32 148 -163 -141 145 -32768 -32768 -32768 -32768
33 146 -161 -113 121 -32768 -32768 -32768 -32768
34 157 -173 -105 111 -32768 -32768 -32768 -32768
35 226 -237 -188 183 -32768 -32768 -32768 -32768
36 221 -236 -209 214 -32768 -32768 -32768 -32768
37 189 -204 -200 207 -32768 -32768 -32768 -32768
38 151 -165 -184 192 -32768 -32768 -32768 -32768
39 129 -144 -192 196 -32768 -32768 -32768 -32768
40 119 -134 -205 211 -32768 -32768 -32768 -32768
41 125 -139 -197 209 -32768 -32768 -32768 -32768
42 154 -169 -195 201 -32768 -32768 -32768 -32768
43 197 -212 -203 209 -32768 -32768 -32768 -32768
44 233 -249 -188 197 -32768 -32768 -32768 -32768
45 229 -243 -134 139 -32768 -32768 -32768 -32768
46 247 -261 -108 110 -32768 -32768 -32768 -32768
47 416 -424 -121 127 -32768 -32768 -32768 -32768
48 447 -463 -94 99 -32768 -32768 -32768 -32768
49 470 -485 -58 65 -32768 -32768 -32768 -32768
50 491 -506 -27 34 -32768 -32768 -32768 -32768
51 493 -507 -5 9 -32768 -32768 -32768 -32768
52 523 -545 16 -4 -32768 -32768 -32768 -32768
