OSINK 9B
1
17.02.21
Osova
0.0 0.0
0.0
0.00 0.00
-1.00 -1.00
0.00 0.00
20000.00
0.0
50
50
N
1
52
1 67 -68 -40 37 -32768 -32768 -32768 -32768
2 69 -68 -35 37 -32768 -32768 -32768 -32768
3 69 -68 -35 37 -32768 -32768 -32768 -32768
4 69 -68 -35 36 -32768 -32768 -32768 -32768
5 70 -68 -37 36 -32768 -32768 -32768 -32768
6 70 -68 -37 36 -32768 -32768 -32768 -32768
7 70 -68 -37 36 -32768 -32768 -32768 -32768
8 70 -68 -36 36 -32768 -32768 -32768 -32768
9 70 -68 -36 36 -32768 -32768 -32768 -32768
10 70 -68 -36 36 -32768 -32768 -32768 -32768
11 70 -68 -38 36 -32768 -32768 -32768 -32768
12 70 -68 -38 36 -32768 -32768 -32768 -32768
13 70 -68 -38 36 -32768 -32768 -32768 -32768
14 69 -68 -39 36 -32768 -32768 -32768 -32768
15 69 -68 -39 36 -32768 -32768 -32768 -32768
16 29 -32 -30 31 -32768 -32768 -32768 -32768
17 25 -30 -62 63 -32768 -32768 -32768 -32768
18 32 -34 -100 106 -32768 -32768 -32768 -32768
19 30 -33 -120 121 -32768 -32768 -32768 -32768
20 18 -18 -135 136 -32768 -32768 -32768 -32768
21 7 -8 -154 156 -32768 -32768 -32768 -32768
22 1 -3 -190 194 -32768 -32768 -32768 -32768
23 55 -56 -210 210 -32768 -32768 -32768 -32768
24 65 -69 -194 198 -32768 -32768 -32768 -32768
25 81 -83 -180 181 -32768 -32768 -32768 -32768
26 94 -95 -165 168 -32768 -32768 -32768 -32768
27 89 -90 -159 159 -32768 -32768 -32768 -32768
28 130 -129 -156 160 -32768 -32768 -32768 -32768
29 198 -201 -204 205 -32768 -32768 -32768 -32768
30 183 -185 -179 187 -32768 -32768 -32768 -32768
31 166 -168 -160 164 -32768 -32768 -32768 -32768
32 154 -155 -144 143 -32768 -32768 -32768 -32768
33 152 -155 -116 118 -32768 -32768 -32768 -32768
34 161 -165 -108 109 -32768 -32768 -32768 -32768
35 220 -228 -172 177 -32768 -32768 -32768 -32768
36 232 -233 -210 212 -32768 -32768 -32768 -32768
37 196 -200 -202 204 -32768 -32768 -32768 -32768
38 161 -164 -189 190 -32768 -32768 -32768 -32768
39 137 -138 -191 192 -32768 -32768 -32768 -32768
40 127 -125 -206 209 -32768 -32768 -32768 -32768
41 128 -132 -205 208 -32768 -32768 -32768 -32768
42 157 -160 -196 199 -32768 -32768 -32768 -32768
43 199 -200 -202 206 -32768 -32768 -32768 -32768
44 240 -240 -193 198 -32768 -32768 -32768 -32768
45 235 -235 -138 142 -32768 -32768 -32768 -32768
46 250 -250 -107 108 -32768 -32768 -32768 -32768
47 408 -400 -127 124 -32768 -32768 -32768 -32768
48 453 -454 -98 99 -32768 -32768 -32768 -32768
49 475 -475 -59 64 -32768 -32768 -32768 -32768
50 496 -498 -29 33 -32768 -32768 -32768 -32768
51 499 -500 -8 7 -32768 -32768 -32768 -32768
52 529 -529 15 -10 -32768 -32768 -32768 -32768
