OSINK 9B
1
19.11.20
Osova
0.0 0.0
0.0
0.00 0.00
-1.00 -1.00
0.00 0.00
20000.00
0.0
50
50
N
1
52
1 58 -68 -38 47 -32768 -32768 -32768 -32768
2 58 -66 -38 46 -32768 -32768 -32768 -32768
3 56 -65 -37 49 -32768 -32768 -32768 -32768
4 56 -70 -37 46 -32768 -32768 -32768 -32768
5 56 -66 -37 49 -32768 -32768 -32768 -32768
6 55 -70 -39 47 -32768 -32768 -32768 -32768
7 54 -66 -40 48 -32768 -32768 -32768 -32768
8 54 -68 -40 49 -32768 -32768 -32768 -32768
9 54 -67 -40 48 -32768 -32768 -32768 -32768
10 54 -66 -40 49 -32768 -32768 -32768 -32768
11 54 -65 -43 48 -32768 -32768 -32768 -32768
12 53 -65 -39 49 -32768 -32768 -32768 -32768
13 56 -66 -39 50 -32768 -32768 -32768 -32768
14 60 -66 -40 49 -32768 -32768 -32768 -32768
15 59 -72 -38 46 -32768 -32768 -32768 -32768
16 27 -41 -17 28 -32768 -32768 -32768 -32768
17 36 -53 -69 81 -32768 -32768 -32768 -32768
18 35 -48 -91 108 -32768 -32768 -32768 -32768
19 29 -40 -114 126 -32768 -32768 -32768 -32768
20 13 -24 -129 142 -32768 -32768 -32768 -32768
21 4 -15 -151 164 -32768 -32768 -32768 -32768
22 -8 -10 -189 200 -32768 -32768 -32768 -32768
23 64 -73 -203 217 -32768 -32768 -32768 -32768
24 62 -74 -188 203 -32768 -32768 -32768 -32768
25 78 -89 -173 185 -32768 -32768 -32768 -32768
26 83 -95 -158 171 -32768 -32768 -32768 -32768
27 84 -95 -151 164 -32768 -32768 -32768 -32768
28 132 -142 -157 168 -32768 -32768 -32768 -32768
29 179 -196 -199 208 -32768 -32768 -32768 -32768
30 175 -186 -176 190 -32768 -32768 -32768 -32768
31 156 -170 -154 166 -32768 -32768 -32768 -32768
32 147 -159 -135 148 -32768 -32768 -32768 -32768
33 147 -159 -108 123 -32768 -32768 -32768 -32768
34 153 -168 -95 113 -32768 -32768 -32768 -32768
35 227 -241 -190 196 -32768 -32768 -32768 -32768
36 220 -232 -205 218 -32768 -32768 -32768 -32768
37 188 -200 -196 210 -32768 -32768 -32768 -32768
38 148 -161 -180 195 -32768 -32768 -32768 -32768
39 127 -140 -188 199 -32768 -32768 -32768 -32768
40 117 -132 -205 210 -32768 -32768 -32768 -32768
41 128 -138 -195 215 -32768 -32768 -32768 -32768
42 157 -167 -190 204 -32768 -32768 -32768 -32768
43 197 -209 -200 213 -32768 -32768 -32768 -32768
44 233 -244 -180 195 -32768 -32768 -32768 -32768
45 227 -240 -128 137 -32768 -32768 -32768 -32768
46 248 -266 -104 108 -32768 -32768 -32768 -32768
47 417 -424 -116 134 -32768 -32768 -32768 -32768
48 448 -461 -89 102 -32768 -32768 -32768 -32768
49 471 -484 -56 68 -32768 -32768 -32768 -32768
50 493 -504 -22 38 -32768 -32768 -32768 -32768
51 493 -505 -2 14 -32768 -32768 -32768 -32768
52 541 -529 29 7 -32768 -32768 -32768 -32768
