OSINK 9B
1
08.10.20
Osova
0.0 0.0
0.0
0.00 0.00
-1.00 -1.00
0.00 0.00
20000.00
0.0
50
50
N
1
52
1 -21 14 228 -224 -32768 -32768 -32768 -32768
2 -21 14 228 -224 -32768 -32768 -32768 -32768
3 -21 14 228 -225 -32768 -32768 -32768 -32768
4 -21 14 228 -225 -32768 -32768 -32768 -32768
5 -21 14 228 -225 -32768 -32768 -32768 -32768
6 -21 14 228 -225 -32768 -32768 -32768 -32768
7 -21 14 229 -225 -32768 -32768 -32768 -32768
8 -46 36 134 -135 -32768 -32768 -32768 -32768
9 -13 2 71 -69 -32768 -32768 -32768 -32768
10 19 -28 67 -66 -32768 -32768 -32768 -32768
11 51 -59 10 -12 -32768 -32768 -32768 -32768
12 91 -99 -38 38 -32768 -32768 -32768 -32768
13 96 -106 -53 55 -32768 -32768 -32768 -32768
14 78 -89 -41 42 -32768 -32768 -32768 -32768
15 57 -67 -37 38 -32768 -32768 -32768 -32768
16 38 -48 -30 30 -32768 -32768 -32768 -32768
17 37 -46 -46 47 -32768 -32768 -32768 -32768
18 38 -47 -92 94 -32768 -32768 -32768 -32768
19 37 -46 -117 119 -32768 -32768 -32768 -32768
20 21 -32 -131 132 -32768 -32768 -32768 -32768
21 5 -15 -148 151 -32768 -32768 -32768 -32768
22 3 -12 -183 186 -32768 -32768 -32768 -32768
23 34 -47 -211 210 -32768 -32768 -32768 -32768
24 64 -74 -194 199 -32768 -32768 -32768 -32768
25 73 -84 -186 186 -32768 -32768 -32768 -32768
26 85 -96 -169 168 -32768 -32768 -32768 -32768
27 74 -83 -155 156 -32768 -32768 -32768 -32768
28 111 -119 -154 156 -32768 -32768 -32768 -32768
29 182 -191 -200 200 -32768 -32768 -32768 -32768
30 178 -187 -184 188 -32768 -32768 -32768 -32768
31 161 -171 -164 165 -32768 -32768 -32768 -32768
32 150 -160 -146 146 -32768 -32768 -32768 -32768
33 147 -157 -119 121 -32768 -32768 -32768 -32768
34 155 -165 -111 111 -32768 -32768 -32768 -32768
35 208 -220 -164 167 -32768 -32768 -32768 -32768
36 230 -239 -212 212 -32768 -32768 -32768 -32768
37 192 -201 -202 206 -32768 -32768 -32768 -32768
38 154 -164 -190 191 -32768 -32768 -32768 -32768
39 132 -140 -193 190 -32768 -32768 -32768 -32768
40 122 -128 -206 208 -32768 -32768 -32768 -32768
41 121 -132 -206 207 -32768 -32768 -32768 -32768
42 151 -160 -197 199 -32768 -32768 -32768 -32768
43 191 -200 -203 204 -32768 -32768 -32768 -32768
44 232 -241 -192 196 -32768 -32768 -32768 -32768
45 228 -237 -141 144 -32768 -32768 -32768 -32768
46 244 -253 -106 107 -32768 -32768 -32768 -32768
47 398 -407 -125 124 -32768 -32768 -32768 -32768
48 447 -457 -96 99 -32768 -32768 -32768 -32768
49 469 -478 -62 64 -32768 -32768 -32768 -32768
50 490 -500 -30 33 -32768 -32768 -32768 -32768
51 493 -503 -8 9 -32768 -32768 -32768 -32768
52 524 -534 14 -13 -32768 -32768 -32768 -32768
