OSINK 9B
1
24.09.20
Osova
0.0 0.0
0.0
0.00 0.00
-1.00 -1.00
0.00 0.00
20000.00
0.0
50
50
N
1
52
1 -23 13 241 -230 -32768 -32768 -32768 -32768
2 -23 13 241 -229 -32768 -32768 -32768 -32768
3 -23 13 241 -229 -32768 -32768 -32768 -32768
4 -23 14 241 -229 -32768 -32768 -32768 -32768
5 -23 14 241 -229 -32768 -32768 -32768 -32768
6 -23 12 241 -228 -32768 -32768 -32768 -32768
7 -18 5 237 -226 -32768 -32768 -32768 -32768
8 -52 42 131 -127 -32768 -32768 -32768 -32768
9 -14 5 69 -65 -32768 -32768 -32768 -32768
10 23 -31 68 -64 -32768 -32768 -32768 -32768
11 55 -62 8 -5 -32768 -32768 -32768 -32768
12 93 -102 -36 42 -32768 -32768 -32768 -32768
13 99 -107 -51 57 -32768 -32768 -32768 -32768
14 81 -90 -38 44 -32768 -32768 -32768 -32768
15 59 -66 -35 39 -32768 -32768 -32768 -32768
16 39 -49 -28 32 -32768 -32768 -32768 -32768
17 40 -48 -49 52 -32768 -32768 -32768 -32768
18 40 -49 -91 98 -32768 -32768 -32768 -32768
19 38 -47 -117 122 -32768 -32768 -32768 -32768
20 23 -30 -130 134 -32768 -32768 -32768 -32768
21 7 -16 -148 153 -32768 -32768 -32768 -32768
22 3 -12 -184 189 -32768 -32768 -32768 -32768
23 40 -49 -209 212 -32768 -32768 -32768 -32768
24 66 -74 -192 200 -32768 -32768 -32768 -32768
25 77 -85 -183 188 -32768 -32768 -32768 -32768
26 87 -96 -166 169 -32768 -32768 -32768 -32768
27 76 -84 -153 157 -32768 -32768 -32768 -32768
28 116 -124 -153 160 -32768 -32768 -32768 -32768
29 183 -192 -199 202 -32768 -32768 -32768 -32768
30 180 -187 -182 189 -32768 -32768 -32768 -32768
31 162 -172 -163 166 -32768 -32768 -32768 -32768
32 152 -161 -144 147 -32768 -32768 -32768 -32768
33 148 -158 -118 123 -32768 -32768 -32768 -32768
34 157 -167 -108 112 -32768 -32768 -32768 -32768
35 214 -224 -169 172 -32768 -32768 -32768 -32768
36 230 -239 -209 214 -32768 -32768 -32768 -32768
37 192 -201 -202 207 -32768 -32768 -32768 -32768
38 156 -165 -187 192 -32768 -32768 -32768 -32768
39 131 -141 -190 192 -32768 -32768 -32768 -32768
40 119 -129 -205 209 -32768 -32768 -32768 -32768
41 123 -133 -204 208 -32768 -32768 -32768 -32768
42 152 -164 -196 201 -32768 -32768 -32768 -32768
43 193 -204 -202 207 -32768 -32768 -32768 -32768
44 233 -243 -192 196 -32768 -32768 -32768 -32768
45 228 -239 -141 144 -32768 -32768 -32768 -32768
46 244 -257 -106 108 -32768 -32768 -32768 -32768
47 393 -418 -127 125 -32768 -32768 -32768 -32768
48 446 -460 -98 99 -32768 -32768 -32768 -32768
49 469 -485 -63 63 -32768 -32768 -32768 -32768
50 489 -508 -38 32 -32768 -32768 -32768 -32768
51 491 -507 -13 8 -32768 -32768 -32768 -32768
52 521 -539 11 -13 -32768 -32768 -32768 -32768
