OSINK 9B
1
12.05.21
Osova
0.0 0.0
0.0
0.00 0.00
-1.00 -1.00
0.00 0.00
20000.00
0.0
50
50
N
1
52
1 52 -75 -12 36 -32768 -32768 -32768 -32768
2 55 -78 -15 37 -32768 -32768 -32768 -32768
3 55 -78 -16 37 -32768 -32768 -32768 -32768
4 54 -78 -16 37 -32768 -32768 -32768 -32768
5 54 -85 -16 27 -32768 -32768 -32768 -32768
6 54 -85 -13 27 -32768 -32768 -32768 -32768
7 54 -79 -13 35 -32768 -32768 -32768 -32768
8 54 -79 -13 35 -32768 -32768 -32768 -32768
9 54 -77 -13 35 -32768 -32768 -32768 -32768
10 54 -77 -13 35 -32768 -32768 -32768 -32768
11 55 -79 -13 33 -32768 -32768 -32768 -32768
12 55 -79 -13 33 -32768 -32768 -32768 -32768
13 55 -79 -13 33 -32768 -32768 -32768 -32768
14 55 -79 -14 33 -32768 -32768 -32768 -32768
15 55 -78 -14 32 -32768 -32768 -32768 -32768
16 27 -47 -15 27 -32768 -32768 -32768 -32768
17 21 -45 -68 87 -32768 -32768 -32768 -32768
18 26 -47 -95 117 -32768 -32768 -32768 -32768
19 18 -40 -112 131 -32768 -32768 -32768 -32768
20 4 -27 -127 145 -32768 -32768 -32768 -32768
21 -3 -18 -148 167 -32768 -32768 -32768 -32768
22 -16 -9 -184 200 -32768 -32768 -32768 -32768
23 58 -76 -202 218 -32768 -32768 -32768 -32768
24 57 -79 -185 206 -32768 -32768 -32768 -32768
25 74 -94 -169 188 -32768 -32768 -32768 -32768
26 84 -104 -157 175 -32768 -32768 -32768 -32768
27 83 -106 -151 168 -32768 -32768 -32768 -32768
28 128 -144 -151 171 -32768 -32768 -32768 -32768
29 187 -215 -199 214 -32768 -32768 -32768 -32768
30 171 -194 -170 194 -32768 -32768 -32768 -32768
31 156 -178 -150 170 -32768 -32768 -32768 -32768
32 145 -165 -133 150 -32768 -32768 -32768 -32768
33 143 -165 -105 126 -32768 -32768 -32768 -32768
34 152 -174 -97 114 -32768 -32768 -32768 -32768
35 225 -248 -190 198 -32768 -32768 -32768 -32768
36 218 -238 -202 220 -32768 -32768 -32768 -32768
37 186 -207 -193 213 -32768 -32768 -32768 -32768
38 147 -167 -178 198 -32768 -32768 -32768 -32768
39 125 -147 -185 202 -32768 -32768 -32768 -32768
40 114 -139 -204 214 -32768 -32768 -32768 -32768
41 123 -143 -193 217 -32768 -32768 -32768 -32768
42 151 -176 -188 207 -32768 -32768 -32768 -32768
43 194 -217 -197 217 -32768 -32768 -32768 -32768
44 230 -252 -178 199 -32768 -32768 -32768 -32768
45 225 -246 -124 142 -32768 -32768 -32768 -32768
46 240 -270 -101 109 -32768 -32768 -32768 -32768
47 410 -432 -114 137 -32768 -32768 -32768 -32768
48 445 -466 -84 106 -32768 -32768 -32768 -32768
49 466 -488 -50 70 -32768 -32768 -32768 -32768
50 488 -509 -18 40 -32768 -32768 -32768 -32768
51 488 -509 2 15 -32768 -32768 -32768 -32768
52 520 -524 21 4 -32768 -32768 -32768 -32768
