OSINK 9B
1
26.11.20
Osova
0.0 0.0
0.0
0.00 0.00
-1.00 -1.00
0.00 0.00
20000.00
0.0
50
50
N
1
52
1 47 -76 -45 52 -32768 -32768 -32768 -32768
2 48 -77 -45 47 -32768 -32768 -32768 -32768
3 48 -77 -45 47 -32768 -32768 -32768 -32768
4 48 -76 -45 47 -32768 -32768 -32768 -32768
5 48 -76 -45 47 -32768 -32768 -32768 -32768
6 48 -76 -45 48 -32768 -32768 -32768 -32768
7 48 -75 -45 48 -32768 -32768 -32768 -32768
8 48 -75 -45 48 -32768 -32768 -32768 -32768
9 48 -75 -45 48 -32768 -32768 -32768 -32768
10 47 -75 -46 48 -32768 -32768 -32768 -32768
11 47 -72 -46 48 -32768 -32768 -32768 -32768
12 47 -72 -46 48 -32768 -32768 -32768 -32768
13 47 -72 -46 48 -32768 -32768 -32768 -32768
14 47 -75 -46 49 -32768 -32768 -32768 -32768
15 51 -71 -44 46 -32768 -32768 -32768 -32768
16 21 -45 -22 24 -32768 -32768 -32768 -32768
17 28 -54 -60 77 -32768 -32768 -32768 -32768
18 29 -49 -96 103 -32768 -32768 -32768 -32768
19 23 -41 -119 121 -32768 -32768 -32768 -32768
20 8 -29 -134 136 -32768 -32768 -32768 -32768
21 -2 -17 -156 157 -32768 -32768 -32768 -32768
22 -10 -5 -197 196 -32768 -32768 -32768 -32768
23 59 -74 -209 212 -32768 -32768 -32768 -32768
24 55 -76 -193 198 -32768 -32768 -32768 -32768
25 72 -90 -178 181 -32768 -32768 -32768 -32768
26 78 -98 -162 166 -32768 -32768 -32768 -32768
27 79 -98 -155 160 -32768 -32768 -32768 -32768
28 128 -147 -161 163 -32768 -32768 -32768 -32768
29 179 -200 -202 203 -32768 -32768 -32768 -32768
30 170 -189 -179 186 -32768 -32768 -32768 -32768
31 152 -174 -158 162 -32768 -32768 -32768 -32768
32 142 -161 -140 144 -32768 -32768 -32768 -32768
33 141 -161 -114 118 -32768 -32768 -32768 -32768
34 148 -169 -101 107 -32768 -32768 -32768 -32768
35 225 -244 -198 191 -32768 -32768 -32768 -32768
36 213 -235 -210 213 -32768 -32768 -32768 -32768
37 183 -203 -201 205 -32768 -32768 -32768 -32768
38 144 -164 -185 191 -32768 -32768 -32768 -32768
39 121 -143 -195 194 -32768 -32768 -32768 -32768
40 113 -135 -210 205 -32768 -32768 -32768 -32768
41 123 -142 -200 211 -32768 -32768 -32768 -32768
42 155 -171 -196 199 -32768 -32768 -32768 -32768
43 193 -212 -206 208 -32768 -32768 -32768 -32768
44 228 -247 -185 189 -32768 -32768 -32768 -32768
45 223 -242 -133 136 -32768 -32768 -32768 -32768
46 242 -268 -110 102 -32768 -32768 -32768 -32768
47 409 -429 -120 130 -32768 -32768 -32768 -32768
48 443 -463 -94 97 -32768 -32768 -32768 -32768
49 466 -486 -60 62 -32768 -32768 -32768 -32768
50 486 -506 -28 33 -32768 -32768 -32768 -32768
51 487 -507 -8 9 -32768 -32768 -32768 -32768
52 506 -553 25 1 -32768 -32768 -32768 -32768
