OSINK 9B
1
10.12.20
Osova
0.0 0.0
0.0
0.00 0.00
-1.00 -1.00
0.00 0.00
20000.00
0.0
50
50
N
1
52
1 66 -63 -49 45 -32768 -32768 -32768 -32768
2 65 -63 -49 45 -32768 -32768 -32768 -32768
3 65 -63 -49 45 -32768 -32768 -32768 -32768
4 66 -63 -49 45 -32768 -32768 -32768 -32768
5 65 -63 -48 45 -32768 -32768 -32768 -32768
6 66 -63 -46 45 -32768 -32768 -32768 -32768
7 66 -62 -50 45 -32768 -32768 -32768 -32768
8 68 -63 -49 45 -32768 -32768 -32768 -32768
9 68 -63 -49 45 -32768 -32768 -32768 -32768
10 64 -63 -49 46 -32768 -32768 -32768 -32768
11 64 -63 -49 46 -32768 -32768 -32768 -32768
12 66 -68 -49 45 -32768 -32768 -32768 -32768
13 66 -68 -49 45 -32768 -32768 -32768 -32768
14 66 -91 -49 45 -32768 -32768 -32768 -32768
15 64 -87 -50 48 -32768 -32768 -32768 -32768
16 21 -35 -24 22 -32768 -32768 -32768 -32768
17 29 -47 -61 72 -32768 -32768 -32768 -32768
18 31 -44 -96 101 -32768 -32768 -32768 -32768
19 28 -39 -119 117 -32768 -32768 -32768 -32768
20 19 -24 -135 134 -32768 -32768 -32768 -32768
21 1 -15 -155 154 -32768 -32768 -32768 -32768
22 -7 -7 -197 194 -32768 -32768 -32768 -32768
23 52 -63 -210 208 -32768 -32768 -32768 -32768
24 62 -74 -194 197 -32768 -32768 -32768 -32768
25 77 -88 -181 180 -32768 -32768 -32768 -32768
26 85 -99 -166 166 -32768 -32768 -32768 -32768
27 80 -93 -158 157 -32768 -32768 -32768 -32768
28 128 -137 -159 160 -32768 -32768 -32768 -32768
29 188 -200 -205 201 -32768 -32768 -32768 -32768
30 176 -188 -182 185 -32768 -32768 -32768 -32768
31 162 -172 -162 160 -32768 -32768 -32768 -32768
32 150 -160 -145 142 -32768 -32768 -32768 -32768
33 147 -159 -116 116 -32768 -32768 -32768 -32768
34 157 -170 -108 108 -32768 -32768 -32768 -32768
35 214 -226 -173 170 -32768 -32768 -32768 -32768
36 222 -235 -212 211 -32768 -32768 -32768 -32768
37 190 -202 -203 203 -32768 -32768 -32768 -32768
38 154 -164 -190 189 -32768 -32768 -32768 -32768
39 130 -141 -192 190 -32768 -32768 -32768 -32768
40 120 -131 -207 208 -32768 -32768 -32768 -32768
41 126 -139 -200 206 -32768 -32768 -32768 -32768
42 157 -166 -197 198 -32768 -32768 -32768 -32768
43 196 -207 -206 206 -32768 -32768 -32768 -32768
44 234 -244 -190 192 -32768 -32768 -32768 -32768
45 238 -240 -140 137 -32768 -32768 -32768 -32768
46 247 -258 -107 106 -32768 -32768 -32768 -32768
47 415 -391 -123 121 -32768 -32768 -32768 -32768
48 445 -459 -99 98 -32768 -32768 -32768 -32768
49 471 -483 -61 62 -32768 -32768 -32768 -32768
50 492 -503 -30 31 -32768 -32768 -32768 -32768
51 493 -505 -9 8 -32768 -32768 -32768 -32768
52 526 -539 13 -13 -32768 -32768 -32768 -32768
