OSINK 9B
1
12.01.21
Osova
0.0 0.0
0.0
0.00 0.00
-1.00 -1.00
0.00 0.00
20000.00
0.0
50
50
N
1
52
1 55 -63 -36 32 -32768 -32768 -32768 -32768
2 55 -63 -35 32 -32768 -32768 -32768 -32768
3 55 -63 -35 32 -32768 -32768 -32768 -32768
4 55 -63 -35 32 -32768 -32768 -32768 -32768
5 55 -63 -36 32 -32768 -32768 -32768 -32768
6 55 -63 -36 31 -32768 -32768 -32768 -32768
7 55 -63 -36 31 -32768 -32768 -32768 -32768
8 55 -63 -36 32 -32768 -32768 -32768 -32768
9 55 -63 -36 32 -32768 -32768 -32768 -32768
10 55 -63 -36 32 -32768 -32768 -32768 -32768
11 55 -63 -36 32 -32768 -32768 -32768 -32768
12 55 -63 -36 32 -32768 -32768 -32768 -32768
13 55 -63 -36 32 -32768 -32768 -32768 -32768
14 55 -63 -36 32 -32768 -32768 -32768 -32768
15 55 -63 -36 32 -32768 -32768 -32768 -32768
16 11 -24 -26 22 -32768 -32768 -32768 -32768
17 25 -37 -72 74 -32768 -32768 -32768 -32768
18 27 -38 -100 102 -32768 -32768 -32768 -32768
19 25 -36 -121 120 -32768 -32768 -32768 -32768
20 11 -22 -137 135 -32768 -32768 -32768 -32768
21 2 -13 -156 155 -32768 -32768 -32768 -32768
22 -3 -4 -192 191 -32768 -32768 -32768 -32768
23 52 -70 -209 211 -32768 -32768 -32768 -32768
24 61 -74 -196 196 -32768 -32768 -32768 -32768
25 78 -87 -181 180 -32768 -32768 -32768 -32768
26 88 -98 -167 165 -32768 -32768 -32768 -32768
27 86 -95 -157 158 -32768 -32768 -32768 -32768
28 124 -142 -156 161 -32768 -32768 -32768 -32768
29 191 -203 -210 203 -32768 -32768 -32768 -32768
30 171 -186 -184 184 -32768 -32768 -32768 -32768
31 162 -171 -159 159 -32768 -32768 -32768 -32768
32 151 -158 -143 141 -32768 -32768 -32768 -32768
33 148 -159 -116 116 -32768 -32768 -32768 -32768
34 156 -168 -105 106 -32768 -32768 -32768 -32768
35 222 -240 -188 187 -32768 -32768 -32768 -32768
36 222 -232 -211 211 -32768 -32768 -32768 -32768
37 192 -201 -203 203 -32768 -32768 -32768 -32768
38 152 -163 -188 189 -32768 -32768 -32768 -32768
39 131 -142 -195 192 -32768 -32768 -32768 -32768
40 121 -133 -208 204 -32768 -32768 -32768 -32768
41 124 -136 -206 210 -32768 -32768 -32768 -32768
42 157 -167 -198 198 -32768 -32768 -32768 -32768
43 197 -211 -206 207 -32768 -32768 -32768 -32768
44 236 -245 -191 191 -32768 -32768 -32768 -32768
45 230 -240 -132 130 -32768 -32768 -32768 -32768
46 247 -262 -106 105 -32768 -32768 -32768 -32768
47 415 -419 -124 124 -32768 -32768 -32768 -32768
48 449 -459 -97 95 -32768 -32768 -32768 -32768
49 471 -482 -62 61 -32768 -32768 -32768 -32768
50 493 -501 -30 29 -32768 -32768 -32768 -32768
51 493 -503 -9 7 -32768 -32768 -32768 -32768
52 526 -534 14 -12 -32768 -32768 -32768 -32768
