OSINK 9B
1
29.10.20
Osova
0.0 0.0
0.0
0.00 0.00
-1.00 -1.00
0.00 0.00
20000.00
0.0
50
50
N
1
52
1 -2 -3 227 -211 -32768 -32768 -32768 -32768
2 -2 -3 227 -210 -32768 -32768 -32768 -32768
3 -2 -3 227 -210 -32768 -32768 -32768 -32768
4 -2 -3 226 -211 -32768 -32768 -32768 -32768
5 -2 -3 226 -211 -32768 -32768 -32768 -32768
6 -2 -3 226 -211 -32768 -32768 -32768 -32768
7 -3 -3 224 -211 -32768 -32768 -32768 -32768
8 -37 27 129 -126 -32768 -32768 -32768 -32768
9 -11 0 72 -68 -32768 -32768 -32768 -32768
10 19 -29 71 -62 -32768 -32768 -32768 -32768
11 54 -62 11 -9 -32768 -32768 -32768 -32768
12 92 -103 -35 40 -32768 -32768 -32768 -32768
13 97 -107 -51 58 -32768 -32768 -32768 -32768
14 82 -91 -38 44 -32768 -32768 -32768 -32768
15 58 -68 -34 39 -32768 -32768 -32768 -32768
16 38 -50 -28 33 -32768 -32768 -32768 -32768
17 38 -48 -47 51 -32768 -32768 -32768 -32768
18 39 -50 -91 99 -32768 -32768 -32768 -32768
19 37 -49 -115 120 -32768 -32768 -32768 -32768
20 22 -33 -130 134 -32768 -32768 -32768 -32768
21 6 -17 -146 152 -32768 -32768 -32768 -32768
22 3 -13 -185 189 -32768 -32768 -32768 -32768
23 40 -49 -209 213 -32768 -32768 -32768 -32768
24 66 -76 -193 201 -32768 -32768 -32768 -32768
25 77 -87 -183 188 -32768 -32768 -32768 -32768
26 89 -99 -165 170 -32768 -32768 -32768 -32768
27 77 -85 -153 157 -32768 -32768 -32768 -32768
28 110 -120 -151 157 -32768 -32768 -32768 -32768
29 185 -196 -197 201 -32768 -32768 -32768 -32768
30 179 -189 -181 189 -32768 -32768 -32768 -32768
31 163 -174 -160 170 -32768 -32768 -32768 -32768
32 152 -164 -143 147 -32768 -32768 -32768 -32768
33 148 -158 -116 123 -32768 -32768 -32768 -32768
34 156 -167 -107 112 -32768 -32768 -32768 -32768
35 209 -222 -162 166 -32768 -32768 -32768 -32768
36 229 -240 -208 214 -32768 -32768 -32768 -32768
37 192 -202 -201 207 -32768 -32768 -32768 -32768
38 157 -165 -187 193 -32768 -32768 -32768 -32768
39 132 -142 -187 191 -32768 -32768 -32768 -32768
40 118 -130 -205 210 -32768 -32768 -32768 -32768
41 123 -134 -204 208 -32768 -32768 -32768 -32768
42 153 -163 -195 201 -32768 -32768 -32768 -32768
43 192 -204 -200 206 -32768 -32768 -32768 -32768
44 234 -243 -190 196 -32768 -32768 -32768 -32768
45 230 -241 -138 143 -32768 -32768 -32768 -32768
46 245 -256 -104 108 -32768 -32768 -32768 -32768
47 394 -410 -125 126 -32768 -32768 -32768 -32768
48 448 -458 -94 100 -32768 -32768 -32768 -32768
49 471 -481 -59 65 -32768 -32768 -32768 -32768
50 492 -501 -27 35 -32768 -32768 -32768 -32768
51 494 -503 -7 10 -32768 -32768 -32768 -32768
52 523 -535 14 -11 -32768 -32768 -32768 -32768
