OSINK 9B
1
14.04.21
Osova
0.0 0.0
0.0
0.00 0.00
-1.00 -1.00
0.00 0.00
20000.00
0.0
50
50
N
1
52
1 60 -74 -27 31 -32768 -32768 -32768 -32768
2 59 -74 -26 31 -32768 -32768 -32768 -32768
3 59 -74 -26 31 -32768 -32768 -32768 -32768
4 59 -74 -26 31 -32768 -32768 -32768 -32768
5 59 -78 -26 31 -32768 -32768 -32768 -32768
6 59 -78 -26 31 -32768 -32768 -32768 -32768
7 59 -78 -26 31 -32768 -32768 -32768 -32768
8 59 -77 -26 31 -32768 -32768 -32768 -32768
9 58 -77 -24 31 -32768 -32768 -32768 -32768
10 58 -77 -24 31 -32768 -32768 -32768 -32768
11 58 -77 -24 31 -32768 -32768 -32768 -32768
12 58 -77 -24 31 -32768 -32768 -32768 -32768
13 58 -77 -25 31 -32768 -32768 -32768 -32768
14 58 -76 -25 31 -32768 -32768 -32768 -32768
15 58 -76 -25 31 -32768 -32768 -32768 -32768
16 27 -43 -23 21 -32768 -32768 -32768 -32768
17 19 -45 -67 80 -32768 -32768 -32768 -32768
18 25 -45 -100 110 -32768 -32768 -32768 -32768
19 21 -41 -119 125 -32768 -32768 -32768 -32768
20 3 -30 -133 145 -32768 -32768 -32768 -32768
21 -1 -15 -154 161 -32768 -32768 -32768 -32768
22 -6 -13 -188 198 -32768 -32768 -32768 -32768
23 57 -69 -207 212 -32768 -32768 -32768 -32768
24 59 -80 -191 201 -32768 -32768 -32768 -32768
25 75 -94 -177 185 -32768 -32768 -32768 -32768
26 86 -107 -163 171 -32768 -32768 -32768 -32768
27 83 -103 -157 163 -32768 -32768 -32768 -32768
28 132 -148 -159 167 -32768 -32768 -32768 -32768
29 192 -214 -206 209 -32768 -32768 -32768 -32768
30 173 -195 -175 189 -32768 -32768 -32768 -32768
31 159 -178 -156 165 -32768 -32768 -32768 -32768
32 147 -166 -140 147 -32768 -32768 -32768 -32768
33 145 -168 -112 121 -32768 -32768 -32768 -32768
34 154 -176 -104 112 -32768 -32768 -32768 -32768
35 216 -245 -176 190 -32768 -32768 -32768 -32768
36 221 -241 -208 216 -32768 -32768 -32768 -32768
37 188 -209 -199 208 -32768 -32768 -32768 -32768
38 150 -170 -184 195 -32768 -32768 -32768 -32768
39 128 -148 -192 196 -32768 -32768 -32768 -32768
40 118 -138 -205 211 -32768 -32768 -32768 -32768
41 122 -142 -205 210 -32768 -32768 -32768 -32768
42 153 -172 -194 202 -32768 -32768 -32768 -32768
43 195 -214 -203 210 -32768 -32768 -32768 -32768
44 232 -245 -184 196 -32768 -32768 -32768 -32768
45 227 -245 -130 139 -32768 -32768 -32768 -32768
46 241 -264 -106 109 -32768 -32768 -32768 -32768
47 406 -424 -126 128 -32768 -32768 -32768 -32768
48 445 -464 -92 100 -32768 -32768 -32768 -32768
49 467 -487 -61 67 -32768 -32768 -32768 -32768
50 489 -510 -26 35 -32768 -32768 -32768 -32768
51 491 -509 -3 12 -32768 -32768 -32768 -32768
52 518 -537 14 -7 -32768 -32768 -32768 -32768
