OSINK 9B
1
12.11.20
Osova
0.0 0.0
0.0
0.00 0.00
-1.00 -1.00
0.00 0.00
20000.00
0.0
50
50
N
1
52
1 56 -72 -36 39 -32768 -32768 -32768 -32768
2 56 -72 -36 39 -32768 -32768 -32768 -32768
3 56 -72 -36 39 -32768 -32768 -32768 -32768
4 56 -72 -38 39 -32768 -32768 -32768 -32768
5 56 -72 -37 39 -32768 -32768 -32768 -32768
6 56 -72 -37 39 -32768 -32768 -32768 -32768
7 56 -72 -38 39 -32768 -32768 -32768 -32768
8 57 -72 -37 39 -32768 -32768 -32768 -32768
9 56 -72 -37 40 -32768 -32768 -32768 -32768
10 56 -72 -37 40 -32768 -32768 -32768 -32768
11 56 -72 -37 40 -32768 -32768 -32768 -32768
12 57 -72 -37 39 -32768 -32768 -32768 -32768
13 57 -72 -37 39 -32768 -32768 -32768 -32768
14 57 -72 -37 39 -32768 -32768 -32768 -32768
15 55 -72 -37 39 -32768 -32768 -32768 -32768
16 28 -46 -24 20 -32768 -32768 -32768 -32768
17 35 -57 -74 75 -32768 -32768 -32768 -32768
18 36 -52 -100 103 -32768 -32768 -32768 -32768
19 28 -44 -122 121 -32768 -32768 -32768 -32768
20 12 -29 -137 138 -32768 -32768 -32768 -32768
21 2 -19 -158 158 -32768 -32768 -32768 -32768
22 -11 -10 -194 191 -32768 -32768 -32768 -32768
23 62 -71 -211 211 -32768 -32768 -32768 -32768
24 60 -77 -195 197 -32768 -32768 -32768 -32768
25 77 -91 -179 180 -32768 -32768 -32768 -32768
26 82 -98 -164 165 -32768 -32768 -32768 -32768
27 80 -93 -158 158 -32768 -32768 -32768 -32768
28 129 -143 -160 161 -32768 -32768 -32768 -32768
29 180 -200 -204 202 -32768 -32768 -32768 -32768
30 173 -189 -181 185 -32768 -32768 -32768 -32768
31 157 -173 -160 160 -32768 -32768 -32768 -32768
32 145 -162 -143 142 -32768 -32768 -32768 -32768
33 144 -162 -116 115 -32768 -32768 -32768 -32768
34 150 -169 -102 106 -32768 -32768 -32768 -32768
35 224 -243 -197 186 -32768 -32768 -32768 -32768
36 217 -234 -212 212 -32768 -32768 -32768 -32768
37 185 -202 -203 203 -32768 -32768 -32768 -32768
38 154 -163 -187 189 -32768 -32768 -32768 -32768
39 125 -143 -195 193 -32768 -32768 -32768 -32768
40 115 -135 -212 204 -32768 -32768 -32768 -32768
41 127 -139 -202 209 -32768 -32768 -32768 -32768
42 152 -170 -197 200 -32768 -32768 -32768 -32768
43 194 -213 -207 208 -32768 -32768 -32768 -32768
44 232 -247 -188 190 -32768 -32768 -32768 -32768
45 226 -242 -135 135 -32768 -32768 -32768 -32768
46 252 -267 -112 102 -32768 -32768 -32768 -32768
47 418 -429 -122 129 -32768 -32768 -32768 -32768
48 447 -462 -95 96 -32768 -32768 -32768 -32768
49 471 -487 -60 61 -32768 -32768 -32768 -32768
50 489 -506 -28 32 -32768 -32768 -32768 -32768
51 491 -504 -11 6 -32768 -32768 -32768 -32768
52 538 -553 21 0 -32768 -32768 -32768 -32768
