OSINK 9B
1
06.11.20
Osova
0.0 0.0
0.0
0.00 0.00
-1.00 -1.00
0.00 0.00
20000.00
0.0
50
50
N
1
52
1 67 -72 -36 30 -32768 -32768 -32768 -32768
2 67 -71 -36 31 -32768 -32768 -32768 -32768
3 67 -71 -36 31 -32768 -32768 -32768 -32768
4 66 -71 -33 31 -32768 -32768 -32768 -32768
5 66 -72 -33 32 -32768 -32768 -32768 -32768
6 67 -72 -38 32 -32768 -32768 -32768 -32768
7 67 -72 -38 31 -32768 -32768 -32768 -32768
8 67 -72 -38 31 -32768 -32768 -32768 -32768
9 66 -72 -35 31 -32768 -32768 -32768 -32768
10 66 -72 -35 32 -32768 -32768 -32768 -32768
11 66 -72 -36 32 -32768 -32768 -32768 -32768
12 66 -72 -36 34 -32768 -32768 -32768 -32768
13 66 -72 -35 34 -32768 -32768 -32768 -32768
14 66 -74 -35 32 -32768 -32768 -32768 -32768
15 66 -74 -35 32 -32768 -32768 -32768 -32768
16 32 -42 -22 21 -32768 -32768 -32768 -32768
17 41 -53 -68 75 -32768 -32768 -32768 -32768
18 40 -47 -99 103 -32768 -32768 -32768 -32768
19 33 -41 -122 119 -32768 -32768 -32768 -32768
20 18 -25 -136 137 -32768 -32768 -32768 -32768
21 7 -14 -157 158 -32768 -32768 -32768 -32768
22 -5 -6 -193 192 -32768 -32768 -32768 -32768
23 68 -71 -211 211 -32768 -32768 -32768 -32768
24 67 -73 -194 197 -32768 -32768 -32768 -32768
25 81 -88 -179 179 -32768 -32768 -32768 -32768
26 86 -94 -165 165 -32768 -32768 -32768 -32768
27 84 -92 -157 158 -32768 -32768 -32768 -32768
28 130 -139 -158 161 -32768 -32768 -32768 -32768
29 185 -194 -203 201 -32768 -32768 -32768 -32768
30 178 -186 -181 185 -32768 -32768 -32768 -32768
31 163 -170 -159 160 -32768 -32768 -32768 -32768
32 150 -156 -143 141 -32768 -32768 -32768 -32768
33 151 -157 -115 116 -32768 -32768 -32768 -32768
34 155 -165 -102 106 -32768 -32768 -32768 -32768
35 227 -238 -194 188 -32768 -32768 -32768 -32768
36 223 -230 -213 211 -32768 -32768 -32768 -32768
37 193 -198 -202 204 -32768 -32768 -32768 -32768
38 155 -158 -187 188 -32768 -32768 -32768 -32768
39 132 -138 -193 192 -32768 -32768 -32768 -32768
40 120 -130 -211 204 -32768 -32768 -32768 -32768
41 130 -135 -200 209 -32768 -32768 -32768 -32768
42 160 -167 -198 197 -32768 -32768 -32768 -32768
43 200 -207 -205 206 -32768 -32768 -32768 -32768
44 237 -243 -187 190 -32768 -32768 -32768 -32768
45 234 -237 -133 134 -32768 -32768 -32768 -32768
46 248 -261 -112 100 -32768 -32768 -32768 -32768
47 421 -425 -122 128 -32768 -32768 -32768 -32768
48 452 -459 -94 94 -32768 -32768 -32768 -32768
49 475 -481 -59 60 -32768 -32768 -32768 -32768
50 495 -501 -29 30 -32768 -32768 -32768 -32768
51 495 -501 -7 7 -32768 -32768 -32768 -32768
52 529 -517 15 -7 -32768 -32768 -32768 -32768