OSINK 9B
1
16.10.20
Osova
0.0 0.0
0.0
0.00 0.00
-1.00 -1.00
0.00 0.00
20000.00
0.0
50
50
N
1
52
1 -12 13 219 -210 -32768 -32768 -32768 -32768
2 -12 12 219 -209 -32768 -32768 -32768 -32768
3 -12 12 219 -209 -32768 -32768 -32768 -32768
4 -13 13 218 -209 -32768 -32768 -32768 -32768
5 -13 13 218 -209 -32768 -32768 -32768 -32768
6 -13 13 218 -210 -32768 -32768 -32768 -32768
7 -15 13 213 -210 -32768 -32768 -32768 -32768
8 -34 35 122 -128 -32768 -32768 -32768 -32768
9 -1 4 64 -72 -32768 -32768 -32768 -32768
10 27 -23 64 -70 -32768 -32768 -32768 -32768
11 64 -56 2 -14 -32768 -32768 -32768 -32768
12 100 -96 -41 35 -32768 -32768 -32768 -32768
13 104 -101 -56 50 -32768 -32768 -32768 -32768
14 87 -83 -44 38 -32768 -32768 -32768 -32768
15 65 -61 -40 33 -32768 -32768 -32768 -32768
16 45 -43 -34 26 -32768 -32768 -32768 -32768
17 45 -42 -55 46 -32768 -32768 -32768 -32768
18 45 -43 -97 92 -32768 -32768 -32768 -32768
19 45 -40 -121 114 -32768 -32768 -32768 -32768
20 27 -26 -135 128 -32768 -32768 -32768 -32768
21 13 -10 -151 147 -32768 -32768 -32768 -32768
22 9 -7 -190 183 -32768 -32768 -32768 -32768
23 48 -46 -214 206 -32768 -32768 -32768 -32768
24 73 -69 -198 194 -32768 -32768 -32768 -32768
25 85 -80 -188 182 -32768 -32768 -32768 -32768
26 95 -92 -171 164 -32768 -32768 -32768 -32768
27 82 -78 -158 152 -32768 -32768 -32768 -32768
28 122 -118 -158 153 -32768 -32768 -32768 -32768
29 191 -188 -204 196 -32768 -32768 -32768 -32768
30 186 -182 -186 183 -32768 -32768 -32768 -32768
31 169 -167 -166 160 -32768 -32768 -32768 -32768
32 159 -154 -149 141 -32768 -32768 -32768 -32768
33 156 -151 -122 117 -32768 -32768 -32768 -32768
34 164 -160 -113 107 -32768 -32768 -32768 -32768
35 221 -218 -175 166 -32768 -32768 -32768 -32768
36 234 -232 -214 208 -32768 -32768 -32768 -32768
37 199 -196 -206 202 -32768 -32768 -32768 -32768
38 161 -157 -192 184 -32768 -32768 -32768 -32768
39 137 -134 -194 186 -32768 -32768 -32768 -32768
40 126 -122 -211 204 -32768 -32768 -32768 -32768
41 130 -126 -210 203 -32768 -32768 -32768 -32768
42 160 -157 -201 194 -32768 -32768 -32768 -32768
43 202 -197 -208 201 -32768 -32768 -32768 -32768
44 242 -236 -195 190 -32768 -32768 -32768 -32768
45 236 -232 -145 137 -32768 -32768 -32768 -32768
46 253 -250 -110 103 -32768 -32768 -32768 -32768
47 411 -410 -132 121 -32768 -32768 -32768 -32768
48 455 -452 -101 93 -32768 -32768 -32768 -32768
49 476 -474 -63 58 -32768 -32768 -32768 -32768
50 499 -495 -34 27 -32768 -32768 -32768 -32768
51 501 -497 -12 4 -32768 -32768 -32768 -32768
52 531 -528 9 -17 -32768 -32768 -32768 -32768
