OSINK 2B
1
02.07.20
Osova
0.0 0.0
0.0
0.00 0.00
-1.00 -1.00
0.00 0.00
20000.00
0.0
50
50
N
1
52
1 301 -299 116 -101 -126 117 298 -301
2 301 -299 116 -101 -126 117 298 -301
3 264 -270 90 -93 -92 87 263 -266
4 232 -238 76 -76 -77 72 233 -235
5 219 -225 51 -54 -52 48 219 -222
6 217 -227 16 -29 -23 18 217 -225
7 167 -169 -26 32 28 -33 169 -166
8 125 -130 -51 46 47 -53 127 -130
9 77 -83 -53 50 49 -54 79 -81
10 53 -60 -61 60 59 -65 56 -58
11 40 -46 -57 52 53 -60 42 -46
12 24 -33 -55 56 52 -57 30 -24
13 10 -13 -79 74 75 -80 7 -18
14 -15 9 -104 105 102 -108 -10 11
15 -50 40 -137 134 135 -140 -44 39
16 -71 66 -156 153 150 -156 -70 66
17 -77 71 -163 161 155 -161 -76 73
18 -109 100 -162 160 155 -162 -106 101
19 -126 118 -178 176 177 -184 -125 122
20 -141 135 -151 147 147 -152 -139 136
21 -151 144 -105 103 100 -106 -145 143
22 -145 146 -83 82 76 -84 -148 146
23 -143 138 -69 63 60 -68 -145 141
24 -143 138 -50 47 43 -47 -135 130
25 -189 182 -52 48 44 -51 -186 186
26 -207 200 -14 14 8 -12 -204 205
27 -217 211 24 -29 -33 26 -215 212
28 -216 210 57 -61 -66 61 -216 214
29 -217 213 95 -98 -99 94 -214 210
30 -195 188 134 -139 -147 141 -195 190
31 -137 128 152 -157 -162 154 -132 130
32 -93 86 152 -151 -156 148 -93 91
33 -50 44 143 -147 -147 141 -53 51
34 -8 1 126 -129 -132 125 -6 2
35 27 -34 109 -110 -114 108 25 -28
36 57 -63 100 -103 -103 98 57 -60
37 92 -99 75 -78 -78 74 94 -95
38 89 -95 79 -80 -82 77 90 -90
39 93 -99 59 -63 -64 57 93 -97
40 82 -89 42 -45 -46 40 83 -87
41 75 -82 6 -8 -10 4 78 -82
42 63 -68 -33 31 28 -33 63 -66
43 81 -90 -36 31 33 -39 84 -87
44 53 -58 -57 57 53 -60 57 -57
45 50 -59 -89 86 85 -91 52 -57
46 49 -55 -86 84 79 -89 56 -55
47 1 -9 -113 111 108 -115 3 -6
48 -26 18 -132 130 128 -136 -19 16
49 -70 63 -192 189 187 -194 -69 65
50 -91 84 -227 227 223 -229 -84 85
51 -113 105 -262 259 259 -264 -108 104
52 -135 126 -299 297 295 -300 -131 127