OSINK 2B
1
11.11.20
Osova
0.0 0.0
0.0
0.00 0.00
-1.00 -1.00
0.00 0.00
20000.00
0.0
50
50
N
1
52
1 244 -265 103 -119 -32768 -32768 -32768 -32768
2 244 -265 103 -119 -32768 -32768 -32768 -32768
3 232 -256 90 -96 -32768 -32768 -32768 -32768
4 214 -236 69 -74 -32768 -32768 -32768 -32768
5 200 -222 39 -51 -32768 -32768 -32768 -32768
6 200 -217 8 -11 -32768 -32768 -32768 -32768
7 129 -153 -40 32 -32768 -32768 -32768 -32768
8 96 -120 -52 44 -32768 -32768 -32768 -32768
9 48 -74 -57 50 -32768 -32768 -32768 -32768
10 32 -55 -62 57 -32768 -32768 -32768 -32768
11 24 -47 -57 48 -32768 -32768 -32768 -32768
12 5 -26 -65 56 -32768 -32768 -32768 -32768
13 -16 -8 -86 78 -32768 -32768 -32768 -32768
14 -37 12 -117 109 -32768 -32768 -32768 -32768
15 -70 46 -142 134 -32768 -32768 -32768 -32768
16 -89 65 -159 152 -32768 -32768 -32768 -32768
17 -87 66 -166 160 -32768 -32768 -32768 -32768
18 -132 111 -166 159 -32768 -32768 -32768 -32768
19 -131 109 -178 171 -32768 -32768 -32768 -32768
20 -151 131 -142 134 -32768 -32768 -32768 -32768
21 -158 133 -102 94 -32768 -32768 -32768 -32768
22 -155 135 -81 75 -32768 -32768 -32768 -32768
23 -146 123 -68 59 -32768 -32768 -32768 -32768
24 -149 130 -57 40 -32768 -32768 -32768 -32768
25 -188 166 -50 44 -32768 -32768 -32768 -32768
26 -207 185 -11 9 -32768 -32768 -32768 -32768
27 -217 195 25 -33 -32768 -32768 -32768 -32768
28 -217 195 63 -69 -32768 -32768 -32768 -32768
29 -215 194 104 -106 -32768 -32768 -32768 -32768
30 -184 165 138 -142 -32768 -32768 -32768 -32768
31 -130 105 153 -161 -32768 -32768 -32768 -32768
32 -87 62 150 -156 -32768 -32768 -32768 -32768
33 -50 26 137 -150 -32768 -32768 -32768 -32768
34 -2 -23 125 -129 -32768 -32768 -32768 -32768
35 29 -52 108 -113 -32768 -32768 -32768 -32768
36 57 -85 98 -102 -32768 -32768 -32768 -32768
37 95 -117 71 -78 -32768 -32768 -32768 -32768
38 89 -112 77 -83 -32768 -32768 -32768 -32768
39 91 -114 57 -67 -32768 -32768 -32768 -32768
40 80 -104 38 -47 -32768 -32768 -32768 -32768
41 74 -95 2 -8 -32768 -32768 -32768 -32768
42 60 -83 -37 32 -32768 -32768 -32768 -32768
43 76 -99 -36 29 -32768 -32768 -32768 -32768
44 42 -62 -59 57 -32768 -32768 -32768 -32768
45 44 -68 -102 93 -32768 -32768 -32768 -32768
46 55 -74 -81 75 -32768 -32768 -32768 -32768
47 -5 -18 -113 107 -32768 -32768 -32768 -32768
48 -41 15 -136 126 -32768 -32768 -32768 -32768
49 -77 53 -196 191 -32768 -32768 -32768 -32768
50 -95 73 -230 225 -32768 -32768 -32768 -32768
51 -117 95 -262 255 -32768 -32768 -32768 -32768
52 -145 120 -299 291 -32768 -32768 -32768 -32768
