OSINK 2B
1
18.11.20
Osova
0.0 0.0
0.0
0.00 0.00
-1.00 -1.00
0.00 0.00
20000.00
0.0
50
50
N
1
52
1 242 -258 105 -119 -32768 -32768 -32768 -32768
2 242 -257 105 -119 -32768 -32768 -32768 -32768
3 235 -252 89 -90 -32768 -32768 -32768 -32768
4 217 -233 70 -70 -32768 -32768 -32768 -32768
5 202 -219 42 -43 -32768 -32768 -32768 -32768
6 197 -215 9 -9 -32768 -32768 -32768 -32768
7 131 -150 -38 36 -32768 -32768 -32768 -32768
8 98 -115 -48 48 -32768 -32768 -32768 -32768
9 49 -67 -54 55 -32768 -32768 -32768 -32768
10 35 -51 -60 59 -32768 -32768 -32768 -32768
11 25 -43 -54 51 -32768 -32768 -32768 -32768
12 7 -24 -60 61 -32768 -32768 -32768 -32768
13 -12 -5 -82 81 -32768 -32768 -32768 -32768
14 -34 17 -115 116 -32768 -32768 -32768 -32768
15 -67 49 -139 139 -32768 -32768 -32768 -32768
16 -86 69 -155 156 -32768 -32768 -32768 -32768
17 -86 69 -164 164 -32768 -32768 -32768 -32768
18 -130 114 -163 163 -32768 -32768 -32768 -32768
19 -128 111 -173 175 -32768 -32768 -32768 -32768
20 -149 133 -135 134 -32768 -32768 -32768 -32768
21 -154 137 -99 97 -32768 -32768 -32768 -32768
22 -152 136 -76 78 -32768 -32768 -32768 -32768
23 -143 125 -64 61 -32768 -32768 -32768 -32768
24 -142 130 -54 44 -32768 -32768 -32768 -32768
25 -188 170 -48 46 -32768 -32768 -32768 -32768
26 -206 187 -6 9 -32768 -32768 -32768 -32768
27 -214 198 30 -31 -32768 -32768 -32768 -32768
28 -215 199 67 -68 -32768 -32768 -32768 -32768
29 -213 196 105 -104 -32768 -32768 -32768 -32768
30 -178 166 142 -140 -32768 -32768 -32768 -32768
31 -124 111 157 -159 -32768 -32768 -32768 -32768
32 -84 72 153 -153 -32768 -32768 -32768 -32768
33 -45 29 144 -147 -32768 -32768 -32768 -32768
34 4 -18 126 -128 -32768 -32768 -32768 -32768
35 32 -49 111 -110 -32768 -32768 -32768 -32768
36 65 -79 98 -101 -32768 -32768 -32768 -32768
37 98 -115 74 -75 -32768 -32768 -32768 -32768
38 92 -109 81 -80 -32768 -32768 -32768 -32768
39 95 -111 60 -63 -32768 -32768 -32768 -32768
40 83 -101 41 -41 -32768 -32768 -32768 -32768
41 78 -94 4 -6 -32768 -32768 -32768 -32768
42 62 -81 -34 34 -32768 -32768 -32768 -32768
43 78 -97 -33 32 -32768 -32768 -32768 -32768
44 44 -58 -57 59 -32768 -32768 -32768 -32768
45 45 -65 -100 96 -32768 -32768 -32768 -32768
46 56 -73 -79 78 -32768 -32768 -32768 -32768
47 -1 -16 -110 109 -32768 -32768 -32768 -32768
48 -34 14 -131 129 -32768 -32768 -32768 -32768
49 -73 56 -189 188 -32768 -32768 -32768 -32768
50 -91 75 -225 226 -32768 -32768 -32768 -32768
51 -119 98 -263 258 -32768 -32768 -32768 -32768
52 -141 120 -294 294 -32768 -32768 -32768 -32768
