OSINK 2B
1
01.10.21
Osova
0.0 0.0
0.0
0.00 0.00
-1.00 -1.00
0.00 0.00
20000.00
0.0
50
50
N
1
52
1 258 -283 71 -73 -32768 -32768 -32768 -32768
2 258 -283 71 -73 -32768 -32768 -32768 -32768
3 253 -280 90 -80 -32768 -32768 -32768 -32768
4 224 -249 78 -69 -32768 -32768 -32768 -32768
5 194 -222 36 -30 -32768 -32768 -32768 -32768
6 179 -210 10 -5 -32768 -32768 -32768 -32768
7 120 -148 -37 43 -32768 -32768 -32768 -32768
8 88 -114 -42 50 -32768 -32768 -32768 -32768
9 51 -78 -50 59 -32768 -32768 -32768 -32768
10 33 -59 -55 63 -32768 -32768 -32768 -32768
11 21 -49 -49 52 -32768 -32768 -32768 -32768
12 4 -30 -59 66 -32768 -32768 -32768 -32768
13 -13 -14 -80 84 -32768 -32768 -32768 -32768
14 -37 10 -109 119 -32768 -32768 -32768 -32768
15 -71 44 -136 143 -32768 -32768 -32768 -32768
16 -90 63 -152 160 -32768 -32768 -32768 -32768
17 -91 63 -160 168 -32768 -32768 -32768 -32768
18 -134 108 -161 168 -32768 -32768 -32768 -32768
19 -132 105 -172 177 -32768 -32768 -32768 -32768
20 -152 124 -138 143 -32768 -32768 -32768 -32768
21 -160 132 -98 103 -32768 -32768 -32768 -32768
22 -156 129 -75 84 -32768 -32768 -32768 -32768
23 -145 117 -62 66 -32768 -32768 -32768 -32768
24 -147 125 -51 51 -32768 -32768 -32768 -32768
25 -188 162 -44 49 -32768 -32768 -32768 -32768
26 -206 177 -2 14 -32768 -32768 -32768 -32768
27 -213 186 31 -26 -32768 -32768 -32768 -32768
28 -215 187 68 -63 -32768 -32768 -32768 -32768
29 -212 185 107 -98 -32768 -32768 -32768 -32768
30 -180 152 143 -136 -32768 -32768 -32768 -32768
31 -127 96 158 -154 -32768 -32768 -32768 -32768
32 -82 55 158 -147 -32768 -32768 -32768 -32768
33 -45 16 148 -142 -32768 -32768 -32768 -32768
34 4 -31 132 -123 -32768 -32768 -32768 -32768
35 32 -60 115 -107 -32768 -32768 -32768 -32768
36 61 -89 103 -97 -32768 -32768 -32768 -32768
37 98 -126 78 -72 -32768 -32768 -32768 -32768
38 90 -118 85 -76 -32768 -32768 -32768 -32768
39 94 -120 65 -57 -32768 -32768 -32768 -32768
40 81 -109 44 -38 -32768 -32768 -32768 -32768
41 76 -103 7 0 -32768 -32768 -32768 -32768
42 62 -89 -31 39 -32768 -32768 -32768 -32768
43 75 -105 -30 35 -32768 -32768 -32768 -32768
44 40 -62 -53 64 -32768 -32768 -32768 -32768
45 46 -77 -96 101 -32768 -32768 -32768 -32768
46 51 -79 -77 82 -32768 -32768 -32768 -32768
47 -4 -21 -107 112 -32768 -32768 -32768 -32768
48 -37 3 -133 130 -32768 -32768 -32768 -32768
49 -75 47 -188 195 -32768 -32768 -32768 -32768
50 -94 69 -222 233 -32768 -32768 -32768 -32768
51 -116 89 -255 264 -32768 -32768 -32768 -32768
52 -143 116 -291 299 -32768 -32768 -32768 -32768
