OSINK 2B
1
07.10.20
Osova
0.0 0.0
0.0
0.00 0.00
-1.00 -1.00
0.00 0.00
20000.00
0.0
50
50
N
1
52
1 248 -259 123 -109 -32768 -32768 -32768 -32768
2 248 -259 123 -109 -32768 -32768 -32768 -32768
3 245 -256 95 -93 -32768 -32768 -32768 -32768
4 225 -235 80 -76 -32768 -32768 -32768 -32768
5 210 -219 52 -54 -32768 -32768 -32768 -32768
6 209 -223 16 -26 -32768 -32768 -32768 -32768
7 152 -165 -24 33 -32768 -32768 -32768 -32768
8 114 -125 -47 47 -32768 -32768 -32768 -32768
9 66 -76 -51 52 -32768 -32768 -32768 -32768
10 43 -53 -57 61 -32768 -32768 -32768 -32768
11 33 -42 -53 52 -32768 -32768 -32768 -32768
12 14 -26 -54 57 -32768 -32768 -32768 -32768
13 0 -7 -79 76 -32768 -32768 -32768 -32768
14 -23 12 -103 108 -32768 -32768 -32768 -32768
15 -55 47 -134 136 -32768 -32768 -32768 -32768
16 -78 68 -156 155 -32768 -32768 -32768 -32768
17 -82 71 -161 163 -32768 -32768 -32768 -32768
18 -119 109 -158 157 -32768 -32768 -32768 -32768
19 -125 115 -177 180 -32768 -32768 -32768 -32768
20 -142 133 -147 147 -32768 -32768 -32768 -32768
21 -151 141 -103 103 -32768 -32768 -32768 -32768
22 -148 140 -79 82 -32768 -32768 -32768 -32768
23 -140 129 -66 62 -32768 -32768 -32768 -32768
24 -142 132 -49 47 -32768 -32768 -32768 -32768
25 -185 171 -48 52 -32768 -32768 -32768 -32768
26 -200 189 -11 12 -32768 -32768 -32768 -32768
27 -213 201 27 -23 -32768 -32768 -32768 -32768
28 -212 202 61 -62 -32768 -32768 -32768 -32768
29 -212 205 98 -101 -32768 -32768 -32768 -32768
30 -187 175 138 -137 -32768 -32768 -32768 -32768
31 -125 116 157 -157 -32768 -32768 -32768 -32768
32 -84 77 154 -152 -32768 -32768 -32768 -32768
33 -43 32 145 -146 -32768 -32768 -32768 -32768
34 2 -12 129 -129 -32768 -32768 -32768 -32768
35 32 -43 112 -110 -32768 -32768 -32768 -32768
36 63 -73 102 -101 -32768 -32768 -32768 -32768
37 100 -110 75 -74 -32768 -32768 -32768 -32768
38 93 -105 82 -80 -32768 -32768 -32768 -32768
39 97 -106 62 -62 -32768 -32768 -32768 -32768
40 85 -96 43 -43 -32768 -32768 -32768 -32768
41 79 -89 6 -6 -32768 -32768 -32768 -32768
42 66 -76 -32 35 -32768 -32768 -32768 -32768
43 81 -92 -32 32 -32768 -32768 -32768 -32768
44 46 -53 -56 60 -32768 -32768 -32768 -32768
45 49 -62 -98 97 -32768 -32768 -32768 -32768
46 58 -67 -78 79 -32768 -32768 -32768 -32768
47 1 -9 -110 110 -32768 -32768 -32768 -32768
48 -34 21 -136 132 -32768 -32768 -32768 -32768
49 -69 59 -191 190 -32768 -32768 -32768 -32768
50 -88 79 -226 228 -32768 -32768 -32768 -32768
51 -110 101 -260 260 -32768 -32768 -32768 -32768
52 -135 126 -296 297 -32768 -32768 -32768 -32768
