OSINK 2B
1
09.09.20
Osova
0.0 0.0
0.0
0.00 0.00
-1.00 -1.00
0.00 0.00
20000.00
0.0
50
50
N
1
52
1 256 -271 132 -115 -32768 -32768 -32768 -32768
2 258 -275 125 -120 -32768 -32768 -32768 -32768
3 243 -260 91 -95 -32768 -32768 -32768 -32768
4 223 -238 76 -77 -32768 -32768 -32768 -32768
5 206 -224 50 -55 -32768 -32768 -32768 -32768
6 204 -226 15 -26 -32768 -32768 -32768 -32768
7 151 -161 -25 33 -32768 -32768 -32768 -32768
8 111 -126 -50 46 -32768 -32768 -32768 -32768
9 62 -83 -53 50 -32768 -32768 -32768 -32768
10 40 -58 -60 59 -32768 -32768 -32768 -32768
11 29 -45 -58 52 -32768 -32768 -32768 -32768
12 12 -33 -54 54 -32768 -32768 -32768 -32768
13 0 -12 -79 74 -32768 -32768 -32768 -32768
14 -24 8 -102 105 -32768 -32768 -32768 -32768
15 -61 42 -136 133 -32768 -32768 -32768 -32768
16 -81 64 -156 153 -32768 -32768 -32768 -32768
17 -86 72 -163 169 -32768 -32768 -32768 -32768
18 -115 110 -161 154 -32768 -32768 -32768 -32768
19 -132 113 -180 176 -32768 -32768 -32768 -32768
20 -147 132 -150 145 -32768 -32768 -32768 -32768
21 -157 139 -106 101 -32768 -32768 -32768 -32768
22 -156 141 -81 80 -32768 -32768 -32768 -32768
23 -150 133 -68 62 -32768 -32768 -32768 -32768
24 -150 133 -50 46 -32768 -32768 -32768 -32768
25 -194 178 -51 47 -32768 -32768 -32768 -32768
26 -210 196 -12 12 -32768 -32768 -32768 -32768
27 -223 206 26 -30 -32768 -32768 -32768 -32768
28 -221 203 59 -63 -32768 -32768 -32768 -32768
29 -224 206 96 -99 -32768 -32768 -32768 -32768
30 -199 182 137 -139 -32768 -32768 -32768 -32768
31 -139 122 155 -159 -32768 -32768 -32768 -32768
32 -96 83 152 -150 -32768 -32768 -32768 -32768
33 -57 38 143 -147 -32768 -32768 -32768 -32768
34 -10 -7 127 -130 -32768 -32768 -32768 -32768
35 22 -40 110 -111 -32768 -32768 -32768 -32768
36 51 -69 102 -103 -32768 -32768 -32768 -32768
37 90 -107 74 -77 -32768 -32768 -32768 -32768
38 86 -103 81 -82 -32768 -32768 -32768 -32768
39 89 -105 60 -64 -32768 -32768 -32768 -32768
40 77 -94 42 -45 -32768 -32768 -32768 -32768
41 73 -89 8 -8 -32768 -32768 -32768 -32768
42 59 -77 -34 33 -32768 -32768 -32768 -32768
43 75 -95 -34 34 -32768 -32768 -32768 -32768
44 43 -57 -57 58 -32768 -32768 -32768 -32768
45 41 -63 -98 94 -32768 -32768 -32768 -32768
46 54 -69 -79 77 -32768 -32768 -32768 -32768
47 -2 -13 -111 108 -32768 -32768 -32768 -32768
48 -36 17 -134 130 -32768 -32768 -32768 -32768
49 -74 56 -191 189 -32768 -32768 -32768 -32768
50 -94 76 -227 226 -32768 -32768 -32768 -32768
51 -116 98 -261 257 -32768 -32768 -32768 -32768
52 -142 123 -296 294 -32768 -32768 -32768 -32768
