OSINK 2B
1
17.02.21
Osova
0.0 0.0
0.0
0.00 0.00
-1.00 -1.00
0.00 0.00
20000.00
0.0
50
50
N
1
52
1 280 -281 81 -76 -32768 -32768 -32768 -32768
2 280 -281 81 -76 -32768 -32768 -32768 -32768
3 261 -265 87 -79 -32768 -32768 -32768 -32768
4 231 -231 77 -70 -32768 -32768 -32768 -32768
5 210 -208 49 -43 -32768 -32768 -32768 -32768
6 205 -199 17 -5 -32768 -32768 -32768 -32768
7 139 -142 -34 39 -32768 -32768 -32768 -32768
8 101 -109 -44 50 -32768 -32768 -32768 -32768
9 57 -62 -50 56 -32768 -32768 -32768 -32768
10 42 -43 -56 62 -32768 -32768 -32768 -32768
11 33 -34 -50 53 -32768 -32768 -32768 -32768
12 16 -15 -57 64 -32768 -32768 -32768 -32768
13 -4 1 -78 83 -32768 -32768 -32768 -32768
14 -24 23 -109 116 -32768 -32768 -32768 -32768
15 -58 57 -136 140 -32768 -32768 -32768 -32768
16 -78 76 -152 159 -32768 -32768 -32768 -32768
17 -76 75 -161 168 -32768 -32768 -32768 -32768
18 -122 119 -161 165 -32768 -32768 -32768 -32768
19 -118 117 -172 177 -32768 -32768 -32768 -32768
20 -137 137 -139 145 -32768 -32768 -32768 -32768
21 -145 143 -99 101 -32768 -32768 -32768 -32768
22 -144 142 -76 84 -32768 -32768 -32768 -32768
23 -133 131 -62 65 -32768 -32768 -32768 -32768
24 -143 130 -54 45 -32768 -32768 -32768 -32768
25 -179 173 -46 48 -32768 -32768 -32768 -32768
26 -196 194 -5 13 -32768 -32768 -32768 -32768
27 -206 205 31 -25 -32768 -32768 -32768 -32768
28 -206 204 67 -61 -32768 -32768 -32768 -32768
29 -206 204 104 -98 -32768 -32768 -32768 -32768
30 -180 177 141 -135 -32768 -32768 -32768 -32768
31 -119 119 159 -155 -32768 -32768 -32768 -32768
32 -77 78 156 -149 -32768 -32768 -32768 -32768
33 -39 38 148 -144 -32768 -32768 -32768 -32768
34 5 -8 133 -126 -32768 -32768 -32768 -32768
35 38 -41 114 -107 -32768 -32768 -32768 -32768
36 65 -68 105 -100 -32768 -32768 -32768 -32768
37 106 -107 77 -72 -32768 -32768 -32768 -32768
38 100 -101 85 -77 -32768 -32768 -32768 -32768
39 104 -103 64 -60 -32768 -32768 -32768 -32768
40 91 -94 48 -41 -32768 -32768 -32768 -32768
41 87 -87 11 -6 -32768 -32768 -32768 -32768
42 72 -72 -31 36 -32768 -32768 -32768 -32768
43 88 -89 -30 34 -32768 -32768 -32768 -32768
44 56 -51 -52 61 -32768 -32768 -32768 -32768
45 49 -57 -96 99 -32768 -32768 -32768 -32768
46 67 -66 -74 81 -32768 -32768 -32768 -32768
47 10 -9 -106 112 -32768 -32768 -32768 -32768
48 -29 21 -135 129 -32768 -32768 -32768 -32768
49 -65 62 -187 191 -32768 -32768 -32768 -32768
50 -82 80 -223 229 -32768 -32768 -32768 -32768
51 -104 102 -256 259 -32768 -32768 -32768 -32768
52 -131 127 -292 297 -32768 -32768 -32768 -32768
