OSINK 2B
1
02.03.21
Osova
0.0 0.0
0.0
0.00 0.00
-1.00 -1.00
0.00 0.00
20000.00
0.0
50
50
N
1
52
1 269 -285 86 -88 -32768 -32768 -32768 -32768
2 269 -285 86 -88 -32768 -32768 -32768 -32768
3 253 -271 90 -82 -32768 -32768 -32768 -32768
4 219 -239 74 -67 -32768 -32768 -32768 -32768
5 200 -218 49 -43 -32768 -32768 -32768 -32768
6 188 -211 12 -7 -32768 -32768 -32768 -32768
7 128 -148 -35 40 -32768 -32768 -32768 -32768
8 93 -112 -43 51 -32768 -32768 -32768 -32768
9 48 -68 -49 58 -32768 -32768 -32768 -32768
10 31 -50 -56 63 -32768 -32768 -32768 -32768
11 23 -42 -50 53 -32768 -32768 -32768 -32768
12 5 -23 -57 65 -32768 -32768 -32768 -32768
13 -12 -6 -79 84 -32768 -32768 -32768 -32768
14 -34 15 -108 117 -32768 -32768 -32768 -32768
15 -69 51 -136 142 -32768 -32768 -32768 -32768
16 -87 68 -152 159 -32768 -32768 -32768 -32768
17 -86 67 -160 170 -32768 -32768 -32768 -32768
18 -131 112 -159 166 -32768 -32768 -32768 -32768
19 -127 109 -171 178 -32768 -32768 -32768 -32768
20 -147 129 -135 144 -32768 -32768 -32768 -32768
21 -154 136 -95 103 -32768 -32768 -32768 -32768
22 -151 135 -75 83 -32768 -32768 -32768 -32768
23 -142 123 -61 65 -32768 -32768 -32768 -32768
24 -151 130 -53 49 -32768 -32768 -32768 -32768
25 -187 169 -43 50 -32768 -32768 -32768 -32768
26 -205 186 -2 10 -32768 -32768 -32768 -32768
27 -214 195 31 -27 -32768 -32768 -32768 -32768
28 -214 196 66 -62 -32768 -32768 -32768 -32768
29 -214 194 107 -98 -32768 -32768 -32768 -32768
30 -182 165 143 -136 -32768 -32768 -32768 -32768
31 -123 108 160 -155 -32768 -32768 -32768 -32768
32 -83 65 158 -148 -32768 -32768 -32768 -32768
33 -44 25 148 -143 -32768 -32768 -32768 -32768
34 3 -21 131 -125 -32768 -32768 -32768 -32768
35 32 -51 115 -106 -32768 -32768 -32768 -32768
36 61 -81 105 -98 -32768 -32768 -32768 -32768
37 98 -118 78 -72 -32768 -32768 -32768 -32768
38 93 -112 86 -77 -32768 -32768 -32768 -32768
39 96 -114 64 -59 -32768 -32768 -32768 -32768
40 83 -103 46 -40 -32768 -32768 -32768 -32768
41 80 -96 8 -3 -32768 -32768 -32768 -32768
42 65 -82 -30 37 -32768 -32768 -32768 -32768
43 79 -99 -29 35 -32768 -32768 -32768 -32768
44 45 -61 -53 61 -32768 -32768 -32768 -32768
45 45 -67 -95 100 -32768 -32768 -32768 -32768
46 56 -76 -73 82 -32768 -32768 -32768 -32768
47 -1 -16 -106 113 -32768 -32768 -32768 -32768
48 -35 14 -133 134 -32768 -32768 -32768 -32768
49 -72 53 -187 193 -32768 -32768 -32768 -32768
50 -91 74 -222 230 -32768 -32768 -32768 -32768
51 -113 95 -256 261 -32768 -32768 -32768 -32768
52 -141 121 -292 298 -32768 -32768 -32768 -32768
