OSINK 2B
1
27.10.20
Osova
0.0 0.0
0.0
0.00 0.00
-1.00 -1.00
0.00 0.00
20000.00
0.0
50
50
N
1
52
1 250 -262 120 -111 -32768 -32768 -32768 -32768
2 250 -262 120 -111 -32768 -32768 -32768 -32768
3 243 -251 96 -94 -32768 -32768 -32768 -32768
4 227 -233 80 -76 -32768 -32768 -32768 -32768
5 211 -218 54 -55 -32768 -32768 -32768 -32768
6 208 -220 17 -27 -32768 -32768 -32768 -32768
7 155 -157 -20 34 -32768 -32768 -32768 -32768
8 116 -121 -46 48 -32768 -32768 -32768 -32768
9 67 -73 -50 53 -32768 -32768 -32768 -32768
10 44 -50 -58 61 -32768 -32768 -32768 -32768
11 34 -40 -54 53 -32768 -32768 -32768 -32768
12 15 -24 -52 54 -32768 -32768 -32768 -32768
13 1 -5 -78 76 -32768 -32768 -32768 -32768
14 -24 15 -103 109 -32768 -32768 -32768 -32768
15 -55 48 -134 136 -32768 -32768 -32768 -32768
16 -78 71 -154 156 -32768 -32768 -32768 -32768
17 -80 73 -161 164 -32768 -32768 -32768 -32768
18 -116 111 -159 159 -32768 -32768 -32768 -32768
19 -124 117 -178 179 -32768 -32768 -32768 -32768
20 -140 135 -147 147 -32768 -32768 -32768 -32768
21 -149 144 -104 104 -32768 -32768 -32768 -32768
22 -148 143 -79 83 -32768 -32768 -32768 -32768
23 -139 132 -65 66 -32768 -32768 -32768 -32768
24 -139 133 -49 49 -32768 -32768 -32768 -32768
25 -182 175 -48 49 -32768 -32768 -32768 -32768
26 -199 192 -10 15 -32768 -32768 -32768 -32768
27 -210 203 28 -27 -32768 -32768 -32768 -32768
28 -209 203 61 -61 -32768 -32768 -32768 -32768
29 -210 203 99 -98 -32768 -32768 -32768 -32768
30 -185 177 139 -137 -32768 -32768 -32768 -32768
31 -124 117 157 -157 -32768 -32768 -32768 -32768
32 -82 76 154 -151 -32768 -32768 -32768 -32768
33 -42 33 145 -146 -32768 -32768 -32768 -32768
34 4 -11 129 -127 -32768 -32768 -32768 -32768
35 35 -42 112 -110 -32768 -32768 -32768 -32768
36 64 -71 102 -101 -32768 -32768 -32768 -32768
37 102 -109 76 -73 -32768 -32768 -32768 -32768
38 95 -103 83 -78 -32768 -32768 -32768 -32768
39 99 -105 62 -61 -32768 -32768 -32768 -32768
40 86 -94 43 -41 -32768 -32768 -32768 -32768
41 83 -88 6 -5 -32768 -32768 -32768 -32768
42 68 -75 -32 35 -32768 -32768 -32768 -32768
43 83 -92 -32 32 -32768 -32768 -32768 -32768
44 47 -52 -57 61 -32768 -32768 -32768 -32768
45 51 -61 -98 97 -32768 -32768 -32768 -32768
46 60 -66 -78 79 -32768 -32768 -32768 -32768
47 2 -9 -109 111 -32768 -32768 -32768 -32768
48 -32 23 -134 133 -32768 -32768 -32768 -32768
49 -67 61 -190 191 -32768 -32768 -32768 -32768
50 -87 81 -225 229 -32768 -32768 -32768 -32768
51 -109 102 -260 261 -32768 -32768 -32768 -32768
52 -136 129 -294 297 -32768 -32768 -32768 -32768
