OSINK 2B
1
07.07.21
Osova
0.0 0.0
0.0
0.00 0.00
-1.00 -1.00
0.00 0.00
20000.00
0.0
50
50
N
1
52
1 273 -293 88 -77 -32768 -32768 -32768 -32768
2 273 -292 88 -78 -32768 -32768 -32768 -32768
3 258 -277 94 -81 -32768 -32768 -32768 -32768
4 228 -248 77 -67 -32768 -32768 -32768 -32768
5 199 -219 39 -29 -32768 -32768 -32768 -32768
6 181 -205 10 -3 -32768 -32768 -32768 -32768
7 125 -146 -35 46 -32768 -32768 -32768 -32768
8 92 -110 -41 52 -32768 -32768 -32768 -32768
9 51 -71 -48 62 -32768 -32768 -32768 -32768
10 34 -55 -52 66 -32768 -32768 -32768 -32768
11 23 -44 -46 55 -32768 -32768 -32768 -32768
12 5 -26 -58 68 -32768 -32768 -32768 -32768
13 -13 -10 -79 88 -32768 -32768 -32768 -32768
14 -35 15 -108 122 -32768 -32768 -32768 -32768
15 -70 48 -134 147 -32768 -32768 -32768 -32768
16 -89 66 -150 163 -32768 -32768 -32768 -32768
17 -89 69 -159 176 -32768 -32768 -32768 -32768
18 -134 112 -160 171 -32768 -32768 -32768 -32768
19 -130 109 -167 179 -32768 -32768 -32768 -32768
20 -149 129 -132 145 -32768 -32768 -32768 -32768
21 -158 135 -93 106 -32768 -32768 -32768 -32768
22 -153 134 -71 85 -32768 -32768 -32768 -32768
23 -141 121 -59 69 -32768 -32768 -32768 -32768
24 -146 128 -48 55 -32768 -32768 -32768 -32768
25 -185 165 -41 51 -32768 -32768 -32768 -32768
26 -202 182 1 13 -32768 -32768 -32768 -32768
27 -210 191 35 -24 -32768 -32768 -32768 -32768
28 -213 190 72 -60 -32768 -32768 -32768 -32768
29 -210 188 111 -97 -32768 -32768 -32768 -32768
30 -175 154 147 -135 -32768 -32768 -32768 -32768
31 -119 102 162 -158 -32768 -32768 -32768 -32768
32 -73 57 160 -145 -32768 -32768 -32768 -32768
33 -39 16 151 -140 -32768 -32768 -32768 -32768
34 8 -32 134 -121 -32768 -32768 -32768 -32768
35 39 -59 119 -105 -32768 -32768 -32768 -32768
36 67 -88 104 -95 -32768 -32768 -32768 -32768
37 101 -121 81 -70 -32768 -32768 -32768 -32768
38 94 -115 88 -75 -32768 -32768 -32768 -32768
39 96 -117 69 -55 -32768 -32768 -32768 -32768
40 83 -106 49 -36 -32768 -32768 -32768 -32768
41 79 -98 11 1 -32768 -32768 -32768 -32768
42 65 -86 -26 40 -32768 -32768 -32768 -32768
43 78 -100 -26 37 -32768 -32768 -32768 -32768
44 38 -58 -52 66 -32768 -32768 -32768 -32768
45 51 -74 -93 103 -32768 -32768 -32768 -32768
46 55 -75 -71 84 -32768 -32768 -32768 -32768
47 -2 -16 -102 116 -32768 -32768 -32768 -32768
48 -36 13 -130 136 -32768 -32768 -32768 -32768
49 -72 50 -185 197 -32768 -32768 -32768 -32768
50 -93 74 -220 236 -32768 -32768 -32768 -32768
51 -118 94 -254 268 -32768 -32768 -32768 -32768
52 -143 120 -288 302 -32768 -32768 -32768 -32768
