OSINK 2B
1
04.08.21
Osova
0.0 0.0
0.0
0.00 0.00
-1.00 -1.00
0.00 0.00
20000.00
0.0
50
50
N
1
52
1 266 -290 89 -76 -32768 -32768 -32768 -32768
2 266 -290 89 -76 -32768 -32768 -32768 -32768
3 254 -275 93 -80 -32768 -32768 -32768 -32768
4 225 -247 76 -67 -32768 -32768 -32768 -32768
5 196 -217 37 -31 -32768 -32768 -32768 -32768
6 181 -203 10 -2 -32768 -32768 -32768 -32768
7 125 -144 -36 44 -32768 -32768 -32768 -32768
8 86 -112 -42 51 -32768 -32768 -32768 -32768
9 51 -71 -49 60 -32768 -32768 -32768 -32768
10 34 -55 -54 64 -32768 -32768 -32768 -32768
11 23 -45 -47 53 -32768 -32768 -32768 -32768
12 6 -27 -58 68 -32768 -32768 -32768 -32768
13 -13 -10 -79 85 -32768 -32768 -32768 -32768
14 -35 14 -108 121 -32768 -32768 -32768 -32768
15 -70 49 -136 146 -32768 -32768 -32768 -32768
16 -89 67 -151 162 -32768 -32768 -32768 -32768
17 -89 67 -160 171 -32768 -32768 -32768 -32768
18 -133 110 -161 169 -32768 -32768 -32768 -32768
19 -130 108 -168 179 -32768 -32768 -32768 -32768
20 -149 127 -131 145 -32768 -32768 -32768 -32768
21 -156 135 -93 103 -32768 -32768 -32768 -32768
22 -152 132 -71 83 -32768 -32768 -32768 -32768
23 -143 120 -60 68 -32768 -32768 -32768 -32768
24 -146 128 -49 53 -32768 -32768 -32768 -32768
25 -187 165 -41 49 -32768 -32768 -32768 -32768
26 -203 181 2 12 -32768 -32768 -32768 -32768
27 -211 190 35 -26 -32768 -32768 -32768 -32768
28 -213 191 69 -61 -32768 -32768 -32768 -32768
29 -211 188 109 -100 -32768 -32768 -32768 -32768
30 -175 154 146 -136 -32768 -32768 -32768 -32768
31 -120 99 161 -153 -32768 -32768 -32768 -32768
32 -76 58 159 -146 -32768 -32768 -32768 -32768
33 -40 16 150 -141 -32768 -32768 -32768 -32768
34 7 -27 133 -123 -32768 -32768 -32768 -32768
35 35 -59 118 -106 -32768 -32768 -32768 -32768
36 65 -89 104 -95 -32768 -32768 -32768 -32768
37 100 -122 81 -70 -32768 -32768 -32768 -32768
38 93 -115 88 -76 -32768 -32768 -32768 -32768
39 96 -117 68 -56 -32768 -32768 -32768 -32768
40 83 -106 46 -36 -32768 -32768 -32768 -32768
41 77 -99 7 4 -32768 -32768 -32768 -32768
42 65 -87 -27 39 -32768 -32768 -32768 -32768
43 77 -101 -28 36 -32768 -32768 -32768 -32768
44 40 -61 -51 64 -32768 -32768 -32768 -32768
45 48 -75 -93 102 -32768 -32768 -32768 -32768
46 54 -76 -71 83 -32768 -32768 -32768 -32768
47 -5 -16 -104 115 -32768 -32768 -32768 -32768
48 -44 14 -137 136 -32768 -32768 -32768 -32768
49 -73 50 -187 196 -32768 -32768 -32768 -32768
50 -93 72 -220 235 -32768 -32768 -32768 -32768
51 -116 93 -254 265 -32768 -32768 -32768 -32768
52 -142 120 -289 300 -32768 -32768 -32768 -32768
