OSINK 2B
1
16.09.20
Osova
0.0 0.0
0.0
0.00 0.00
-1.00 -1.00
0.00 0.00
20000.00
0.0
50
50
N
1
52
1 262 -266 121 -118 -32768 -32768 -32768 -32768
2 262 -266 121 -118 -32768 -32768 -32768 -32768
3 248 -255 96 -90 -32768 -32768 -32768 -32768
4 226 -233 82 -51 -32768 -32768 -32768 -32768
5 213 -219 51 -51 -32768 -32768 -32768 -32768
6 208 -222 25 -24 -32768 -32768 -32768 -32768
7 155 -161 -20 33 -32768 -32768 -32768 -32768
8 117 -123 -43 48 -32768 -32768 -32768 -32768
9 69 -74 -47 54 -32768 -32768 -32768 -32768
10 45 -53 -55 63 -32768 -32768 -32768 -32768
11 33 -40 -50 53 -32768 -32768 -32768 -32768
12 15 -26 -51 59 -32768 -32768 -32768 -32768
13 2 -5 -74 78 -32768 -32768 -32768 -32768
14 -21 15 -98 109 -32768 -32768 -32768 -32768
15 -54 46 -131 138 -32768 -32768 -32768 -32768
16 -77 70 -152 157 -32768 -32768 -32768 -32768
17 -81 75 -158 165 -32768 -32768 -32768 -32768
18 -115 103 -159 162 -32768 -32768 -32768 -32768
19 -126 119 -174 182 -32768 -32768 -32768 -32768
20 -141 137 -146 150 -32768 -32768 -32768 -32768
21 -150 144 -100 107 -32768 -32768 -32768 -32768
22 -149 144 -76 83 -32768 -32768 -32768 -32768
23 -140 134 -63 67 -32768 -32768 -32768 -32768
24 -142 135 -46 51 -32768 -32768 -32768 -32768
25 -184 177 -46 51 -32768 -32768 -32768 -32768
26 -201 194 -7 16 -32768 -32768 -32768 -32768
27 -212 205 31 -26 -32768 -32768 -32768 -32768
28 -212 205 64 -59 -32768 -32768 -32768 -32768
29 -212 205 102 -95 -32768 -32768 -32768 -32768
30 -188 179 142 -135 -32768 -32768 -32768 -32768
31 -127 120 160 -155 -32768 -32768 -32768 -32768
32 -84 79 158 -150 -32768 -32768 -32768 -32768
33 -45 38 149 -144 -32768 -32768 -32768 -32768
34 0 -5 133 -126 -32768 -32768 -32768 -32768
35 31 -37 115 -108 -32768 -32768 -32768 -32768
36 61 -66 106 -100 -32768 -32768 -32768 -32768
37 98 -105 79 -73 -32768 -32768 -32768 -32768
38 93 -101 86 -78 -32768 -32768 -32768 -32768
39 96 -102 65 -60 -32768 -32768 -32768 -32768
40 84 -92 47 -42 -32768 -32768 -32768 -32768
41 80 -86 10 -4 -32768 -32768 -32768 -32768
42 65 -71 -29 35 -32768 -32768 -32768 -32768
43 81 -90 -29 34 -32768 -32768 -32768 -32768
44 48 -50 -53 62 -32768 -32768 -32768 -32768
45 48 -59 -94 98 -32768 -32768 -32768 -32768
46 59 -65 -74 82 -32768 -32768 -32768 -32768
47 2 -9 -106 112 -32768 -32768 -32768 -32768
48 -32 23 -128 134 -32768 -32768 -32768 -32768
49 -69 62 -186 193 -32768 -32768 -32768 -32768
50 -89 82 -222 230 -32768 -32768 -32768 -32768
51 -111 103 -256 262 -32768 -32768 -32768 -32768
52 -136 129 -292 299 -32768 -32768 -32768 -32768
