OSINK 2B
1
06.11.20
Osova
0.0 0.0
0.0
0.00 0.00
-1.00 -1.00
0.00 0.00
20000.00
0.0
50
50
N
1
52
1 252 -259 121 -107 -32768 -32768 -32768 -32768
2 252 -259 121 -107 -32768 -32768 -32768 -32768
3 237 -249 93 -87 -32768 -32768 -32768 -32768
4 216 -230 74 -68 -32768 -32768 -32768 -32768
5 204 -217 45 -42 -32768 -32768 -32768 -32768
6 197 -211 10 -5 -32768 -32768 -32768 -32768
7 133 -143 -35 43 -32768 -32768 -32768 -32768
8 97 -111 -44 52 -32768 -32768 -32768 -32768
9 53 -68 -51 57 -32768 -32768 -32768 -32768
10 36 -49 -56 63 -32768 -32768 -32768 -32768
11 27 -41 -49 54 -32768 -32768 -32768 -32768
12 9 -22 -59 65 -32768 -32768 -32768 -32768
13 -9 -4 -79 85 -32768 -32768 -32768 -32768
14 -31 19 -110 120 -32768 -32768 -32768 -32768
15 -65 50 -137 142 -32768 -32768 -32768 -32768
16 -85 71 -153 160 -32768 -32768 -32768 -32768
17 -84 71 -161 169 -32768 -32768 -32768 -32768
18 -129 115 -162 166 -32768 -32768 -32768 -32768
19 -126 113 -172 177 -32768 -32768 -32768 -32768
20 -145 133 -139 146 -32768 -32768 -32768 -32768
21 -153 139 -97 103 -32768 -32768 -32768 -32768
22 -150 139 -75 83 -32768 -32768 -32768 -32768
23 -143 127 -61 67 -32768 -32768 -32768 -32768
24 -144 133 -49 50 -32768 -32768 -32768 -32768
25 -185 175 -45 49 -32768 -32768 -32768 -32768
26 -203 190 -5 11 -32768 -32768 -32768 -32768
27 -213 200 33 -27 -32768 -32768 -32768 -32768
28 -214 201 68 -61 -32768 -32768 -32768 -32768
29 -212 199 106 -98 -32768 -32768 -32768 -32768
30 -180 169 143 -136 -32768 -32768 -32768 -32768
31 -124 110 158 -154 -32768 -32768 -32768 -32768
32 -82 70 156 -147 -32768 -32768 -32768 -32768
33 -45 31 147 -142 -32768 -32768 -32768 -32768
34 3 -17 130 -124 -32768 -32768 -32768 -32768
35 32 -46 114 -106 -32768 -32768 -32768 -32768
36 61 -74 102 -98 -32768 -32768 -32768 -32768
37 99 -112 77 -72 -32768 -32768 -32768 -32768
38 93 -106 83 -76 -32768 -32768 -32768 -32768
39 96 -108 64 -58 -32768 -32768 -32768 -32768
40 84 -97 46 -39 -32768 -32768 -32768 -32768
41 80 -92 7 -1 -32768 -32768 -32768 -32768
42 65 -79 -31 38 -32768 -32768 -32768 -32768
43 80 -95 -31 35 -32768 -32768 -32768 -32768
44 46 -55 -55 63 -32768 -32768 -32768 -32768
45 48 -65 -96 100 -32768 -32768 -32768 -32768
46 59 -70 -75 82 -32768 -32768 -32768 -32768
47 0 -13 -107 113 -32768 -32768 -32768 -32768
48 -31 14 -131 133 -32768 -32768 -32768 -32768
49 -70 56 -187 193 -32768 -32768 -32768 -32768
50 -87 75 -222 231 -32768 -32768 -32768 -32768
51 -112 98 -256 263 -32768 -32768 -32768 -32768
52 -138 124 -293 300 -32768 -32768 -32768 -32768
