OSINK 2B
1
05.05.21
Osova
0.0 0.0
0.0
0.00 0.00
-1.00 -1.00
0.00 0.00
20000.00
0.0
50
50
N
1
52
1 269 -294 103 -97 -32768 -32768 -32768 -32768
2 268 -294 104 -97 -32768 -32768 -32768 -32768
3 257 -266 94 -78 -32768 -32768 -32768 -32768
4 229 -239 74 -60 -32768 -32768 -32768 -32768
5 207 -215 47 -37 -32768 -32768 -32768 -32768
6 192 -202 7 4 -32768 -32768 -32768 -32768
7 133 -143 -35 44 -32768 -32768 -32768 -32768
8 96 -103 -41 54 -32768 -32768 -32768 -32768
9 55 -63 -48 62 -32768 -32768 -32768 -32768
10 39 -47 -53 66 -32768 -32768 -32768 -32768
11 27 -37 -46 55 -32768 -32768 -32768 -32768
12 9 -18 -59 70 -32768 -32768 -32768 -32768
13 -9 -1 -80 88 -32768 -32768 -32768 -32768
14 -31 22 -108 123 -32768 -32768 -32768 -32768
15 -65 56 -136 149 -32768 -32768 -32768 -32768
16 -83 74 -150 163 -32768 -32768 -32768 -32768
17 -82 74 -159 172 -32768 -32768 -32768 -32768
18 -127 122 -160 173 -32768 -32768 -32768 -32768
19 -124 115 -166 179 -32768 -32768 -32768 -32768
20 -143 135 -131 144 -32768 -32768 -32768 -32768
21 -150 141 -92 103 -32768 -32768 -32768 -32768
22 -146 138 -70 85 -32768 -32768 -32768 -32768
23 -135 127 -58 68 -32768 -32768 -32768 -32768
24 -144 138 -49 51 -32768 -32768 -32768 -32768
25 -182 171 -39 48 -32768 -32768 -32768 -32768
26 -197 188 3 9 -32768 -32768 -32768 -32768
27 -204 197 38 -26 -32768 -32768 -32768 -32768
28 -206 198 75 -62 -32768 -32768 -32768 -32768
29 -206 193 112 -102 -32768 -32768 -32768 -32768
30 -167 158 149 -136 -32768 -32768 -32768 -32768
31 -113 104 162 -152 -32768 -32768 -32768 -32768
32 -68 62 160 -144 -32768 -32768 -32768 -32768
33 -29 21 151 -138 -32768 -32768 -32768 -32768
34 15 -25 133 -119 -32768 -32768 -32768 -32768
35 45 -54 119 -104 -32768 -32768 -32768 -32768
36 77 -85 102 -92 -32768 -32768 -32768 -32768
37 107 -116 81 -69 -32768 -32768 -32768 -32768
38 100 -109 87 -74 -32768 -32768 -32768 -32768
39 103 -110 67 -53 -32768 -32768 -32768 -32768
40 91 -99 47 -34 -32768 -32768 -32768 -32768
41 85 -93 7 5 -32768 -32768 -32768 -32768
42 72 -81 -27 41 -32768 -32768 -32768 -32768
43 84 -93 -22 38 -32768 -32768 -32768 -32768
44 48 -50 -51 68 -32768 -32768 -32768 -32768
45 58 -69 -92 103 -32768 -32768 -32768 -32768
46 60 -67 -73 85 -32768 -32768 -32768 -32768
47 1 -8 -105 117 -32768 -32768 -32768 -32768
48 -34 23 -135 137 -32768 -32768 -32768 -32768
49 -65 57 -189 198 -32768 -32768 -32768 -32768
50 -86 79 -220 237 -32768 -32768 -32768 -32768
51 -112 102 -255 269 -32768 -32768 -32768 -32768
52 -138 128 -289 302 -32768 -32768 -32768 -32768
