OSINK 2B
1
28.04.21
Osova
0.0 0.0
0.0
0.00 0.00
-1.00 -1.00
0.00 0.00
20000.00
0.0
50
50
N
1
52
1 248 -280 96 -67 -32768 -32768 -32768 -32768
2 247 -281 95 -68 -32768 -32768 -32768 -32768
3 248 -277 95 -76 -32768 -32768 -32768 -32768
4 221 -250 80 -60 -32768 -32768 -32768 -32768
5 197 -226 51 -35 -32768 -32768 -32768 -32768
6 184 -216 14 1 -32768 -32768 -32768 -32768
7 124 -153 -31 49 -32768 -32768 -32768 -32768
8 87 -117 -38 57 -32768 -32768 -32768 -32768
9 45 -73 -45 64 -32768 -32768 -32768 -32768
10 28 -57 -50 70 -32768 -32768 -32768 -32768
11 18 -47 -44 59 -32768 -32768 -32768 -32768
12 0 -29 -55 72 -32768 -32768 -32768 -32768
13 -19 -11 -78 90 -32768 -32768 -32768 -32768
14 -39 11 -105 125 -32768 -32768 -32768 -32768
15 -75 46 -133 151 -32768 -32768 -32768 -32768
16 -92 63 -147 166 -32768 -32768 -32768 -32768
17 -91 63 -155 175 -32768 -32768 -32768 -32768
18 -135 109 -156 174 -32768 -32768 -32768 -32768
19 -133 105 -164 182 -32768 -32768 -32768 -32768
20 -152 124 -129 149 -32768 -32768 -32768 -32768
21 -160 131 -89 108 -32768 -32768 -32768 -32768
22 -155 140 -68 88 -32768 -32768 -32768 -32768
23 -145 117 -55 72 -32768 -32768 -32768 -32768
24 -152 121 -46 55 -32768 -32768 -32768 -32768
25 -189 160 -38 53 -32768 -32768 -32768 -32768
26 -207 179 5 16 -32768 -32768 -32768 -32768
27 -214 187 39 -20 -32768 -32768 -32768 -32768
28 -216 188 74 -57 -32768 -32768 -32768 -32768
29 -214 185 115 -97 -32768 -32768 -32768 -32768
30 -180 149 149 -133 -32768 -32768 -32768 -32768
31 -123 95 165 -149 -32768 -32768 -32768 -32768
32 -82 53 164 -142 -32768 -32768 -32768 -32768
33 -43 13 155 -136 -32768 -32768 -32768 -32768
34 4 -33 138 -117 -32768 -32768 -32768 -32768
35 32 -64 121 -101 -32768 -32768 -32768 -32768
36 60 -91 109 -91 -32768 -32768 -32768 -32768
37 98 -125 84 -66 -32768 -32768 -32768 -32768
38 90 -118 91 -71 -32768 -32768 -32768 -32768
39 94 -121 71 -51 -32768 -32768 -32768 -32768
40 81 -110 52 -32 -32768 -32768 -32768 -32768
41 76 -103 13 5 -32768 -32768 -32768 -32768
42 62 -90 -24 44 -32768 -32768 -32768 -32768
43 76 -104 -24 40 -32768 -32768 -32768 -32768
44 41 -62 -46 71 -32768 -32768 -32768 -32768
45 46 -79 -90 107 -32768 -32768 -32768 -32768
46 53 -79 -69 87 -32768 -32768 -32768 -32768
47 -5 -19 -100 120 -32768 -32768 -32768 -32768
48 -47 10 -133 138 -32768 -32768 -32768 -32768
49 -75 47 -184 199 -32768 -32768 -32768 -32768
50 -96 67 -217 237 -32768 -32768 -32768 -32768
51 -119 89 -251 270 -32768 -32768 -32768 -32768
52 -145 114 -286 305 -32768 -32768 -32768 -32768
