OSINK 2B
1
25.05.21
Osova
0.0 0.0
0.0
0.00 0.00
-1.00 -1.00
0.00 0.00
20000.00
0.0
50
50
N
1
52
1 275 -296 87 -63 -32768 -32768 -32768 -32768
2 275 -296 87 -63 -32768 -32768 -32768 -32768
3 254 -275 95 -77 -32768 -32768 -32768 -32768
4 226 -245 78 -62 -32768 -32768 -32768 -32768
5 200 -221 47 -33 -32768 -32768 -32768 -32768
6 191 -211 12 1 -32768 -32768 -32768 -32768
7 129 -150 -33 48 -32768 -32768 -32768 -32768
8 90 -112 -39 56 -32768 -32768 -32768 -32768
9 49 -70 -46 64 -32768 -32768 -32768 -32768
10 33 -54 -51 69 -32768 -32768 -32768 -32768
11 23 -44 -44 58 -32768 -32768 -32768 -32768
12 4 -25 -57 72 -32768 -32768 -32768 -32768
13 -13 -8 -78 91 -32768 -32768 -32768 -32768
14 -36 15 -106 125 -32768 -32768 -32768 -32768
15 -71 50 -134 150 -32768 -32768 -32768 -32768
16 -88 68 -148 165 -32768 -32768 -32768 -32768
17 -90 67 -157 174 -32768 -32768 -32768 -32768
18 -136 115 -159 174 -32768 -32768 -32768 -32768
19 -130 109 -164 181 -32768 -32768 -32768 -32768
20 -149 129 -130 146 -32768 -32768 -32768 -32768
21 -156 136 -90 107 -32768 -32768 -32768 -32768
22 -152 133 -67 87 -32768 -32768 -32768 -32768
23 -141 121 -56 71 -32768 -32768 -32768 -32768
24 -148 125 -47 54 -32768 -32768 -32768 -32768
25 -186 162 -38 52 -32768 -32768 -32768 -32768
26 -202 181 6 16 -32768 -32768 -32768 -32768
27 -211 189 38 -22 -32768 -32768 -32768 -32768
28 -212 190 76 -57 -32768 -32768 -32768 -32768
29 -211 188 115 -96 -32768 -32768 -32768 -32768
30 -174 153 150 -134 -32768 -32768 -32768 -32768
31 -119 99 164 -150 -32768 -32768 -32768 -32768
32 -77 56 163 -143 -32768 -32768 -32768 -32768
33 -36 16 152 -137 -32768 -32768 -32768 -32768
34 11 -30 134 -118 -32768 -32768 -32768 -32768
35 36 -58 120 -102 -32768 -32768 -32768 -32768
36 66 -89 107 -92 -32768 -32768 -32768 -32768
37 101 -121 83 -67 -32768 -32768 -32768 -32768
38 94 -115 90 -72 -32768 -32768 -32768 -32768
39 97 -118 71 -52 -32768 -32768 -32768 -32768
40 83 -105 49 -32 -32768 -32768 -32768 -32768
41 80 -101 13 6 -32768 -32768 -32768 -32768
42 66 -86 -25 43 -32768 -32768 -32768 -32768
43 78 -100 -26 39 -32768 -32768 -32768 -32768
44 40 -56 -50 71 -32768 -32768 -32768 -32768
45 56 -74 -91 106 -32768 -32768 -32768 -32768
46 53 -74 -71 87 -32768 -32768 -32768 -32768
47 -4 -14 -102 119 -32768 -32768 -32768 -32768
48 -44 18 -134 139 -32768 -32768 -32768 -32768
49 -73 48 -186 199 -32768 -32768 -32768 -32768
50 -93 72 -218 237 -32768 -32768 -32768 -32768
51 -115 95 -251 269 -32768 -32768 -32768 -32768
52 -144 121 -288 304 -32768 -32768 -32768 -32768
