OSINK 2B
1
14.04.21
Osova
0.0 0.0
0.0
0.00 0.00
-1.00 -1.00
0.00 0.00
20000.00
0.0
50
50
N
1
52
1 229 -251 78 -67 -32768 -32768 -32768 -32768
2 229 -251 79 -67 -32768 -32768 -32768 -32768
3 248 -270 90 -82 -32768 -32768 -32768 -32768
4 223 -244 74 -67 -32768 -32768 -32768 -32768
5 202 -222 46 -41 -32768 -32768 -32768 -32768
6 190 -210 9 -3 -32768 -32768 -32768 -32768
7 128 -150 -36 41 -32768 -32768 -32768 -32768
8 90 -113 -43 51 -32768 -32768 -32768 -32768
9 46 -69 -51 58 -32768 -32768 -32768 -32768
10 33 -53 -55 64 -32768 -32768 -32768 -32768
11 22 -43 -49 53 -32768 -32768 -32768 -32768
12 3 -25 -59 67 -32768 -32768 -32768 -32768
13 -12 -8 -81 85 -32768 -32768 -32768 -32768
14 -35 13 -111 118 -32768 -32768 -32768 -32768
15 -71 48 -139 145 -32768 -32768 -32768 -32768
16 -88 67 -153 161 -32768 -32768 -32768 -32768
17 -87 65 -161 169 -32768 -32768 -32768 -32768
18 -132 112 -161 168 -32768 -32768 -32768 -32768
19 -129 107 -170 178 -32768 -32768 -32768 -32768
20 -149 127 -135 143 -32768 -32768 -32768 -32768
21 -155 135 -95 103 -32768 -32768 -32768 -32768
22 -153 134 -75 84 -32768 -32768 -32768 -32768
23 -143 121 -62 66 -32768 -32768 -32768 -32768
24 -145 124 -51 49 -32768 -32768 -32768 -32768
25 -188 165 -43 48 -32768 -32768 -32768 -32768
26 -206 184 0 11 -32768 -32768 -32768 -32768
27 -215 193 31 -26 -32768 -32768 -32768 -32768
28 -216 194 67 -62 -32768 -32768 -32768 -32768
29 -213 192 106 -97 -32768 -32768 -32768 -32768
30 -176 155 144 -139 -32768 -32768 -32768 -32768
31 -124 103 160 -154 -32768 -32768 -32768 -32768
32 -87 62 159 -147 -32768 -32768 -32768 -32768
33 -47 21 148 -143 -32768 -32768 -32768 -32768
34 2 -23 132 -122 -32768 -32768 -32768 -32768
35 32 -52 115 -106 -32768 -32768 -32768 -32768
36 61 -83 104 -96 -32768 -32768 -32768 -32768
37 98 -120 78 -73 -32768 -32768 -32768 -32768
38 92 -112 84 -76 -32768 -32768 -32768 -32768
39 95 -115 64 -60 -32768 -32768 -32768 -32768
40 83 -102 45 -40 -32768 -32768 -32768 -32768
41 78 -99 7 -2 -32768 -32768 -32768 -32768
42 62 -85 -28 37 -32768 -32768 -32768 -32768
43 79 -102 -30 34 -32768 -32768 -32768 -32768
44 42 -59 -53 63 -32768 -32768 -32768 -32768
45 46 -71 -95 100 -32768 -32768 -32768 -32768
46 57 -74 -74 82 -32768 -32768 -32768 -32768
47 -2 -16 -106 114 -32768 -32768 -32768 -32768
48 -42 17 -135 132 -32768 -32768 -32768 -32768
49 -74 52 -188 193 -32768 -32768 -32768 -32768
50 -92 71 -221 231 -32768 -32768 -32768 -32768
51 -115 93 -254 263 -32768 -32768 -32768 -32768
52 -142 120 -291 300 -32768 -32768 -32768 -32768
