OSINK 2B
1
30.09.20
Osova
0.0 0.0
0.0
0.00 0.00
-1.00 -1.00
0.00 0.00
20000.00
0.0
50
50
N
1
52
1 257 -265 114 -108 -32768 -32768 -32768 -32768
2 257 -265 114 -108 -32768 -32768 -32768 -32768
3 250 -256 92 -93 -32768 -32768 -32768 -32768
4 227 -232 79 -78 -32768 -32768 -32768 -32768
5 212 -217 52 -55 -32768 -32768 -32768 -32768
6 209 -220 21 -27 -32768 -32768 -32768 -32768
7 156 -158 -25 33 -32768 -32768 -32768 -32768
8 118 -120 -49 46 -32768 -32768 -32768 -32768
9 68 -74 -52 51 -32768 -32768 -32768 -32768
10 46 -51 -60 59 -32768 -32768 -32768 -32768
11 35 -40 -57 50 -32768 -32768 -32768 -32768
12 17 -26 -55 56 -32768 -32768 -32768 -32768
13 2 -4 -80 74 -32768 -32768 -32768 -32768
14 -21 16 -104 106 -32768 -32768 -32768 -32768
15 -54 49 -136 133 -32768 -32768 -32768 -32768
16 -76 71 -156 153 -32768 -32768 -32768 -32768
17 -82 74 -161 162 -32768 -32768 -32768 -32768
18 -115 109 -160 157 -32768 -32768 -32768 -32768
19 -123 118 -179 178 -32768 -32768 -32768 -32768
20 -139 137 -148 147 -32768 -32768 -32768 -32768
21 -149 144 -105 102 -32768 -32768 -32768 -32768
22 -147 143 -80 80 -32768 -32768 -32768 -32768
23 -138 133 -68 63 -32768 -32768 -32768 -32768
24 -139 133 -50 46 -32768 -32768 -32768 -32768
25 -186 176 -53 48 -32768 -32768 -32768 -32768
26 -198 192 -13 13 -32768 -32768 -32768 -32768
27 -211 204 25 -29 -32768 -32768 -32768 -32768
28 -210 202 58 -61 -32768 -32768 -32768 -32768
29 -209 206 97 -98 -32768 -32768 -32768 -32768
30 -185 179 137 -137 -32768 -32768 -32768 -32768
31 -124 119 154 -158 -32768 -32768 -32768 -32768
32 -82 77 152 -153 -32768 -32768 -32768 -32768
33 -41 35 143 -147 -32768 -32768 -32768 -32768
34 4 -9 127 -129 -32768 -32768 -32768 -32768
35 35 -41 110 -111 -32768 -32768 -32768 -32768
36 65 -70 100 -102 -32768 -32768 -32768 -32768
37 102 -107 74 -76 -32768 -32768 -32768 -32768
38 96 -102 80 -81 -32768 -32768 -32768 -32768
39 99 -103 59 -63 -32768 -32768 -32768 -32768
40 87 -95 41 -43 -32768 -32768 -32768 -32768
41 81 -87 4 -6 -32768 -32768 -32768 -32768
42 68 -74 -35 34 -32768 -32768 -32768 -32768
43 83 -90 -35 31 -32768 -32768 -32768 -32768
44 50 -51 -59 59 -32768 -32768 -32768 -32768
45 52 -60 -100 95 -32768 -32768 -32768 -32768
46 60 -65 -80 78 -32768 -32768 -32768 -32768
47 3 -8 -111 109 -32768 -32768 -32768 -32768
48 -32 23 -138 131 -32768 -32768 -32768 -32768
49 -67 61 -191 189 -32768 -32768 -32768 -32768
50 -87 81 -229 226 -32768 -32768 -32768 -32768
51 -111 103 -264 258 -32768 -32768 -32768 -32768
52 -137 129 -298 295 -32768 -32768 -32768 -32768
