OSINK 2B
1
20.01.21
Osova
0.0 0.0
0.0
0.00 0.00
-1.00 -1.00
0.00 0.00
20000.00
0.0
50
50
N
1
52
1 265 -264 98 -89 -32768 -32768 -32768 -32768
2 265 -264 98 -89 -32768 -32768 -32768 -32768
3 256 -260 94 -86 -32768 -32768 -32768 -32768
4 228 -231 76 -68 -32768 -32768 -32768 -32768
5 208 -211 49 -43 -32768 -32768 -32768 -32768
6 200 -202 15 -4 -32768 -32768 -32768 -32768
7 137 -141 -34 40 -32768 -32768 -32768 -32768
8 103 -106 -43 51 -32768 -32768 -32768 -32768
9 57 -61 -49 58 -32768 -32768 -32768 -32768
10 41 -44 -55 63 -32768 -32768 -32768 -32768
11 31 -35 -49 54 -32768 -32768 -32768 -32768
12 13 -16 -57 65 -32768 -32768 -32768 -32768
13 -4 2 -77 85 -32768 -32768 -32768 -32768
14 -25 23 -108 118 -32768 -32768 -32768 -32768
15 -60 58 -137 144 -32768 -32768 -32768 -32768
16 -79 75 -152 160 -32768 -32768 -32768 -32768
17 -78 75 -160 168 -32768 -32768 -32768 -32768
18 -122 120 -160 167 -32768 -32768 -32768 -32768
19 -120 115 -170 178 -32768 -32768 -32768 -32768
20 -140 137 -135 144 -32768 -32768 -32768 -32768
21 -147 142 -95 103 -32768 -32768 -32768 -32768
22 -144 142 -74 83 -32768 -32768 -32768 -32768
23 -134 130 -61 66 -32768 -32768 -32768 -32768
24 -142 135 -51 49 -32768 -32768 -32768 -32768
25 -180 176 -42 49 -32768 -32768 -32768 -32768
26 -198 194 -4 12 -32768 -32768 -32768 -32768
27 -207 204 32 -28 -32768 -32768 -32768 -32768
28 -207 204 68 -61 -32768 -32768 -32768 -32768
29 -207 203 107 -99 -32768 -32768 -32768 -32768
30 -175 173 144 -136 -32768 -32768 -32768 -32768
31 -118 116 160 -154 -32768 -32768 -32768 -32768
32 -77 76 157 -148 -32768 -32768 -32768 -32768
33 -42 36 149 -142 -32768 -32768 -32768 -32768
34 7 -10 132 -124 -32768 -32768 -32768 -32768
35 37 -42 115 -106 -32768 -32768 -32768 -32768
36 66 -72 105 -96 -32768 -32768 -32768 -32768
37 104 -107 78 -71 -32768 -32768 -32768 -32768
38 98 -102 86 -76 -32768 -32768 -32768 -32768
39 101 -105 65 -58 -32768 -32768 -32768 -32768
40 89 -95 47 -38 -32768 -32768 -32768 -32768
41 85 -89 10 -2 -32768 -32768 -32768 -32768
42 70 -74 -29 38 -32768 -32768 -32768 -32768
43 85 -91 -29 35 -32768 -32768 -32768 -32768
44 53 -50 -51 63 -32768 -32768 -32768 -32768
45 51 -59 -94 101 -32768 -32768 -32768 -32768
46 65 -65 -73 82 -32768 -32768 -32768 -32768
47 7 -9 -104 113 -32768 -32768 -32768 -32768
48 -25 20 -128 134 -32768 -32768 -32768 -32768
49 -66 61 -185 192 -32768 -32768 -32768 -32768
50 -83 80 -221 230 -32768 -32768 -32768 -32768
51 -105 101 -254 262 -32768 -32768 -32768 -32768
52 -133 127 -291 299 -32768 -32768 -32768 -32768
