OSINK 2B
1
31.03.21
Osova
0.0 0.0
0.0
0.00 0.00
-1.00 -1.00
0.00 0.00
20000.00
0.0
50
50
N
1
52
1 289 -302 70 -70 -32768 -32768 -32768 -32768
2 289 -301 70 -70 -32768 -32768 -32768 -32768
3 254 -277 85 -85 -32768 -32768 -32768 -32768
4 221 -243 71 -73 -32768 -32768 -32768 -32768
5 201 -224 45 -49 -32768 -32768 -32768 -32768
6 190 -213 10 -12 -32768 -32768 -32768 -32768
7 129 -151 -39 35 -32768 -32768 -32768 -32768
8 91 -115 -47 46 -32768 -32768 -32768 -32768
9 48 -68 -53 53 -32768 -32768 -32768 -32768
10 30 -51 -59 58 -32768 -32768 -32768 -32768
11 20 -44 -53 49 -32768 -32768 -32768 -32768
12 3 -24 -64 62 -32768 -32768 -32768 -32768
13 -14 -7 -85 81 -32768 -32768 -32768 -32768
14 -37 16 -115 115 -32768 -32768 -32768 -32768
15 -71 50 -141 139 -32768 -32768 -32768 -32768
16 -89 65 -156 155 -32768 -32768 -32768 -32768
17 -87 66 -165 164 -32768 -32768 -32768 -32768
18 -132 111 -165 163 -32768 -32768 -32768 -32768
19 -129 107 -174 173 -32768 -32768 -32768 -32768
20 -148 127 -140 138 -32768 -32768 -32768 -32768
21 -156 133 -100 98 -32768 -32768 -32768 -32768
22 -153 132 -79 78 -32768 -32768 -32768 -32768
23 -143 120 -66 61 -32768 -32768 -32768 -32768
24 -153 131 -55 43 -32768 -32768 -32768 -32768
25 -189 163 -48 42 -32768 -32768 -32768 -32768
26 -206 185 -7 5 -32768 -32768 -32768 -32768
27 -215 193 27 -31 -32768 -32768 -32768 -32768
28 -216 195 64 -67 -32768 -32768 -32768 -32768
29 -215 193 102 -103 -32768 -32768 -32768 -32768
30 -183 159 139 -142 -32768 -32768 -32768 -32768
31 -125 103 155 -158 -32768 -32768 -32768 -32768
32 -83 63 153 -152 -32768 -32768 -32768 -32768
33 -42 23 142 -147 -32768 -32768 -32768 -32768
34 4 -23 126 -129 -32768 -32768 -32768 -32768
35 33 -52 111 -111 -32768 -32768 -32768 -32768
36 62 -85 99 -101 -32768 -32768 -32768 -32768
37 98 -119 73 -76 -32768 -32768 -32768 -32768
38 91 -114 81 -82 -32768 -32768 -32768 -32768
39 94 -115 60 -64 -32768 -32768 -32768 -32768
40 81 -105 41 -43 -32768 -32768 -32768 -32768
41 76 -99 3 -6 -32768 -32768 -32768 -32768
42 64 -85 -34 34 -32768 -32768 -32768 -32768
43 77 -102 -34 30 -32768 -32768 -32768 -32768
44 40 -61 -59 58 -32768 -32768 -32768 -32768
45 46 -70 -100 95 -32768 -32768 -32768 -32768
46 56 -76 -79 77 -32768 -32768 -32768 -32768
47 -4 -18 -110 109 -32768 -32768 -32768 -32768
48 -38 11 -140 125 -32768 -32768 -32768 -32768
49 -74 50 -192 189 -32768 -32768 -32768 -32768
50 -93 69 -227 227 -32768 -32768 -32768 -32768
51 -117 91 -263 258 -32768 -32768 -32768 -32768
52 -144 121 -296 295 -32768 -32768 -32768 -32768
