OSINK 2B
1
23.09.20
Osova
0.0 0.0
0.0
0.00 0.00
-1.00 -1.00
0.00 0.00
20000.00
0.0
50
50
N
1
52
1 254 -271 122 -108 -32768 -32768 -32768 -32768
2 254 -271 122 -108 -32768 -32768 -32768 -32768
3 238 -260 98 -92 -32768 -32768 -32768 -32768
4 219 -241 80 -74 -32768 -32768 -32768 -32768
5 203 -227 53 -52 -32768 -32768 -32768 -32768
6 202 -229 18 -27 -32768 -32768 -32768 -32768
7 146 -165 -22 35 -32768 -32768 -32768 -32768
8 108 -131 -45 49 -32768 -32768 -32768 -32768
9 60 -83 -48 53 -32768 -32768 -32768 -32768
10 37 -59 -56 62 -32768 -32768 -32768 -32768
11 26 -49 -52 53 -32768 -32768 -32768 -32768
12 8 -33 -52 58 -32768 -32768 -32768 -32768
13 -6 -13 -77 78 -32768 -32768 -32768 -32768
14 -29 7 -101 108 -32768 -32768 -32768 -32768
15 -63 41 -133 136 -32768 -32768 -32768 -32768
16 -85 63 -153 156 -32768 -32768 -32768 -32768
17 -88 65 -159 165 -32768 -32768 -32768 -32768
18 -124 100 -156 159 -32768 -32768 -32768 -32768
19 -134 110 -175 180 -32768 -32768 -32768 -32768
20 -150 127 -145 149 -32768 -32768 -32768 -32768
21 -158 135 -101 104 -32768 -32768 -32768 -32768
22 -156 135 -76 82 -32768 -32768 -32768 -32768
23 -148 125 -64 65 -32768 -32768 -32768 -32768
24 -147 126 -47 50 -32768 -32768 -32768 -32768
25 -190 166 -48 50 -32768 -32768 -32768 -32768
26 -206 184 -9 15 -32768 -32768 -32768 -32768
27 -218 196 30 -27 -32768 -32768 -32768 -32768
28 -217 195 63 -60 -32768 -32768 -32768 -32768
29 -218 195 100 -97 -32768 -32768 -32768 -32768
30 -194 169 140 -136 -32768 -32768 -32768 -32768
31 -133 109 158 -157 -32768 -32768 -32768 -32768
32 -91 69 157 -151 -32768 -32768 -32768 -32768
33 -51 28 147 -144 -32768 -32768 -32768 -32768
34 -7 -17 132 -128 -32768 -32768 -32768 -32768
35 26 -48 114 -108 -32768 -32768 -32768 -32768
36 54 -76 104 -101 -32768 -32768 -32768 -32768
37 93 -116 77 -73 -32768 -32768 -32768 -32768
38 87 -110 84 -78 -32768 -32768 -32768 -32768
39 91 -113 63 -61 -32768 -32768 -32768 -32768
40 78 -102 46 -42 -32768 -32768 -32768 -32768
41 74 -95 10 -5 -32768 -32768 -32768 -32768
42 59 -81 -30 36 -32768 -32768 -32768 -32768
43 75 -100 -31 34 -32768 -32768 -32768 -32768
44 40 -61 -55 61 -32768 -32768 -32768 -32768
45 40 -68 -95 98 -32768 -32768 -32768 -32768
46 51 -74 -76 80 -32768 -32768 -32768 -32768
47 -5 -16 -107 111 -32768 -32768 -32768 -32768
48 -41 14 -133 133 -32768 -32768 -32768 -32768
49 -77 53 -186 191 -32768 -32768 -32768 -32768
50 -96 73 -222 228 -32768 -32768 -32768 -32768
51 -117 95 -256 260 -32768 -32768 -32768 -32768
52 -143 121 -292 298 -32768 -32768 -32768 -32768
