OSINK 2B
1
09.12.20
Osova
0.0 0.0
0.0
0.00 0.00
-1.00 -1.00
0.00 0.00
20000.00
0.0
50
50
N
1
52
1 211 -217 122 -118 -32768 -32768 -32768 -32768
2 211 -252 122 -109 -32768 -32768 -32768 -32768
3 234 -244 95 -86 -32768 -32768 -32768 -32768
4 217 -230 69 -64 -32768 -32768 -32768 -32768
5 205 -216 48 -41 -32768 -32768 -32768 -32768
6 202 -209 17 -3 -32768 -32768 -32768 -32768
7 134 -146 -34 42 -32768 -32768 -32768 -32768
8 101 -112 -44 53 -32768 -32768 -32768 -32768
9 49 -60 -49 61 -32768 -32768 -32768 -32768
10 37 -49 -55 64 -32768 -32768 -32768 -32768
11 27 -39 -49 55 -32768 -32768 -32768 -32768
12 9 -22 -56 63 -32768 -32768 -32768 -32768
13 -9 -2 -77 86 -32768 -32768 -32768 -32768
14 -30 16 -105 116 -32768 -32768 -32768 -32768
15 -67 53 -136 144 -32768 -32768 -32768 -32768
16 -95 75 -151 160 -32768 -32768 -32768 -32768
17 -84 71 -159 170 -32768 -32768 -32768 -32768
18 -129 117 -159 168 -32768 -32768 -32768 -32768
19 -126 114 -169 178 -32768 -32768 -32768 -32768
20 -146 134 -132 142 -32768 -32768 -32768 -32768
21 -151 139 -93 102 -32768 -32768 -32768 -32768
22 -148 140 -74 85 -32768 -32768 -32768 -32768
23 -139 127 -60 67 -32768 -32768 -32768 -32768
24 -144 139 -47 49 -32768 -32768 -32768 -32768
25 -185 171 -42 49 -32768 -32768 -32768 -32768
26 -202 195 -1 12 -32768 -32768 -32768 -32768
27 -211 200 34 -27 -32768 -32768 -32768 -32768
28 -212 201 73 -63 -32768 -32768 -32768 -32768
29 -210 199 110 -97 -32768 -32768 -32768 -32768
30 -179 173 147 -133 -32768 -32768 -32768 -32768
31 -122 111 162 -153 -32768 -32768 -32768 -32768
32 -84 73 159 -148 -32768 -32768 -32768 -32768
33 -44 31 150 -142 -32768 -32768 -32768 -32768
34 2 -23 132 -119 -32768 -32768 -32768 -32768
35 29 -45 116 -106 -32768 -32768 -32768 -32768
36 67 -78 102 -96 -32768 -32768 -32768 -32768
37 100 -112 78 -71 -32768 -32768 -32768 -32768
38 94 -107 85 -75 -32768 -32768 -32768 -32768
39 98 -108 65 -56 -32768 -32768 -32768 -32768
40 85 -93 45 -36 -32768 -32768 -32768 -32768
41 82 -90 8 1 -32768 -32768 -32768 -32768
42 68 -77 -30 39 -32768 -32768 -32768 -32768
43 81 -93 -29 37 -32768 -32768 -32768 -32768
44 44 -54 -54 65 -32768 -32768 -32768 -32768
45 50 -64 -95 101 -32768 -32768 -32768 -32768
46 58 -71 -75 83 -32768 -32768 -32768 -32768
47 0 -10 -106 116 -32768 -32768 -32768 -32768
48 -29 20 -131 137 -32768 -32768 -32768 -32768
49 -71 58 -185 195 -32768 -32768 -32768 -32768
50 -89 69 -231 232 -32768 -32768 -32768 -32768
51 -111 100 -256 264 -32768 -32768 -32768 -32768
52 -138 127 -290 301 -32768 -32768 -32768 -32768
