OSINK 2B
1
12.05.21
Osova
0.0 0.0
0.0
0.00 0.00
-1.00 -1.00
0.00 0.00
20000.00
0.0
50
50
N
1
52
1 280 -290 92 -83 -32768 -32768 -32768 -32768
2 281 -290 88 -83 -32768 -32768 -32768 -32768
3 254 -269 96 -75 -32768 -32768 -32768 -32768
4 226 -241 79 -60 -32768 -32768 -32768 -32768
5 201 -218 47 -32 -32768 -32768 -32768 -32768
6 192 -206 13 3 -32768 -32768 -32768 -32768
7 131 -147 -32 48 -32768 -32768 -32768 -32768
8 93 -108 -38 57 -32768 -32768 -32768 -32768
9 51 -68 -45 64 -32768 -32768 -32768 -32768
10 33 -50 -50 69 -32768 -32768 -32768 -32768
11 25 -41 -43 58 -32768 -32768 -32768 -32768
12 6 -22 -55 73 -32768 -32768 -32768 -32768
13 -10 -5 -77 92 -32768 -32768 -32768 -32768
14 -33 18 -104 127 -32768 -32768 -32768 -32768
15 -69 52 -133 151 -32768 -32768 -32768 -32768
16 -88 70 -147 166 -32768 -32768 -32768 -32768
17 -87 69 -156 175 -32768 -32768 -32768 -32768
18 -130 117 -156 175 -32768 -32768 -32768 -32768
19 -128 111 -163 182 -32768 -32768 -32768 -32768
20 -147 131 -128 146 -32768 -32768 -32768 -32768
21 -154 138 -90 108 -32768 -32768 -32768 -32768
22 -151 134 -68 87 -32768 -32768 -32768 -32768
23 -140 123 -55 72 -32768 -32768 -32768 -32768
24 -145 130 -45 54 -32768 -32768 -32768 -32768
25 -184 167 -37 52 -32768 -32768 -32768 -32768
26 -201 185 5 14 -32768 -32768 -32768 -32768
27 -208 191 40 -22 -32768 -32768 -32768 -32768
28 -210 192 76 -58 -32768 -32768 -32768 -32768
29 -208 190 114 -96 -32768 -32768 -32768 -32768
30 -170 152 151 -134 -32768 -32768 -32768 -32768
31 -117 100 165 -149 -32768 -32768 -32768 -32768
32 -74 57 164 -142 -32768 -32768 -32768 -32768
33 -36 18 155 -136 -32768 -32768 -32768 -32768
34 12 -28 136 -117 -32768 -32768 -32768 -32768
35 41 -57 121 -101 -32768 -32768 -32768 -32768
36 70 -87 107 -91 -32768 -32768 -32768 -32768
37 103 -120 83 -66 -32768 -32768 -32768 -32768
38 96 -113 90 -71 -32768 -32768 -32768 -32768
39 99 -115 71 -51 -32768 -32768 -32768 -32768
40 86 -103 51 -32 -32768 -32768 -32768 -32768
41 81 -98 11 3 -32768 -32768 -32768 -32768
42 68 -84 -24 43 -32768 -32768 -32768 -32768
43 80 -99 -25 40 -32768 -32768 -32768 -32768
44 42 -56 -49 70 -32768 -32768 -32768 -32768
45 53 -75 -90 106 -32768 -32768 -32768 -32768
46 57 -73 -69 87 -32768 -32768 -32768 -32768
47 -2 -14 -101 120 -32768 -32768 -32768 -32768
48 -36 17 -132 139 -32768 -32768 -32768 -32768
49 -69 48 -183 201 -32768 -32768 -32768 -32768
50 -90 74 -217 239 -32768 -32768 -32768 -32768
51 -114 95 -252 270 -32768 -32768 -32768 -32768
52 -141 123 -286 305 -32768 -32768 -32768 -32768
