OSINK 2B
1
17.03.21
Osova
0.0 0.0
0.0
0.00 0.00
-1.00 -1.00
0.00 0.00
20000.00
0.0
50
50
N
1
52
1 262 -286 84 -108 -32768 -32768 -32768 -32768
2 262 -285 84 -109 -32768 -32768 -32768 -32768
3 249 -273 78 -98 -32768 -32768 -32768 -32768
4 217 -240 60 -82 -32768 -32768 -32768 -32768
5 197 -222 34 -60 -32768 -32768 -32768 -32768
6 186 -210 -2 -20 -32768 -32768 -32768 -32768
7 126 -150 -49 26 -32768 -32768 -32768 -32768
8 90 -113 -58 37 -32768 -32768 -32768 -32768
9 46 -70 -64 44 -32768 -32768 -32768 -32768
10 30 -52 -69 48 -32768 -32768 -32768 -32768
11 20 -44 -63 39 -32768 -32768 -32768 -32768
12 2 -23 -73 52 -32768 -32768 -32768 -32768
13 -15 -7 -94 71 -32768 -32768 -32768 -32768
14 -35 13 -124 104 -32768 -32768 -32768 -32768
15 -71 49 -151 129 -32768 -32768 -32768 -32768
16 -90 65 -166 146 -32768 -32768 -32768 -32768
17 -88 65 -176 155 -32768 -32768 -32768 -32768
18 -132 111 -175 153 -32768 -32768 -32768 -32768
19 -129 106 -184 163 -32768 -32768 -32768 -32768
20 -149 127 -150 129 -32768 -32768 -32768 -32768
21 -156 132 -109 88 -32768 -32768 -32768 -32768
22 -154 132 -89 68 -32768 -32768 -32768 -32768
23 -143 120 -76 51 -32768 -32768 -32768 -32768
24 -156 130 -67 33 -32768 -32768 -32768 -32768
25 -191 165 -58 33 -32768 -32768 -32768 -32768
26 -207 185 -15 -6 -32768 -32768 -32768 -32768
27 -216 193 17 -41 -32768 -32768 -32768 -32768
28 -217 194 54 -75 -32768 -32768 -32768 -32768
29 -217 192 94 -112 -32768 -32768 -32768 -32768
30 -183 161 131 -151 -32768 -32768 -32768 -32768
31 -126 103 144 -168 -32768 -32768 -32768 -32768
32 -85 60 143 -162 -32768 -32768 -32768 -32768
33 -46 21 134 -156 -32768 -32768 -32768 -32768
34 3 -24 116 -138 -32768 -32768 -32768 -32768
35 30 -55 100 -121 -32768 -32768 -32768 -32768
36 60 -84 90 -111 -32768 -32768 -32768 -32768
37 97 -119 63 -85 -32768 -32768 -32768 -32768
38 92 -114 72 -91 -32768 -32768 -32768 -32768
39 94 -116 50 -73 -32768 -32768 -32768 -32768
40 81 -105 32 -53 -32768 -32768 -32768 -32768
41 77 -99 -5 -15 -32768 -32768 -32768 -32768
42 62 -85 -45 24 -32768 -32768 -32768 -32768
43 76 -101 -44 20 -32768 -32768 -32768 -32768
44 42 -60 -67 49 -32768 -32768 -32768 -32768
45 44 -72 -110 86 -32768 -32768 -32768 -32768
46 55 -75 -88 67 -32768 -32768 -32768 -32768
47 -3 -17 -120 99 -32768 -32768 -32768 -32768
48 -40 13 -149 116 -32768 -32768 -32768 -32768
49 -73 51 -201 180 -32768 -32768 -32768 -32768
50 -94 69 -237 217 -32768 -32768 -32768 -32768
51 -117 91 -272 247 -32768 -32768 -32768 -32768
52 -144 119 -306 284 -32768 -32768 -32768 -32768
