OSINK 2B
1
05.01.21
Osova
0.0 0.0
0.0
0.00 0.00
-1.00 -1.00
0.00 0.00
20000.00
0.0
50
50
N
1
52
1 238 -229 114 -108 -32768 -32768 -32768 -32768
2 238 -229 114 -108 -32768 -32768 -32768 -32768
3 256 -244 88 -88 -32768 -32768 -32768 -32768
4 233 -222 68 -72 -32768 -32768 -32768 -32768
5 214 -204 43 -47 -32768 -32768 -32768 -32768
6 205 -194 6 -7 -32768 -32768 -32768 -32768
7 144 -133 -39 38 -32768 -32768 -32768 -32768
8 108 -98 -47 47 -32768 -32768 -32768 -32768
9 63 -53 -53 53 -32768 -32768 -32768 -32768
10 48 -37 -60 58 -32768 -32768 -32768 -32768
11 37 -28 -51 48 -32768 -32768 -32768 -32768
12 18 -10 -60 62 -32768 -32768 -32768 -32768
13 1 -4 -84 81 -32768 -32768 -32768 -32768
14 -19 31 -113 115 -32768 -32768 -32768 -32768
15 -54 64 -141 139 -32768 -32768 -32768 -32768
16 -72 82 -157 155 -32768 -32768 -32768 -32768
17 -72 82 -165 163 -32768 -32768 -32768 -32768
18 -116 128 -166 167 -32768 -32768 -32768 -32768
19 -112 124 -175 173 -32768 -32768 -32768 -32768
20 -133 143 -139 137 -32768 -32768 -32768 -32768
21 -140 148 -100 95 -32768 -32768 -32768 -32768
22 -138 147 -79 76 -32768 -32768 -32768 -32768
23 -129 138 -66 61 -32768 -32768 -32768 -32768
24 -135 148 -55 47 -32768 -32768 -32768 -32768
25 -174 186 -47 43 -32768 -32768 -32768 -32768
26 -189 201 -4 4 -32768 -32768 -32768 -32768
27 -201 210 28 -32 -32768 -32768 -32768 -32768
28 -202 211 62 -67 -32768 -32768 -32768 -32768
29 -200 208 102 -104 -32768 -32768 -32768 -32768
30 -169 177 138 -142 -32768 -32768 -32768 -32768
31 -111 120 154 -158 -32768 -32768 -32768 -32768
32 -70 78 152 -152 -32768 -32768 -32768 -32768
33 -32 40 144 -147 -32768 -32768 -32768 -32768
34 13 -8 127 -128 -32768 -32768 -32768 -32768
35 44 -36 111 -111 -32768 -32768 -32768 -32768
36 76 -68 98 -101 -32768 -32768 -32768 -32768
37 112 -101 73 -76 -32768 -32768 -32768 -32768
38 105 -95 81 -81 -32768 -32768 -32768 -32768
39 108 -97 59 -63 -32768 -32768 -32768 -32768
40 96 -80 41 -44 -32768 -32768 -32768 -32768
41 92 -81 4 -5 -32768 -32768 -32768 -32768
42 77 -68 -34 34 -32768 -32768 -32768 -32768
43 91 -83 -34 31 -32768 -32768 -32768 -32768
44 57 -43 -58 60 -32768 -32768 -32768 -32768
45 62 -56 -101 97 -32768 -32768 -32768 -32768
46 70 -58 -79 78 -32768 -32768 -32768 -32768
47 11 -2 -111 110 -32768 -32768 -32768 -32768
48 -22 30 -137 131 -32768 -32768 -32768 -32768
49 -58 66 -193 191 -32768 -32768 -32768 -32768
50 -77 87 -227 225 -32768 -32768 -32768 -32768
51 -103 108 -265 260 -32768 -32768 -32768 -32768
52 -126 133 -297 294 -32768 -32768 -32768 -32768
