OSINK 2B
1
25.11.20
Osova
0.0 0.0
0.0
0.00 0.00
-1.00 -1.00
0.00 0.00
20000.00
0.0
50
50
N
1
52
1 249 -253 119 -96 -32768 -32768 -32768 -32768
2 249 -255 119 -96 -32768 -32768 -32768 -32768
3 245 -245 98 -81 -32768 -32768 -32768 -32768
4 225 -222 77 -60 -32768 -32768 -32768 -32768
5 210 -209 51 -35 -32768 -32768 -32768 -32768
6 207 -206 18 -3 -32768 -32768 -32768 -32768
7 141 -141 -29 44 -32768 -32768 -32768 -32768
8 105 -105 -40 56 -32768 -32768 -32768 -32768
9 57 -56 -46 64 -32768 -32768 -32768 -32768
10 45 -42 -51 68 -32768 -32768 -32768 -32768
11 33 -33 -45 60 -32768 -32768 -32768 -32768
12 17 -14 -51 69 -32768 -32768 -32768 -32768
13 -4 4 -75 90 -32768 -32768 -32768 -32768
14 -23 28 -104 124 -32768 -32768 -32768 -32768
15 -56 60 -130 146 -32768 -32768 -32768 -32768
16 -77 79 -147 164 -32768 -32768 -32768 -32768
17 -77 79 -156 173 -32768 -32768 -32768 -32768
18 -119 123 -154 170 -32768 -32768 -32768 -32768
19 -118 121 -166 183 -32768 -32768 -32768 -32768
20 -139 142 -126 144 -32768 -32768 -32768 -32768
21 -145 146 -90 108 -32768 -32768 -32768 -32768
22 -142 145 -69 86 -32768 -32768 -32768 -32768
23 -133 135 -57 71 -32768 -32768 -32768 -32768
24 -147 139 -59 53 -32768 -32768 -32768 -32768
25 -178 178 -39 56 -32768 -32768 -32768 -32768
26 -196 197 1 16 -32768 -32768 -32768 -32768
27 -205 207 38 -24 -32768 -32768 -32768 -32768
28 -205 208 76 -59 -32768 -32768 -32768 -32768
29 -204 206 113 -95 -32768 -32768 -32768 -32768
30 -175 174 147 -133 -32768 -32768 -32768 -32768
31 -117 119 164 -150 -32768 -32768 -32768 -32768
32 -77 79 162 -143 -32768 -32768 -32768 -32768
33 -36 38 152 -138 -32768 -32768 -32768 -32768
34 0 0 140 -124 -32768 -32768 -32768 -32768
35 41 -39 119 -102 -32768 -32768 -32768 -32768
36 71 -66 108 -94 -32768 -32768 -32768 -32768
37 108 -104 82 -66 -32768 -32768 -32768 -32768
38 101 -99 90 -71 -32768 -32768 -32768 -32768
39 104 -102 68 -52 -32768 -32768 -32768 -32768
40 92 -91 49 -34 -32768 -32768 -32768 -32768
41 87 -85 11 2 -32768 -32768 -32768 -32768
42 74 -71 -26 43 -32768 -32768 -32768 -32768
43 88 -87 -26 40 -32768 -32768 -32768 -32768
44 49 -52 -53 67 -32768 -32768 -32768 -32768
45 59 -54 -92 105 -32768 -32768 -32768 -32768
46 66 -64 -71 86 -32768 -32768 -32768 -32768
47 6 -3 -103 119 -32768 -32768 -32768 -32768
48 -24 21 -119 137 -32768 -32768 -32768 -32768
49 -65 65 -182 196 -32768 -32768 -32768 -32768
50 -84 85 -221 237 -32768 -32768 -32768 -32768
51 -107 109 -254 269 -32768 -32768 -32768 -32768
52 -134 132 -288 304 -32768 -32768 -32768 -32768
