OSINK 2B
1
02.12.20
Osova
0.0 0.0
0.0
0.00 0.00
-1.00 -1.00
0.00 0.00
20000.00
0.0
50
50
N
1
52
1 237 -254 99 -107 -32768 -32768 -32768 -32768
2 237 -253 100 -107 -32768 -32768 -32768 -32768
3 236 -248 92 -87 -32768 -32768 -32768 -32768
4 215 -231 72 -67 -32768 -32768 -32768 -32768
5 201 -217 46 -43 -32768 -32768 -32768 -32768
6 195 -213 13 -8 -32768 -32768 -32768 -32768
7 132 -147 -33 38 -32768 -32768 -32768 -32768
8 96 -111 -45 50 -32768 -32768 -32768 -32768
9 47 -62 -51 58 -32768 -32768 -32768 -32768
10 35 -50 -56 62 -32768 -32768 -32768 -32768
11 24 -40 -51 52 -32768 -32768 -32768 -32768
12 7 -21 -57 64 -32768 -32768 -32768 -32768
13 -10 -4 -78 83 -32768 -32768 -32768 -32768
14 -32 21 -108 119 -32768 -32768 -32768 -32768
15 -65 51 -135 141 -32768 -32768 -32768 -32768
16 -85 71 -152 157 -32768 -32768 -32768 -32768
17 -86 70 -160 166 -32768 -32768 -32768 -32768
18 -129 113 -160 164 -32768 -32768 -32768 -32768
19 -127 113 -171 176 -32768 -32768 -32768 -32768
20 -147 132 -138 136 -32768 -32768 -32768 -32768
21 -154 138 -95 100 -32768 -32768 -32768 -32768
22 -152 136 -76 77 -32768 -32768 -32768 -32768
23 -143 128 -62 65 -32768 -32768 -32768 -32768
24 -144 131 -50 47 -32768 -32768 -32768 -32768
25 -186 171 -43 47 -32768 -32768 -32768 -32768
26 -204 188 -8 9 -32768 -32768 -32768 -32768
27 -213 198 33 -30 -32768 -32768 -32768 -32768
28 -215 199 71 -68 -32768 -32768 -32768 -32768
29 -213 198 105 -102 -32768 -32768 -32768 -32768
30 -184 167 142 -138 -32768 -32768 -32768 -32768
31 -124 109 159 -155 -32768 -32768 -32768 -32768
32 -82 66 156 -149 -32768 -32768 -32768 -32768
33 -44 28 146 -143 -32768 -32768 -32768 -32768
34 0 -19 132 -125 -32768 -32768 -32768 -32768
35 35 -48 114 -108 -32768 -32768 -32768 -32768
36 62 -79 101 -98 -32768 -32768 -32768 -32768
37 98 -113 76 -72 -32768 -32768 -32768 -32768
38 91 -107 81 -78 -32768 -32768 -32768 -32768
39 94 -109 61 -60 -32768 -32768 -32768 -32768
40 81 -98 43 -40 -32768 -32768 -32768 -32768
41 77 -92 5 -2 -32768 -32768 -32768 -32768
42 65 -79 -31 37 -32768 -32768 -32768 -32768
43 79 -96 -36 34 -32768 -32768 -32768 -32768
44 38 -58 -59 60 -32768 -32768 -32768 -32768
45 49 -66 -98 98 -32768 -32768 -32768 -32768
46 54 -69 -78 81 -32768 -32768 -32768 -32768
47 -7 -9 -110 114 -32768 -32768 -32768 -32768
48 -36 17 -133 133 -32768 -32768 -32768 -32768
49 -73 54 -190 192 -32768 -32768 -32768 -32768
50 -92 76 -225 229 -32768 -32768 -32768 -32768
51 -117 97 -261 260 -32768 -32768 -32768 -32768
52 -141 123 -293 296 -32768 -32768 -32768 -32768
