OSINK 2B
1
21.10.20
Osova
0.0 0.0
0.0
0.00 0.00
-1.00 -1.00
0.00 0.00
20000.00
0.0
50
50
N
1
52
1 242 -257 117 -117 -32768 -32768 -32768 -32768
2 242 -257 117 -117 -32768 -32768 -32768 -32768
3 246 -250 96 -93 -32768 -32768 -32768 -32768
4 228 -233 82 -74 -32768 -32768 -32768 -32768
5 212 -218 55 -52 -32768 -32768 -32768 -32768
6 210 -218 18 -23 -32768 -32768 -32768 -32768
7 155 -155 -21 36 -32768 -32768 -32768 -32768
8 116 -120 -45 49 -32768 -32768 -32768 -32768
9 68 -73 -48 54 -32768 -32768 -32768 -32768
10 45 -51 -56 63 -32768 -32768 -32768 -32768
11 34 -39 -52 54 -32768 -32768 -32768 -32768
12 16 -24 -52 59 -32768 -32768 -32768 -32768
13 2 -4 -76 78 -32768 -32768 -32768 -32768
14 -21 16 -102 110 -32768 -32768 -32768 -32768
15 -54 49 -133 138 -32768 -32768 -32768 -32768
16 -76 71 -153 157 -32768 -32768 -32768 -32768
17 -79 75 -159 165 -32768 -32768 -32768 -32768
18 -115 113 -157 160 -32768 -32768 -32768 -32768
19 -125 118 -175 181 -32768 -32768 -32768 -32768
20 -141 136 -145 150 -32768 -32768 -32768 -32768
21 -148 144 -100 104 -32768 -32768 -32768 -32768
22 -148 143 -76 84 -32768 -32768 -32768 -32768
23 -137 133 -63 66 -32768 -32768 -32768 -32768
24 -139 134 -47 50 -32768 -32768 -32768 -32768
25 -181 177 -47 51 -32768 -32768 -32768 -32768
26 -198 195 -8 16 -32768 -32768 -32768 -32768
27 -210 205 30 -26 -32768 -32768 -32768 -32768
28 -208 205 63 -59 -32768 -32768 -32768 -32768
29 -209 205 100 -95 -32768 -32768 -32768 -32768
30 -184 179 140 -135 -32768 -32768 -32768 -32768
31 -123 118 158 -155 -32768 -32768 -32768 -32768
32 -82 78 157 -149 -32768 -32768 -32768 -32768
33 -40 35 147 -144 -32768 -32768 -32768 -32768
34 4 -9 131 -126 -32768 -32768 -32768 -32768
35 35 -41 114 -108 -32768 -32768 -32768 -32768
36 65 -70 104 -99 -32768 -32768 -32768 -32768
37 103 -107 77 -72 -32768 -32768 -32768 -32768
38 96 -102 84 -78 -32768 -32768 -32768 -32768
39 100 -103 64 -59 -32768 -32768 -32768 -32768
40 87 -93 45 -40 -32768 -32768 -32768 -32768
41 84 -86 9 -3 -32768 -32768 -32768 -32768
42 68 -73 -30 37 -32768 -32768 -32768 -32768
43 84 -89 -30 34 -32768 -32768 -32768 -32768
44 48 -50 -55 62 -32768 -32768 -32768 -32768
45 50 -60 -96 99 -32768 -32768 -32768 -32768
46 63 -65 -76 81 -32768 -32768 -32768 -32768
47 3 -7 -106 113 -32768 -32768 -32768 -32768
48 -30 23 -132 134 -32768 -32768 -32768 -32768
49 -67 62 -187 193 -32768 -32768 -32768 -32768
50 -89 81 -221 231 -32768 -32768 -32768 -32768
51 -108 103 -256 262 -32768 -32768 -32768 -32768
52 -134 129 -293 299 -32768 -32768 -32768 -32768
