OSINK 2B
1
03.02.21
Osova
0.0 0.0
0.0
0.00 0.00
-1.00 -1.00
0.00 0.00
20000.00
0.0
50
50
N
1
52
1 243 -278 93 -89 -32768 -32768 -32768 -32768
2 243 -278 93 -89 -32768 -32768 -32768 -32768
3 244 -275 93 -85 -32768 -32768 -32768 -32768
4 216 -246 76 -68 -32768 -32768 -32768 -32768
5 195 -226 49 -43 -32768 -32768 -32768 -32768
6 186 -218 16 -6 -32768 -32768 -32768 -32768
7 125 -155 -32 41 -32768 -32768 -32768 -32768
8 89 -121 -42 51 -32768 -32768 -32768 -32768
9 46 -75 -48 58 -32768 -32768 -32768 -32768
10 28 -58 -54 64 -32768 -32768 -32768 -32768
11 18 -50 -49 55 -32768 -32768 -32768 -32768
12 0 -30 -57 65 -32768 -32768 -32768 -32768
13 -17 -13 -77 84 -32768 -32768 -32768 -32768
14 -39 7 -107 116 -32768 -32768 -32768 -32768
15 -72 42 -134 142 -32768 -32768 -32768 -32768
16 -92 61 -151 161 -32768 -32768 -32768 -32768
17 -91 61 -159 169 -32768 -32768 -32768 -32768
18 -134 104 -157 165 -32768 -32768 -32768 -32768
19 -132 102 -170 182 -32768 -32768 -32768 -32768
20 -151 122 -135 146 -32768 -32768 -32768 -32768
21 -160 129 -96 104 -32768 -32768 -32768 -32768
22 -158 128 -73 84 -32768 -32768 -32768 -32768
23 -148 118 -61 68 -32768 -32768 -32768 -32768
24 -159 119 -53 49 -32768 -32768 -32768 -32768
25 -192 159 -44 49 -32768 -32768 -32768 -32768
26 -209 179 -7 17 -32768 -32768 -32768 -32768
27 -222 190 31 -24 -32768 -32768 -32768 -32768
28 -220 190 67 -59 -32768 -32768 -32768 -32768
29 -219 190 106 -95 -32768 -32768 -32768 -32768
30 -195 160 142 -135 -32768 -32768 -32768 -32768
31 -134 106 160 -154 -32768 -32768 -32768 -32768
32 -95 63 160 -148 -32768 -32768 -32768 -32768
33 -55 25 150 -142 -32768 -32768 -32768 -32768
34 -7 -22 133 -125 -32768 -32768 -32768 -32768
35 23 -53 116 -106 -32768 -32768 -32768 -32768
36 50 -81 107 -98 -32768 -32768 -32768 -32768
37 91 -122 79 -71 -32768 -32768 -32768 -32768
38 85 -116 87 -76 -32768 -32768 -32768 -32768
39 89 -118 66 -60 -32768 -32768 -32768 -32768
40 77 -107 49 -40 -32768 -32768 -32768 -32768
41 71 -101 15 -6 -32768 -32768 -32768 -32768
42 57 -85 -29 36 -32768 -32768 -32768 -32768
43 73 -107 -28 35 -32768 -32768 -32768 -32768
44 38 -69 -51 61 -32768 -32768 -32768 -32768
45 37 -68 -94 99 -32768 -32768 -32768 -32768
46 53 -81 -73 82 -32768 -32768 -32768 -32768
47 -5 -26 -104 112 -32768 -32768 -32768 -32768
48 -40 3 -126 132 -32768 -32768 -32768 -32768
49 -80 47 -182 190 -32768 -32768 -32768 -32768
50 -95 64 -216 231 -32768 -32768 -32768 -32768
51 -115 85 -249 258 -32768 -32768 -32768 -32768
52 -146 113 -289 298 -32768 -32768 -32768 -32768
