OSINK 2B
1
16.12.20
Osova
0.0 0.0
0.0
0.00 0.00
-1.00 -1.00
0.00 0.00
20000.00
0.0
50
50
N
1
52
1 230 -247 106 -107 -32768 -32768 -32768 -32768
2 229 -247 107 -107 -32768 -32768 -32768 -32768
3 243 -260 85 -82 -32768 -32768 -32768 -32768
4 219 -235 70 -68 -32768 -32768 -32768 -32768
5 202 -219 45 -44 -32768 -32768 -32768 -32768
6 190 -210 7 -5 -32768 -32768 -32768 -32768
7 130 -149 -37 39 -32768 -32768 -32768 -32768
8 97 -114 -46 49 -32768 -32768 -32768 -32768
9 48 -67 -52 57 -32768 -32768 -32768 -32768
10 34 -51 -59 61 -32768 -32768 -32768 -32768
11 24 -41 -52 52 -32768 -32768 -32768 -32768
12 5 -23 -60 63 -32768 -32768 -32768 -32768
13 -14 -3 -80 84 -32768 -32768 -32768 -32768
14 -34 16 -112 116 -32768 -32768 -32768 -32768
15 -68 51 -138 141 -32768 -32768 -32768 -32768
16 -88 70 -154 157 -32768 -32768 -32768 -32768
17 -85 69 -163 166 -32768 -32768 -32768 -32768
18 -130 114 -162 164 -32768 -32768 -32768 -32768
19 -127 112 -172 176 -32768 -32768 -32768 -32768
20 -148 132 -136 140 -32768 -32768 -32768 -32768
21 -154 135 -96 99 -32768 -32768 -32768 -32768
22 -152 136 -76 79 -32768 -32768 -32768 -32768
23 -143 123 -64 63 -32768 -32768 -32768 -32768
24 -145 127 -53 46 -32768 -32768 -32768 -32768
25 -188 171 -46 46 -32768 -32768 -32768 -32768
26 -205 188 -4 7 -32768 -32768 -32768 -32768
27 -214 197 31 -31 -32768 -32768 -32768 -32768
28 -215 197 67 -65 -32768 -32768 -32768 -32768
29 -215 197 107 -102 -32768 -32768 -32768 -32768
30 -184 165 142 -140 -32768 -32768 -32768 -32768
31 -124 108 158 -156 -32768 -32768 -32768 -32768
32 -84 67 155 -150 -32768 -32768 -32768 -32768
33 -48 30 147 -144 -32768 -32768 -32768 -32768
34 1 -19 128 -125 -32768 -32768 -32768 -32768
35 33 -49 112 -109 -32768 -32768 -32768 -32768
36 63 -81 100 -98 -32768 -32768 -32768 -32768
37 98 -114 75 -72 -32768 -32768 -32768 -32768
38 91 -109 81 -78 -32768 -32768 -32768 -32768
39 95 -111 61 -61 -32768 -32768 -32768 -32768
40 82 -101 43 -38 -32768 -32768 -32768 -32768
41 78 -92 5 -6 -32768 -32768 -32768 -32768
42 64 -80 -33 34 -32768 -32768 -32768 -32768
43 78 -94 -32 31 -32768 -32768 -32768 -32768
44 43 -57 -58 60 -32768 -32768 -32768 -32768
45 46 -65 -99 98 -32768 -32768 -32768 -32768
46 55 -71 -78 81 -32768 -32768 -32768 -32768
47 -2 -15 -109 112 -32768 -32768 -32768 -32768
48 -39 17 -133 132 -32768 -32768 -32768 -32768
49 -73 55 -190 191 -32768 -32768 -32768 -32768
50 -92 74 -225 229 -32768 -32768 -32768 -32768
51 -116 97 -260 260 -32768 -32768 -32768 -32768
52 -140 122 -294 297 -32768 -32768 -32768 -32768
