OSINK 2B
1
26.10.21
Osova
0.0 0.0
0.0
0.00 0.00
-1.00 -1.00
0.00 0.00
20000.00
0.0
50
50
N
1
52
1 261 -295 84 -70 -32768 -32768 -32768 -32768
2 262 -291 83 -71 -32768 -32768 -32768 -32768
3 252 -287 91 -78 -32768 -32768 -32768 -32768
4 220 -251 76 -68 -32768 -32768 -32768 -32768
5 192 -217 36 -29 -32768 -32768 -32768 -32768
6 177 -209 9 -3 -32768 -32768 -32768 -32768
7 119 -149 -36 44 -32768 -32768 -32768 -32768
8 84 -116 -42 51 -32768 -32768 -32768 -32768
9 48 -79 -49 59 -32768 -32768 -32768 -32768
10 31 -60 -53 63 -32768 -32768 -32768 -32768
11 20 -49 -46 52 -32768 -32768 -32768 -32768
12 3 -32 -60 67 -32768 -32768 -32768 -32768
13 -15 -13 -79 85 -32768 -32768 -32768 -32768
14 -39 9 -108 119 -32768 -32768 -32768 -32768
15 -73 44 -135 146 -32768 -32768 -32768 -32768
16 -93 62 -152 161 -32768 -32768 -32768 -32768
17 -92 62 -159 170 -32768 -32768 -32768 -32768
18 -136 109 -160 170 -32768 -32768 -32768 -32768
19 -134 104 -169 177 -32768 -32768 -32768 -32768
20 -154 123 -133 144 -32768 -32768 -32768 -32768
21 -162 130 -94 104 -32768 -32768 -32768 -32768
22 -156 128 -72 82 -32768 -32768 -32768 -32768
23 -145 115 -61 68 -32768 -32768 -32768 -32768
24 -150 122 -50 52 -32768 -32768 -32768 -32768
25 -189 159 -44 49 -32768 -32768 -32768 -32768
26 -207 176 0 11 -32768 -32768 -32768 -32768
27 -214 185 33 -25 -32768 -32768 -32768 -32768
28 -216 186 70 -60 -32768 -32768 -32768 -32768
29 -213 183 109 -99 -32768 -32768 -32768 -32768
30 -180 150 144 -135 -32768 -32768 -32768 -32768
31 -123 93 159 -153 -32768 -32768 -32768 -32768
32 -80 52 159 -146 -32768 -32768 -32768 -32768
33 -44 13 150 -141 -32768 -32768 -32768 -32768
34 3 -32 131 -122 -32768 -32768 -32768 -32768
35 32 -63 117 -106 -32768 -32768 -32768 -32768
36 63 -93 102 -96 -32768 -32768 -32768 -32768
37 96 -126 79 -71 -32768 -32768 -32768 -32768
38 89 -120 86 -75 -32768 -32768 -32768 -32768
39 92 -122 67 -56 -32768 -32768 -32768 -32768
40 79 -110 45 -36 -32768 -32768 -32768 -32768
41 74 -104 7 2 -32768 -32768 -32768 -32768
42 60 -90 -28 39 -32768 -32768 -32768 -32768
43 73 -103 -29 36 -32768 -32768 -32768 -32768
44 37 -62 -52 67 -32768 -32768 -32768 -32768
45 46 -80 -95 102 -32768 -32768 -32768 -32768
46 50 -80 -75 83 -32768 -32768 -32768 -32768
47 -9 -19 -106 116 -32768 -32768 -32768 -32768
48 -44 12 -136 134 -32768 -32768 -32768 -32768
49 -76 46 -190 196 -32768 -32768 -32768 -32768
50 -98 68 -223 235 -32768 -32768 -32768 -32768
51 -119 90 -256 267 -32768 -32768 -32768 -32768
52 -147 118 -291 301 -32768 -32768 -32768 -32768
