OSINK 2B
1
02.09.21
Osova
0.0 0.0
0.0
0.00 0.00
-1.00 -1.00
0.00 0.00
20000.00
0.0
50
50
N
1
52
1 273 -297 100 -81 -32768 -32768 -32768 -32768
2 273 -296 100 -82 -32768 -32768 -32768 -32768
3 258 -279 96 -83 -32768 -32768 -32768 -32768
4 224 -246 75 -67 -32768 -32768 -32768 -32768
5 198 -218 37 -28 -32768 -32768 -32768 -32768
6 181 -203 11 -2 -32768 -32768 -32768 -32768
7 123 -145 -36 46 -32768 -32768 -32768 -32768
8 87 -110 -41 51 -32768 -32768 -32768 -32768
9 52 -73 -48 59 -32768 -32768 -32768 -32768
10 35 -55 -53 63 -32768 -32768 -32768 -32768
11 23 -44 -46 52 -32768 -32768 -32768 -32768
12 6 -27 -58 68 -32768 -32768 -32768 -32768
13 -13 -9 -80 87 -32768 -32768 -32768 -32768
14 -35 14 -109 120 -32768 -32768 -32768 -32768
15 -71 49 -136 147 -32768 -32768 -32768 -32768
16 -88 66 -151 162 -32768 -32768 -32768 -32768
17 -89 67 -159 171 -32768 -32768 -32768 -32768
18 -133 115 -161 171 -32768 -32768 -32768 -32768
19 -131 108 -169 179 -32768 -32768 -32768 -32768
20 -149 128 -135 145 -32768 -32768 -32768 -32768
21 -156 135 -94 103 -32768 -32768 -32768 -32768
22 -152 133 -73 84 -32768 -32768 -32768 -32768
23 -140 120 -60 68 -32768 -32768 -32768 -32768
24 -150 129 -48 53 -32768 -32768 -32768 -32768
25 -186 165 -41 50 -32768 -32768 -32768 -32768
26 -203 181 2 13 -32768 -32768 -32768 -32768
27 -210 190 35 -25 -32768 -32768 -32768 -32768
28 -212 191 71 -61 -32768 -32768 -32768 -32768
29 -210 188 110 -98 -32768 -32768 -32768 -32768
30 -177 157 145 -134 -32768 -32768 -32768 -32768
31 -121 98 161 -153 -32768 -32768 -32768 -32768
32 -77 56 159 -146 -32768 -32768 -32768 -32768
33 -40 18 150 -141 -32768 -32768 -32768 -32768
34 6 -30 134 -121 -32768 -32768 -32768 -32768
35 36 -58 117 -106 -32768 -32768 -32768 -32768
36 65 -88 104 -96 -32768 -32768 -32768 -32768
37 99 -122 80 -70 -32768 -32768 -32768 -32768
38 94 -116 87 -75 -32768 -32768 -32768 -32768
39 97 -116 68 -55 -32768 -32768 -32768 -32768
40 84 -105 46 -36 -32768 -32768 -32768 -32768
41 78 -99 10 2 -32768 -32768 -32768 -32768
42 66 -87 -28 39 -32768 -32768 -32768 -32768
43 77 -100 -29 36 -32768 -32768 -32768 -32768
44 40 -55 -53 69 -32768 -32768 -32768 -32768
45 52 -75 -94 102 -32768 -32768 -32768 -32768
46 56 -74 -72 84 -32768 -32768 -32768 -32768
47 -4 -15 -105 116 -32768 -32768 -32768 -32768
48 -34 14 -132 135 -32768 -32768 -32768 -32768
49 -72 50 -185 198 -32768 -32768 -32768 -32768
50 -92 74 -220 236 -32768 -32768 -32768 -32768
51 -116 94 -256 266 -32768 -32768 -32768 -32768
52 -142 119 -290 300 -32768 -32768 -32768 -32768
