OSINK 2B
1
09.06.21
Osova
0.0 0.0
0.0
0.00 0.00
-1.00 -1.00
0.00 0.00
20000.00
0.0
50
50
N
1
52
1 274 -300 96 -80 -32768 -32768 -32768 -32768
2 274 -300 96 -80 -32768 -32768 -32768 -32768
3 251 -274 88 -83 -32768 -32768 -32768 -32768
4 221 -244 70 -68 -32768 -32768 -32768 -32768
5 198 -220 40 -40 -32768 -32768 -32768 -32768
6 187 -210 4 -4 -32768 -32768 -32768 -32768
7 129 -150 -39 41 -32768 -32768 -32768 -32768
8 89 -112 -46 48 -32768 -32768 -32768 -32768
9 49 -72 -53 56 -32768 -32768 -32768 -32768
10 33 -54 -58 60 -32768 -32768 -32768 -32768
11 22 -45 -51 50 -32768 -32768 -32768 -32768
12 4 -26 -63 64 -32768 -32768 -32768 -32768
13 -14 -9 -84 83 -32768 -32768 -32768 -32768
14 -36 15 -113 118 -32768 -32768 -32768 -32768
15 -72 49 -140 142 -32768 -32768 -32768 -32768
16 -89 67 -155 158 -32768 -32768 -32768 -32768
17 -90 67 -164 167 -32768 -32768 -32768 -32768
18 -135 115 -165 167 -32768 -32768 -32768 -32768
19 -130 108 -171 174 -32768 -32768 -32768 -32768
20 -149 128 -135 137 -32768 -32768 -32768 -32768
21 -157 135 -96 100 -32768 -32768 -32768 -32768
22 -153 132 -76 79 -32768 -32768 -32768 -32768
23 -142 120 -63 63 -32768 -32768 -32768 -32768
24 -149 127 -52 49 -32768 -32768 -32768 -32768
25 -187 166 -45 45 -32768 -32768 -32768 -32768
26 -203 181 0 6 -32768 -32768 -32768 -32768
27 -211 189 32 -31 -32768 -32768 -32768 -32768
28 -212 191 68 -67 -32768 -32768 -32768 -32768
29 -210 187 108 -104 -32768 -32768 -32768 -32768
30 -174 151 143 -142 -32768 -32768 -32768 -32768
31 -119 96 158 -157 -32768 -32768 -32768 -32768
32 -74 54 155 -150 -32768 -32768 -32768 -32768
33 -38 16 146 -145 -32768 -32768 -32768 -32768
34 9 -29 128 -126 -32768 -32768 -32768 -32768
35 37 -59 114 -110 -32768 -32768 -32768 -32768
36 67 -89 101 -100 -32768 -32768 -32768 -32768
37 101 -122 77 -75 -32768 -32768 -32768 -32768
38 94 -116 83 -79 -32768 -32768 -32768 -32768
39 102 -118 80 -60 -32768 -32768 -32768 -32768
40 76 -106 36 -40 -32768 -32768 -32768 -32768
41 78 -100 1 -1 -32768 -32768 -32768 -32768
42 65 -87 -31 35 -32768 -32768 -32768 -32768
43 78 -100 -31 33 -32768 -32768 -32768 -32768
44 36 -58 -59 61 -32768 -32768 -32768 -32768
45 51 -75 -97 98 -32768 -32768 -32768 -32768
46 54 -75 -77 79 -32768 -32768 -32768 -32768
47 -5 -15 -108 112 -32768 -32768 -32768 -32768
48 -38 14 -138 132 -32768 -32768 -32768 -32768
49 -73 49 -192 192 -32768 -32768 -32768 -32768
50 -93 72 -224 229 -32768 -32768 -32768 -32768
51 -116 94 -258 262 -32768 -32768 -32768 -32768
52 -144 120 -293 296 -32768 -32768 -32768 -32768
