OSINK 2B
1
15.10.20
Osova
0.0 0.0
0.0
0.00 0.00
-1.00 -1.00
0.00 0.00
20000.00
0.0
50
50
N
1
52
1 246 -264 114 -120 -32768 -32768 -32768 -32768
2 246 -264 114 -120 -32768 -32768 -32768 -32768
3 241 -253 96 -95 -32768 -32768 -32768 -32768
4 224 -237 81 -76 -32768 -32768 -32768 -32768
5 209 -221 54 -55 -32768 -32768 -32768 -32768
6 207 -222 17 -29 -32768 -32768 -32768 -32768
7 154 -160 -23 35 -32768 -32768 -32768 -32768
8 112 -124 -47 47 -32768 -32768 -32768 -32768
9 64 -79 -50 51 -32768 -32768 -32768 -32768
10 42 -54 -57 61 -32768 -32768 -32768 -32768
11 31 -43 -54 52 -32768 -32768 -32768 -32768
12 13 -30 -54 57 -32768 -32768 -32768 -32768
13 0 -8 -76 76 -32768 -32768 -32768 -32768
14 -24 14 -104 107 -32768 -32768 -32768 -32768
15 -56 47 -133 135 -32768 -32768 -32768 -32768
16 -80 67 -154 155 -32768 -32768 -32768 -32768
17 -83 71 -161 162 -32768 -32768 -32768 -32768
18 -118 108 -158 157 -32768 -32768 -32768 -32768
19 -127 114 -176 180 -32768 -32768 -32768 -32768
20 -143 131 -146 147 -32768 -32768 -32768 -32768
21 -152 141 -102 104 -32768 -32768 -32768 -32768
22 -150 140 -78 81 -32768 -32768 -32768 -32768
23 -141 131 -65 64 -32768 -32768 -32768 -32768
24 -144 131 -48 48 -32768 -32768 -32768 -32768
25 -184 173 -50 49 -32768 -32768 -32768 -32768
26 -202 189 -10 13 -32768 -32768 -32768 -32768
27 -213 201 28 -28 -32768 -32768 -32768 -32768
28 -212 201 61 -61 -32768 -32768 -32768 -32768
29 -213 201 99 -98 -32768 -32768 -32768 -32768
30 -189 176 139 -137 -32768 -32768 -32768 -32768
31 -127 116 157 -157 -32768 -32768 -32768 -32768
32 -85 72 154 -151 -32768 -32768 -32768 -32768
33 -44 32 145 -146 -32768 -32768 -32768 -32768
34 1 -13 130 -128 -32768 -32768 -32768 -32768
35 32 -44 112 -110 -32768 -32768 -32768 -32768
36 62 -73 102 -101 -32768 -32768 -32768 -32768
37 99 -111 75 -74 -32768 -32768 -32768 -32768
38 93 -105 82 -79 -32768 -32768 -32768 -32768
39 96 -107 62 -62 -32768 -32768 -32768 -32768
40 84 -97 43 -42 -32768 -32768 -32768 -32768
41 79 -90 6 -5 -32768 -32768 -32768 -32768
42 66 -77 -33 35 -32768 -32768 -32768 -32768
43 79 -93 -32 32 -32768 -32768 -32768 -32768
44 45 -54 -57 60 -32768 -32768 -32768 -32768
45 49 -63 -98 97 -32768 -32768 -32768 -32768
46 57 -68 -77 79 -32768 -32768 -32768 -32768
47 0 -11 -109 110 -32768 -32768 -32768 -32768
48 -36 21 -132 132 -32768 -32768 -32768 -32768
49 -70 58 -190 191 -32768 -32768 -32768 -32768
50 -90 78 -225 228 -32768 -32768 -32768 -32768
51 -113 100 -259 260 -32768 -32768 -32768 -32768
52 -138 126 -295 297 -32768 -32768 -32768 -32768
