OSINK 2A
1
13.04.21
Osova
0.0 0.0
0.0
0.00 0.00
-1.00 -1.00
0.00 0.00
20000.00
0.0
50
50
N
1
52
1 -328 293 -15 15 -32768 -32768 -32768 -32768
2 -325 293 -13 15 -32768 -32768 -32768 -32768
3 -325 293 -13 15 -32768 -32768 -32768 -32768
4 -274 254 -2 5 -32768 -32768 -32768 -32768
5 -256 236 -29 32 -32768 -32768 -32768 -32768
6 -202 180 -53 54 -32768 -32768 -32768 -32768
7 -149 129 -64 66 -32768 -32768 -32768 -32768
8 -113 91 -69 71 -32768 -32768 -32768 -32768
9 -81 64 -59 58 -32768 -32768 -32768 -32768
10 -50 33 -37 42 -32768 -32768 -32768 -32768
11 -37 17 -18 21 -32768 -32768 -32768 -32768
12 -40 21 4 -2 -32768 -32768 -32768 -32768
13 -49 26 25 -21 -32768 -32768 -32768 -32768
14 -50 31 35 -26 -32768 -32768 -32768 -32768
15 -63 41 52 -48 -32768 -32768 -32768 -32768
16 -53 32 61 -60 -32768 -32768 -32768 -32768
17 -32 12 48 -44 -32768 -32768 -32768 -32768
18 1 -21 48 -47 -32768 -32768 -32768 -32768
19 33 -54 34 -32 -32768 -32768 -32768 -32768
20 58 -79 17 -14 -32768 -32768 -32768 -32768
21 72 -94 15 -12 -32768 -32768 -32768 -32768
22 76 -96 31 -29 -32768 -32768 -32768 -32768
23 87 -107 74 -68 -32768 -32768 -32768 -32768
24 97 -118 97 -96 -32768 -32768 -32768 -32768
25 102 -125 117 -114 -32768 -32768 -32768 -32768
26 102 -122 131 -127 -32768 -32768 -32768 -32768
27 62 -83 162 -161 -32768 -32768 -32768 -32768
28 52 -74 204 -202 -32768 -32768 -32768 -32768
29 44 -64 195 -191 -32768 -32768 -32768 -32768
30 25 -47 194 -193 -32768 -32768 -32768 -32768
31 -1 -20 198 -195 -32768 -32768 -32768 -32768
32 -16 -3 192 -189 -32768 -32768 -32768 -32768
33 -26 6 202 -201 -32768 -32768 -32768 -32768
34 -82 62 220 -216 -32768 -32768 -32768 -32768
35 -112 90 215 -213 -32768 -32768 -32768 -32768
36 -170 148 190 -188 -32768 -32768 -32768 -32768
37 -209 189 157 -156 -32768 -32768 -32768 -32768
38 -234 215 134 -133 -32768 -32768 -32768 -32768
39 -249 223 139 -142 -32768 -32768 -32768 -32768
40 -238 219 126 -125 -32768 -32768 -32768 -32768
41 -234 214 103 -99 -32768 -32768 -32768 -32768
42 -226 207 82 -80 -32768 -32768 -32768 -32768
43 -206 184 51 -48 -32768 -32768 -32768 -32768
44 -183 167 19 -21 -32768 -32768 -32768 -32768
45 -157 133 -1 3 -32768 -32768 -32768 -32768
46 -119 101 -32 33 -32768 -32768 -32768 -32768
47 -105 82 -26 29 -32768 -32768 -32768 -32768
48 -61 40 -60 63 -32768 -32768 -32768 -32768
49 -16 -3 -89 91 -32768 -32768 -32768 -32768
50 32 -54 -131 129 -32768 -32768 -32768 -32768
51 82 -107 -156 162 -32768 -32768 -32768 -32768
52 85 -106 -162 162 -32768 -32768 -32768 -32768
