OSINK 2A
1
18.11.20
Osova
0.0 0.0
0.0
0.00 0.00
-1.00 -1.00
0.00 0.00
20000.00
0.0
50
50
N
1
52
1 -257 226 -18 16 -32768 -32768 -32768 -32768
2 -258 226 -19 16 -32768 -32768 -32768 -32768
3 -258 224 -19 15 -32768 -32768 -32768 -32768
4 -270 246 -3 4 -32768 -32768 -32768 -32768
5 -256 236 -29 31 -32768 -32768 -32768 -32768
6 -204 186 -53 53 -32768 -32768 -32768 -32768
7 -152 138 -65 66 -32768 -32768 -32768 -32768
8 -116 94 -68 71 -32768 -32768 -32768 -32768
9 -83 66 -59 62 -32768 -32768 -32768 -32768
10 -50 30 -40 44 -32768 -32768 -32768 -32768
11 -38 18 -20 22 -32768 -32768 -32768 -32768
12 -41 20 4 -1 -32768 -32768 -32768 -32768
13 -46 25 22 -20 -32768 -32768 -32768 -32768
14 -53 32 29 -25 -32768 -32768 -32768 -32768
15 -63 41 51 -50 -32768 -32768 -32768 -32768
16 -54 32 61 -59 -32768 -32768 -32768 -32768
17 -36 11 49 -44 -32768 -32768 -32768 -32768
18 0 -20 48 -46 -32768 -32768 -32768 -32768
19 31 -52 32 -31 -32768 -32768 -32768 -32768
20 57 -78 16 -14 -32768 -32768 -32768 -32768
21 72 -93 15 -11 -32768 -32768 -32768 -32768
22 75 -97 30 -28 -32768 -32768 -32768 -32768
23 85 -105 66 -60 -32768 -32768 -32768 -32768
24 97 -118 94 -93 -32768 -32768 -32768 -32768
25 101 -122 115 -112 -32768 -32768 -32768 -32768
26 102 -123 127 -126 -32768 -32768 -32768 -32768
27 64 -85 156 -155 -32768 -32768 -32768 -32768
28 51 -74 205 -201 -32768 -32768 -32768 -32768
29 43 -63 195 -192 -32768 -32768 -32768 -32768
30 24 -46 194 -192 -32768 -32768 -32768 -32768
31 1 -23 198 -196 -32768 -32768 -32768 -32768
32 -17 -2 192 -189 -32768 -32768 -32768 -32768
33 -25 3 201 -199 -32768 -32768 -32768 -32768
34 -81 58 218 -217 -32768 -32768 -32768 -32768
35 -113 91 215 -213 -32768 -32768 -32768 -32768
36 -165 145 194 -190 -32768 -32768 -32768 -32768
37 -211 189 158 -158 -32768 -32768 -32768 -32768
38 -236 214 134 -137 -32768 -32768 -32768 -32768
39 -246 227 141 -139 -32768 -32768 -32768 -32768
40 -239 219 132 -128 -32768 -32768 -32768 -32768
41 -234 214 104 -102 -32768 -32768 -32768 -32768
42 -227 208 86 -82 -32768 -32768 -32768 -32768
43 -207 188 53 -54 -32768 -32768 -32768 -32768
44 -185 165 22 -24 -32768 -32768 -32768 -32768
45 -159 140 -1 3 -32768 -32768 -32768 -32768
46 -124 100 -27 31 -32768 -32768 -32768 -32768
47 -106 86 -25 28 -32768 -32768 -32768 -32768
48 -64 45 -57 59 -32768 -32768 -32768 -32768
49 -18 0 -89 90 -32768 -32768 -32768 -32768
50 34 -49 -133 125 -32768 -32768 -32768 -32768
51 85 -107 -158 163 -32768 -32768 -32768 -32768
52 85 -106 -160 162 -32768 -32768 -32768 -32768
