OSINK 2A
1
21.04.21
Osova
0.0 0.0
0.0
0.00 0.00
-1.00 -1.00
0.00 0.00
20000.00
0.0
50
50
N
1
52
1 -285 257 12 17 -32768 -32768 -32768 -32768
2 -285 257 12 17 -32768 -32768 -32768 -32768
3 -285 257 12 17 -32768 -32768 -32768 -32768
4 -271 253 6 11 -32768 -32768 -32768 -32768
5 -254 235 -21 43 -32768 -32768 -32768 -32768
6 -202 182 -45 64 -32768 -32768 -32768 -32768
7 -148 128 -57 75 -32768 -32768 -32768 -32768
8 -112 93 -61 80 -32768 -32768 -32768 -32768
9 -81 62 -51 69 -32768 -32768 -32768 -32768
10 -49 30 -29 47 -32768 -32768 -32768 -32768
11 -36 18 -9 27 -32768 -32768 -32768 -32768
12 -40 22 13 5 -32768 -32768 -32768 -32768
13 -46 27 32 -14 -32768 -32768 -32768 -32768
14 -61 33 37 -18 -32768 -32768 -32768 -32768
15 -60 41 59 -42 -32768 -32768 -32768 -32768
16 -52 33 69 -52 -32768 -32768 -32768 -32768
17 -29 12 57 -36 -32768 -32768 -32768 -32768
18 1 -19 58 -39 -32768 -32768 -32768 -32768
19 35 -53 41 -23 -32768 -32768 -32768 -32768
20 60 -78 25 -7 -32768 -32768 -32768 -32768
21 71 -93 23 -4 -32768 -32768 -32768 -32768
22 77 -96 38 -22 -32768 -32768 -32768 -32768
23 86 -106 80 -59 -32768 -32768 -32768 -32768
24 92 -117 106 -87 -32768 -32768 -32768 -32768
25 104 -122 125 -107 -32768 -32768 -32768 -32768
26 103 -122 139 -120 -32768 -32768 -32768 -32768
27 64 -82 169 -153 -32768 -32768 -32768 -32768
28 56 -72 210 -196 -32768 -32768 -32768 -32768
29 46 -62 205 -184 -32768 -32768 -32768 -32768
30 26 -45 203 -185 -32768 -32768 -32768 -32768
31 0 -19 206 -187 -32768 -32768 -32768 -32768
32 -15 -2 200 -181 -32768 -32768 -32768 -32768
33 -25 4 209 -192 -32768 -32768 -32768 -32768
34 -82 63 226 -210 -32768 -32768 -32768 -32768
35 -113 90 223 -205 -32768 -32768 -32768 -32768
36 -168 144 199 -181 -32768 -32768 -32768 -32768
37 -209 189 165 -149 -32768 -32768 -32768 -32768
38 -235 216 140 -126 -32768 -32768 -32768 -32768
39 -245 226 151 -132 -32768 -32768 -32768 -32768
40 -238 220 136 -118 -32768 -32768 -32768 -32768
41 -233 215 109 -92 -32768 -32768 -32768 -32768
42 -225 207 91 -73 -32768 -32768 -32768 -32768
43 -205 187 58 -40 -32768 -32768 -32768 -32768
44 -183 163 27 -13 -32768 -32768 -32768 -32768
45 -157 138 5 12 -32768 -32768 -32768 -32768
46 -121 98 -22 42 -32768 -32768 -32768 -32768
47 -104 85 -19 37 -32768 -32768 -32768 -32768
48 -63 35 -49 71 -32768 -32768 -32768 -32768
49 -16 -3 -80 99 -32768 -32768 -32768 -32768
50 32 -52 -122 138 -32768 -32768 -32768 -32768
51 86 -107 -151 170 -32768 -32768 -32768 -32768
52 89 -106 -156 170 -32768 -32768 -32768 -32768
