OSINK 2A
1
19.01.21
Osova
0.0 0.0
0.0
0.00 0.00
-1.00 -1.00
0.00 0.00
20000.00
0.0
50
50
N
1
52
1 -298 278 -40 34 -32768 -32768 -32768 -32768
2 -298 278 -40 34 -32768 -32768 -32768 -32768
3 -298 278 -40 35 -32768 -32768 -32768 -32768
4 -267 253 -3 9 -32768 -32768 -32768 -32768
5 -252 239 -29 34 -32768 -32768 -32768 -32768
6 -199 188 -54 57 -32768 -32768 -32768 -32768
7 -145 131 -65 68 -32768 -32768 -32768 -32768
8 -110 96 -69 73 -32768 -32768 -32768 -32768
9 -81 67 -59 63 -32768 -32768 -32768 -32768
10 -46 33 -39 44 -32768 -32768 -32768 -32768
11 -34 22 -17 21 -32768 -32768 -32768 -32768
12 -38 25 5 -3 -32768 -32768 -32768 -32768
13 -43 30 23 -21 -32768 -32768 -32768 -32768
14 -51 37 29 -24 -32768 -32768 -32768 -32768
15 -57 44 51 -48 -32768 -32768 -32768 -32768
16 -50 37 62 -57 -32768 -32768 -32768 -32768
17 -29 16 47 -44 -32768 -32768 -32768 -32768
18 4 -18 48 -45 -32768 -32768 -32768 -32768
19 37 -49 34 -31 -32768 -32768 -32768 -32768
20 61 -74 18 -13 -32768 -32768 -32768 -32768
21 75 -89 15 -10 -32768 -32768 -32768 -32768
22 78 -92 31 -27 -32768 -32768 -32768 -32768
23 90 -102 74 -65 -32768 -32768 -32768 -32768
24 100 -114 96 -94 -32768 -32768 -32768 -32768
25 106 -119 117 -113 -32768 -32768 -32768 -32768
26 105 -119 132 -126 -32768 -32768 -32768 -32768
27 64 -78 161 -160 -32768 -32768 -32768 -32768
28 55 -69 204 -201 -32768 -32768 -32768 -32768
29 47 -59 196 -190 -32768 -32768 -32768 -32768
30 26 -40 194 -192 -32768 -32768 -32768 -32768
31 2 -16 198 -194 -32768 -32768 -32768 -32768
32 -15 1 193 -188 -32768 -32768 -32768 -32768
33 -25 10 204 -200 -32768 -32768 -32768 -32768
34 -78 66 220 -216 -32768 -32768 -32768 -32768
35 -110 95 215 -211 -32768 -32768 -32768 -32768
36 -164 151 193 -188 -32768 -32768 -32768 -32768
37 -206 194 158 -155 -32768 -32768 -32768 -32768
38 -234 220 133 -132 -32768 -32768 -32768 -32768
39 -242 228 142 -139 -32768 -32768 -32768 -32768
40 -237 223 132 -125 -32768 -32768 -32768 -32768
41 -231 218 103 -99 -32768 -32768 -32768 -32768
42 -224 210 84 -81 -32768 -32768 -32768 -32768
43 -203 189 51 -48 -32768 -32768 -32768 -32768
44 -181 167 21 -18 -32768 -32768 -32768 -32768
45 -156 140 -1 6 -32768 -32768 -32768 -32768
46 -118 103 -30 34 -32768 -32768 -32768 -32768
47 -102 89 -27 30 -32768 -32768 -32768 -32768
48 -60 45 -61 63 -32768 -32768 -32768 -32768
49 -16 0 -89 91 -32768 -32768 -32768 -32768
50 37 -49 -132 128 -32768 -32768 -32768 -32768
51 88 -102 -158 164 -32768 -32768 -32768 -32768
52 87 -103 -161 163 -32768 -32768 -32768 -32768
