OSINK 2A
1
02.09.20
Osova
0.0 0.0
0.0
0.00 0.00
-1.00 -1.00
0.00 0.00
20000.00
0.0
50
50
N
1
52
1 -261 244 -26 14 -32768 -32768 -32768 -32768
2 -261 244 -26 14 -32768 -32768 -32768 -32768
3 -260 244 -26 14 -32768 -32768 -32768 -32768
4 -264 252 1 -7 -32768 -32768 -32768 -32768
5 -263 250 -21 19 -32768 -32768 -32768 -32768
6 -222 210 -49 42 -32768 -32768 -32768 -32768
7 -165 152 -67 61 -32768 -32768 -32768 -32768
8 -119 105 -71 66 -32768 -32768 -32768 -32768
9 -93 81 -67 60 -32768 -32768 -32768 -32768
10 -54 40 -52 48 -32768 -32768 -32768 -32768
11 -37 25 -29 26 -32768 -32768 -32768 -32768
12 -36 24 -5 -1 -32768 -32768 -32768 -32768
13 -42 28 15 -20 -32768 -32768 -32768 -32768
14 -49 36 25 -30 -32768 -32768 -32768 -32768
15 -60 46 41 -44 -32768 -32768 -32768 -32768
16 -50 37 58 -65 -32768 -32768 -32768 -32768
17 -39 25 49 -51 -32768 -32768 -32768 -32768
18 -2 -10 45 -51 -32768 -32768 -32768 -32768
19 27 -41 33 -40 -32768 -32768 -32768 -32768
20 53 -67 14 -19 -32768 -32768 -32768 -32768
21 67 -83 8 -12 -32768 -32768 -32768 -32768
22 78 -93 25 -34 -32768 -32768 -32768 -32768
23 85 -97 61 -63 -32768 -32768 -32768 -32768
24 99 -110 90 -95 -32768 -32768 -32768 -32768
25 101 -115 109 -115 -32768 -32768 -32768 -32768
26 101 -114 124 -129 -32768 -32768 -32768 -32768
27 66 -79 144 -150 -32768 -32768 -32768 -32768
28 52 -66 200 -206 -32768 -32768 -32768 -32768
29 41 -54 194 -196 -32768 -32768 -32768 -32768
30 25 -39 189 -195 -32768 -32768 -32768 -32768
31 3 -16 194 -200 -32768 -32768 -32768 -32768
32 -21 6 188 -192 -32768 -32768 -32768 -32768
33 -25 10 195 -201 -32768 -32768 -32768 -32768
34 -81 68 216 -221 -32768 -32768 -32768 -32768
35 -112 98 212 -216 -32768 -32768 -32768 -32768
36 -161 149 190 -195 -32768 -32768 -32768 -32768
37 -208 195 158 -163 -32768 -32768 -32768 -32768
38 -235 220 131 -138 -32768 -32768 -32768 -32768
39 -247 233 136 -141 -32768 -32768 -32768 -32768
40 -239 225 128 -133 -32768 -32768 -32768 -32768
41 -234 221 99 -105 -32768 -32768 -32768 -32768
42 -226 214 81 -86 -32768 -32768 -32768 -32768
43 -206 194 49 -55 -32768 -32768 -32768 -32768
44 -169 170 31 -26 -32768 -32768 -32768 -32768
45 -161 146 -5 1 -32768 -32768 -32768 -32768
46 -122 106 -31 26 -32768 -32768 -32768 -32768
47 -105 90 -30 25 -32768 -32768 -32768 -32768
48 -61 48 -61 56 -32768 -32768 -32768 -32768
49 -16 0 -93 87 -32768 -32768 -32768 -32768
50 32 -46 -131 123 -32768 -32768 -32768 -32768
51 86 -101 -162 159 -32768 -32768 -32768 -32768
52 89 -102 -165 159 -32768 -32768 -32768 -32768
