OSINK 2A
1
30.09.20
Osova
0.0 0.0
0.0
0.00 0.00
-1.00 -1.00
0.00 0.00
20000.00
0.0
50
50
N
1
52
1 -246 229 -22 19 -32768 -32768 -32768 -32768
2 -246 229 -22 19 -32768 -32768 -32768 -32768
3 -246 229 -22 19 -32768 -32768 -32768 -32768
4 -262 250 6 0 -32768 -32768 -32768 -32768
5 -260 250 -14 24 -32768 -32768 -32768 -32768
6 -221 211 -43 48 -32768 -32768 -32768 -32768
7 -163 153 -62 66 -32768 -32768 -32768 -32768
8 -117 106 -66 71 -32768 -32768 -32768 -32768
9 -90 80 -62 66 -32768 -32768 -32768 -32768
10 -52 41 -45 52 -32768 -32768 -32768 -32768
11 -35 24 -23 31 -32768 -32768 -32768 -32768
12 -35 24 0 5 -32768 -32768 -32768 -32768
13 -39 27 20 -15 -32768 -32768 -32768 -32768
14 -46 35 29 -24 -32768 -32768 -32768 -32768
15 -58 45 45 -39 -32768 -32768 -32768 -32768
16 -50 36 62 -59 -32768 -32768 -32768 -32768
17 -34 25 53 -46 -32768 -32768 -32768 -32768
18 0 -10 49 -46 -32768 -32768 -32768 -32768
19 30 -41 38 -35 -32768 -32768 -32768 -32768
20 57 -68 19 -15 -32768 -32768 -32768 -32768
21 71 -83 13 -9 -32768 -32768 -32768 -32768
22 82 -94 31 -27 -32768 -32768 -32768 -32768
23 87 -98 66 -58 -32768 -32768 -32768 -32768
24 101 -113 95 -90 -32768 -32768 -32768 -32768
25 105 -117 114 -110 -32768 -32768 -32768 -32768
26 106 -118 129 -124 -32768 -32768 -32768 -32768
27 71 -83 151 -146 -32768 -32768 -32768 -32768
28 58 -70 206 -202 -32768 -32768 -32768 -32768
29 48 -58 200 -192 -32768 -32768 -32768 -32768
30 32 -42 195 -190 -32768 -32768 -32768 -32768
31 7 -21 200 -195 -32768 -32768 -32768 -32768
32 -14 3 194 -189 -32768 -32768 -32768 -32768
33 -19 6 200 -196 -32768 -32768 -32768 -32768
34 -76 64 222 -217 -32768 -32768 -32768 -32768
35 -107 93 218 -213 -32768 -32768 -32768 -32768
36 -157 146 197 -191 -32768 -32768 -32768 -32768
37 -204 192 164 -160 -32768 -32768 -32768 -32768
38 -232 218 136 -136 -32768 -32768 -32768 -32768
39 -243 228 142 -138 -32768 -32768 -32768 -32768
40 -236 220 134 -130 -32768 -32768 -32768 -32768
41 -231 216 106 -102 -32768 -32768 -32768 -32768
42 -224 210 87 -84 -32768 -32768 -32768 -32768
43 -205 190 54 -53 -32768 -32768 -32768 -32768
44 -182 164 23 -24 -32768 -32768 -32768 -32768
45 -158 138 0 1 -32768 -32768 -32768 -32768
46 -119 99 -26 27 -32768 -32768 -32768 -32768
47 -102 79 -24 24 -32768 -32768 -32768 -32768
48 -61 41 -55 57 -32768 -32768 -32768 -32768
49 -17 -9 -89 86 -32768 -32768 -32768 -32768
50 30 -58 -126 120 -32768 -32768 -32768 -32768
51 86 -113 -158 152 -32768 -32768 -32768 -32768
52 87 -121 -160 149 -32768 -32768 -32768 -32768
