OSINK 2A
1
07.10.20
Osova
0.0 0.0
0.0
0.00 0.00
-1.00 -1.00
0.00 0.00
20000.00
0.0
50
50
N
1
52
1 -260 251 -8 11 -32768 -32768 -32768 -32768
2 -260 251 -8 11 -32768 -32768 -32768 -32768
3 -260 251 -8 11 -32768 -32768 -32768 -32768
4 -265 252 7 -6 -32768 -32768 -32768 -32768
5 -259 250 -19 22 -32768 -32768 -32768 -32768
6 -218 210 -47 44 -32768 -32768 -32768 -32768
7 -161 150 -65 63 -32768 -32768 -32768 -32768
8 -116 105 -69 69 -32768 -32768 -32768 -32768
9 -89 82 -65 63 -32768 -32768 -32768 -32768
10 -51 36 -49 49 -32768 -32768 -32768 -32768
11 -36 27 -26 30 -32768 -32768 -32768 -32768
12 -34 22 -3 8 -32768 -32768 -32768 -32768
13 -38 28 17 -19 -32768 -32768 -32768 -32768
14 -45 34 27 -31 -32768 -32768 -32768 -32768
15 -57 42 43 -38 -32768 -32768 -32768 -32768
16 -48 41 59 -59 -32768 -32768 -32768 -32768
17 -34 22 49 -52 -32768 -32768 -32768 -32768
18 0 -12 47 -50 -32768 -32768 -32768 -32768
19 31 -48 35 -30 -32768 -32768 -32768 -32768
20 60 -69 17 -18 -32768 -32768 -32768 -32768
21 74 -84 10 -12 -32768 -32768 -32768 -32768
22 83 -94 28 -31 -32768 -32768 -32768 -32768
23 89 -98 63 -63 -32768 -32768 -32768 -32768
24 102 -115 92 -94 -32768 -32768 -32768 -32768
25 106 -117 111 -113 -32768 -32768 -32768 -32768
26 107 -96 127 -126 -32768 -32768 -32768 -32768
27 71 -83 149 -147 -32768 -32768 -32768 -32768
28 59 -63 203 -203 -32768 -32768 -32768 -32768
29 48 -57 197 -198 -32768 -32768 -32768 -32768
30 31 -45 192 -201 -32768 -32768 -32768 -32768
31 9 -19 198 -192 -32768 -32768 -32768 -32768
32 -14 7 191 -189 -32768 -32768 -32768 -32768
33 -17 9 198 -199 -32768 -32768 -32768 -32768
34 -76 67 218 -217 -32768 -32768 -32768 -32768
35 -106 97 214 -213 -32768 -32768 -32768 -32768
36 -158 150 193 -194 -32768 -32768 -32768 -32768
37 -203 195 161 -164 -32768 -32768 -32768 -32768
38 -230 220 133 -135 -32768 -32768 -32768 -32768
39 -242 232 139 -140 -32768 -32768 -32768 -32768
40 -235 226 131 -130 -32768 -32768 -32768 -32768
41 -229 220 102 -102 -32768 -32768 -32768 -32768
42 -222 213 84 -83 -32768 -32768 -32768 -32768
43 -203 193 52 -52 -32768 -32768 -32768 -32768
44 -180 170 20 -22 -32768 -32768 -32768 -32768
45 -155 144 -1 3 -32768 -32768 -32768 -32768
46 -117 106 -29 28 -32768 -32768 -32768 -32768
47 -100 91 -27 27 -32768 -32768 -32768 -32768
48 -61 48 -56 59 -32768 -32768 -32768 -32768
49 -12 0 -91 90 -32768 -32768 -32768 -32768
50 36 -45 -130 127 -32768 -32768 -32768 -32768
51 90 -101 -160 161 -32768 -32768 -32768 -32768
52 91 -101 -161 161 -32768 -32768 -32768 -32768
