OSINK 2A
1
01.02.21
Osova
0.0 0.0
0.0
0.00 0.00
-1.00 -1.00
0.00 0.00
20000.00
0.0
50
50
N
1
52
1 -302 285 -11 18 -32768 -32768 -32768 -32768
2 -302 285 -11 18 -32768 -32768 -32768 -32768
3 -302 283 -11 18 -32768 -32768 -32768 -32768
4 -271 251 3 9 -32768 -32768 -32768 -32768
5 -257 236 -22 36 -32768 -32768 -32768 -32768
6 -207 185 -48 59 -32768 -32768 -32768 -32768
7 -151 131 -60 72 -32768 -32768 -32768 -32768
8 -114 94 -64 77 -32768 -32768 -32768 -32768
9 -86 66 -56 68 -32768 -32768 -32768 -32768
10 -49 31 -34 49 -32768 -32768 -32768 -32768
11 -38 18 -14 26 -32768 -32768 -32768 -32768
12 -42 20 9 2 -32768 -32768 -32768 -32768
13 -46 25 26 -14 -32768 -32768 -32768 -32768
14 -52 32 33 -20 -32768 -32768 -32768 -32768
15 -60 41 56 -42 -32768 -32768 -32768 -32768
16 -54 33 66 -54 -32768 -32768 -32768 -32768
17 -34 12 52 -38 -32768 -32768 -32768 -32768
18 0 -21 53 -42 -32768 -32768 -32768 -32768
19 32 -53 39 -26 -32768 -32768 -32768 -32768
20 57 -78 22 -9 -32768 -32768 -32768 -32768
21 72 -93 19 -6 -32768 -32768 -32768 -32768
22 76 -96 35 -23 -32768 -32768 -32768 -32768
23 86 -106 78 -62 -32768 -32768 -32768 -32768
24 97 -118 101 -89 -32768 -32768 -32768 -32768
25 102 -123 120 -108 -32768 -32768 -32768 -32768
26 102 -123 134 -121 -32768 -32768 -32768 -32768
27 62 -85 162 -153 -32768 -32768 -32768 -32768
28 53 -74 209 -197 -32768 -32768 -32768 -32768
29 44 -63 202 -187 -32768 -32768 -32768 -32768
30 24 -47 198 -188 -32768 -32768 -32768 -32768
31 0 -24 203 -190 -32768 -32768 -32768 -32768
32 -17 -2 197 -183 -32768 -32768 -32768 -32768
33 -25 7 207 -195 -32768 -32768 -32768 -32768
34 -83 62 224 -212 -32768 -32768 -32768 -32768
35 -113 91 220 -207 -32768 -32768 -32768 -32768
36 -166 147 197 -185 -32768 -32768 -32768 -32768
37 -211 190 162 -152 -32768 -32768 -32768 -32768
38 -237 216 137 -128 -32768 -32768 -32768 -32768
39 -245 225 147 -135 -32768 -32768 -32768 -32768
40 -239 219 136 -122 -32768 -32768 -32768 -32768
41 -234 215 109 -95 -32768 -32768 -32768 -32768
42 -228 206 90 -76 -32768 -32768 -32768 -32768
43 -208 188 56 -46 -32768 -32768 -32768 -32768
44 -185 165 27 -15 -32768 -32768 -32768 -32768
45 -160 139 4 9 -32768 -32768 -32768 -32768
46 -122 100 -26 38 -32768 -32768 -32768 -32768
47 -105 86 -22 34 -32768 -32768 -32768 -32768
48 -65 43 -55 66 -32768 -32768 -32768 -32768
49 -21 -1 -83 96 -32768 -32768 -32768 -32768
50 31 -51 -124 133 -32768 -32768 -32768 -32768
51 85 -105 -153 168 -32768 -32768 -32768 -32768
52 84 -105 -156 168 -32768 -32768 -32768 -32768
