OSINK 2A
1
27.10.20
Osova
0.0 0.0
0.0
0.00 0.00
-1.00 -1.00
0.00 0.00
20000.00
0.0
50
50
N
1
52
1 -269 252 -18 3 -32768 -32768 -32768 -32768
2 -269 252 -18 3 -32768 -32768 -32768 -32768
3 -267 252 -18 3 -32768 -32768 -32768 -32768
4 -266 251 3 -4 -32768 -32768 -32768 -32768
5 -264 249 -17 22 -32768 -32768 -32768 -32768
6 -224 209 -46 46 -32768 -32768 -32768 -32768
7 -166 152 -65 65 -32768 -32768 -32768 -32768
8 -121 106 -67 70 -32768 -32768 -32768 -32768
9 -93 78 -65 65 -32768 -32768 -32768 -32768
10 -55 40 -49 51 -32768 -32768 -32768 -32768
11 -38 23 -25 29 -32768 -32768 -32768 -32768
12 -37 22 -2 2 -32768 -32768 -32768 -32768
13 -41 26 17 -16 -32768 -32768 -32768 -32768
14 -48 33 27 -26 -32768 -32768 -32768 -32768
15 -59 45 42 -40 -32768 -32768 -32768 -32768
16 -51 36 60 -61 -32768 -32768 -32768 -32768
17 -39 24 50 -47 -32768 -32768 -32768 -32768
18 -3 -11 47 -48 -32768 -32768 -32768 -32768
19 27 -42 36 -36 -32768 -32768 -32768 -32768
20 55 -70 18 -16 -32768 -32768 -32768 -32768
21 69 -85 11 -9 -32768 -32768 -32768 -32768
22 80 -94 28 -28 -32768 -32768 -32768 -32768
23 85 -100 64 -61 -32768 -32768 -32768 -32768
24 99 -114 92 -92 -32768 -32768 -32768 -32768
25 103 -119 112 -111 -32768 -32768 -32768 -32768
26 104 -119 127 -126 -32768 -32768 -32768 -32768
27 69 -83 149 -150 -32768 -32768 -32768 -32768
28 56 -71 203 -203 -32768 -32768 -32768 -32768
29 45 -59 197 -193 -32768 -32768 -32768 -32768
30 30 -44 192 -193 -32768 -32768 -32768 -32768
31 6 -21 197 -197 -32768 -32768 -32768 -32768
32 -16 1 191 -189 -32768 -32768 -32768 -32768
33 -21 5 199 -198 -32768 -32768 -32768 -32768
34 -79 64 219 -217 -32768 -32768 -32768 -32768
35 -108 93 215 -213 -32768 -32768 -32768 -32768
36 -161 147 193 -191 -32768 -32768 -32768 -32768
37 -206 193 161 -158 -32768 -32768 -32768 -32768
38 -234 218 133 -135 -32768 -32768 -32768 -32768
39 -245 229 140 -140 -32768 -32768 -32768 -32768
40 -238 222 130 -129 -32768 -32768 -32768 -32768
41 -232 218 102 -101 -32768 -32768 -32768 -32768
42 -225 211 84 -83 -32768 -32768 -32768 -32768
43 -205 191 51 -51 -32768 -32768 -32768 -32768
44 -182 167 20 -22 -32768 -32768 -32768 -32768
45 -158 142 -1 4 -32768 -32768 -32768 -32768
46 -119 103 -28 30 -32768 -32768 -32768 -32768
47 -102 88 -27 28 -32768 -32768 -32768 -32768
48 -61 45 -59 60 -32768 -32768 -32768 -32768
49 -14 0 -90 91 -32768 -32768 -32768 -32768
50 34 -49 -132 127 -32768 -32768 -32768 -32768
51 88 -102 -159 162 -32768 -32768 -32768 -32768
52 88 -104 -162 162 -32768 -32768 -32768 -32768
