OSINK 2A
1
05.01.21
Osova
0.0 0.0
0.0
0.00 0.00
-1.00 -1.00
0.00 0.00
20000.00
0.0
50
50
N
1
52
1 -286 268 17 -28 -32768 -32768 -32768 -32768
2 -286 268 17 -28 -32768 -32768 -32768 -32768
3 -287 268 28 -28 -32768 -32768 -32768 -32768
4 -274 248 -1 0 -32768 -32768 -32768 -32768
5 -260 234 -30 30 -32768 -32768 -32768 -32768
6 -209 183 -54 52 -32768 -32768 -32768 -32768
7 -155 129 -66 66 -32768 -32768 -32768 -32768
8 -118 91 -69 70 -32768 -32768 -32768 -32768
9 -90 62 -62 61 -32768 -32768 -32768 -32768
10 -51 27 -41 43 -32768 -32768 -32768 -32768
11 -40 15 -20 20 -32768 -32768 -32768 -32768
12 -45 18 3 -2 -32768 -32768 -32768 -32768
13 -49 22 20 -21 -32768 -32768 -32768 -32768
14 -56 29 27 -27 -32768 -32768 -32768 -32768
15 -65 37 50 -50 -32768 -32768 -32768 -32768
16 -59 30 60 -60 -32768 -32768 -32768 -32768
17 -37 11 45 -46 -32768 -32768 -32768 -32768
18 -4 -22 47 -48 -32768 -32768 -32768 -32768
19 30 -56 32 -33 -32768 -32768 -32768 -32768
20 54 -80 16 -15 -32768 -32768 -32768 -32768
21 67 -96 14 -13 -32768 -32768 -32768 -32768
22 72 -99 30 -31 -32768 -32768 -32768 -32768
23 85 -109 72 -71 -32768 -32768 -32768 -32768
24 94 -121 95 -96 -32768 -32768 -32768 -32768
25 99 -125 115 -116 -32768 -32768 -32768 -32768
26 98 -124 128 -129 -32768 -32768 -32768 -32768
27 57 -86 160 -158 -32768 -32768 -32768 -32768
28 48 -74 203 -203 -32768 -32768 -32768 -32768
29 38 -65 195 -193 -32768 -32768 -32768 -32768
30 18 -49 193 -194 -32768 -32768 -32768 -32768
31 -5 -25 197 -197 -32768 -32768 -32768 -32768
32 -21 -4 191 -190 -32768 -32768 -32768 -32768
33 -32 2 201 -201 -32768 -32768 -32768 -32768
34 -88 59 218 -219 -32768 -32768 -32768 -32768
35 -118 89 214 -214 -32768 -32768 -32768 -32768
36 -171 147 191 -190 -32768 -32768 -32768 -32768
37 -215 189 153 -157 -32768 -32768 -32768 -32768
38 -241 215 131 -134 -32768 -32768 -32768 -32768
39 -249 223 141 -142 -32768 -32768 -32768 -32768
40 -243 217 127 -127 -32768 -32768 -32768 -32768
41 -238 212 101 -100 -32768 -32768 -32768 -32768
42 -230 202 82 -81 -32768 -32768 -32768 -32768
43 -208 183 49 -51 -32768 -32768 -32768 -32768
44 -188 159 17 -20 -32768 -32768 -32768 -32768
45 -161 137 -3 3 -32768 -32768 -32768 -32768
46 -126 97 -33 31 -32768 -32768 -32768 -32768
47 -105 81 -25 27 -32768 -32768 -32768 -32768
48 -65 39 -64 60 -32768 -32768 -32768 -32768
49 -20 -6 -91 89 -32768 -32768 -32768 -32768
50 32 -45 -135 128 -32768 -32768 -32768 -32768
51 83 -111 -160 161 -32768 -32768 -32768 -32768
52 82 -110 -161 160 -32768 -32768 -32768 -32768
