OSINK 2A
1
25.11.20
Osova
0.0 0.0
0.0
0.00 0.00
-1.00 -1.00
0.00 0.00
20000.00
0.0
50
50
N
1
52
1 -270 221 4 14 -32768 -32768 -32768 -32768
2 -270 221 4 14 -32768 -32768 -32768 -32768
3 -270 221 4 14 -32768 -32768 -32768 -32768
4 -265 221 0 11 -32768 -32768 -32768 -32768
5 -248 240 -28 33 -32768 -32768 -32768 -32768
6 -201 188 -52 54 -32768 -32768 -32768 -32768
7 -150 137 -66 68 -32768 -32768 -32768 -32768
8 -112 101 -69 72 -32768 -32768 -32768 -32768
9 -82 71 -61 63 -32768 -32768 -32768 -32768
10 -47 33 -41 41 -32768 -32768 -32768 -32768
11 -33 22 -22 23 -32768 -32768 -32768 -32768
12 -37 24 2 -2 -32768 -32768 -32768 -32768
13 -42 29 21 -19 -32768 -32768 -32768 -32768
14 -47 36 29 -25 -32768 -32768 -32768 -32768
15 -55 39 50 -49 -32768 -32768 -32768 -32768
16 -50 38 60 -60 -32768 -32768 -32768 -32768
17 -33 16 46 -44 -32768 -32768 -32768 -32768
18 4 -13 48 -47 -32768 -32768 -32768 -32768
19 35 -48 33 -32 -32768 -32768 -32768 -32768
20 62 -80 16 -14 -32768 -32768 -32768 -32768
21 79 -89 12 -11 -32768 -32768 -32768 -32768
22 83 -94 28 -29 -32768 -32768 -32768 -32768
23 88 -103 70 -67 -32768 -32768 -32768 -32768
24 104 -114 94 -94 -32768 -32768 -32768 -32768
25 105 -118 111 -112 -32768 -32768 -32768 -32768
26 105 -119 129 -127 -32768 -32768 -32768 -32768
27 68 -79 157 -158 -32768 -32768 -32768 -32768
28 57 -68 203 -202 -32768 -32768 -32768 -32768
29 46 -59 194 -192 -32768 -32768 -32768 -32768
30 30 -41 193 -192 -32768 -32768 -32768 -32768
31 6 -19 197 -196 -32768 -32768 -32768 -32768
32 -12 1 191 -189 -32768 -32768 -32768 -32768
33 -24 8 202 -200 -32768 -32768 -32768 -32768
34 -80 63 218 -217 -32768 -32768 -32768 -32768
35 -108 97 215 -213 -32768 -32768 -32768 -32768
36 -159 151 194 -190 -32768 -32768 -32768 -32768
37 -203 189 160 -160 -32768 -32768 -32768 -32768
38 -231 221 133 -135 -32768 -32768 -32768 -32768
39 -242 229 141 -141 -32768 -32768 -32768 -32768
40 -234 224 132 -128 -32768 -32768 -32768 -32768
41 -229 220 100 -101 -32768 -32768 -32768 -32768
42 -221 211 83 -82 -32768 -32768 -32768 -32768
43 -203 192 53 -49 -32768 -32768 -32768 -32768
44 -180 166 22 -21 -32768 -32768 -32768 -32768
45 -157 144 -1 3 -32768 -32768 -32768 -32768
46 -118 105 -27 30 -32768 -32768 -32768 -32768
47 -101 89 -27 28 -32768 -32768 -32768 -32768
48 -59 49 -59 60 -32768 -32768 -32768 -32768
49 -14 2 -91 90 -32768 -32768 -32768 -32768
50 34 -46 -128 125 -32768 -32768 -32768 -32768
51 90 -99 -159 162 -32768 -32768 -32768 -32768
52 92 -102 -164 162 -32768 -32768 -32768 -32768
