OSINK 2A
1
07.04.21
Osova
0.0 0.0
0.0
0.00 0.00
-1.00 -1.00
0.00 0.00
20000.00
0.0
50
50
N
1
52
1 -322 293 -20 13 -32768 -32768 -32768 -32768
2 -322 293 -20 13 -32768 -32768 -32768 -32768
3 -322 293 -20 13 -32768 -32768 -32768 -32768
4 -276 255 -3 2 -32768 -32768 -32768 -32768
5 -260 237 -30 30 -32768 -32768 -32768 -32768
6 -207 185 -55 52 -32768 -32768 -32768 -32768
7 -148 128 -67 65 -32768 -32768 -32768 -32768
8 -115 92 -72 70 -32768 -32768 -32768 -32768
9 -85 62 -62 60 -32768 -32768 -32768 -32768
10 -52 29 -41 40 -32768 -32768 -32768 -32768
11 -39 16 -20 19 -32768 -32768 -32768 -32768
12 -43 20 1 -4 -32768 -32768 -32768 -32768
13 -47 24 20 -23 -32768 -32768 -32768 -32768
14 -53 31 25 -27 -32768 -32768 -32768 -32768
15 -61 39 48 -51 -32768 -32768 -32768 -32768
16 -54 32 59 -61 -32768 -32768 -32768 -32768
17 -34 11 45 -46 -32768 -32768 -32768 -32768
18 1 -22 45 -49 -32768 -32768 -32768 -32768
19 33 -56 30 -33 -32768 -32768 -32768 -32768
20 57 -82 14 -16 -32768 -32768 -32768 -32768
21 72 -93 12 -13 -32768 -32768 -32768 -32768
22 75 -98 28 -31 -32768 -32768 -32768 -32768
23 84 -108 69 -70 -32768 -32768 -32768 -32768
24 97 -119 93 -97 -32768 -32768 -32768 -32768
25 102 -124 113 -116 -32768 -32768 -32768 -32768
26 102 -124 126 -130 -32768 -32768 -32768 -32768
27 61 -84 156 -162 -32768 -32768 -32768 -32768
28 53 -74 202 -206 -32768 -32768 -32768 -32768
29 43 -65 193 -194 -32768 -32768 -32768 -32768
30 23 -47 190 -195 -32768 -32768 -32768 -32768
31 -1 -20 195 -198 -32768 -32768 -32768 -32768
32 -17 -3 189 -191 -32768 -32768 -32768 -32768
33 -27 6 200 -203 -32768 -32768 -32768 -32768
34 -83 61 216 -219 -32768 -32768 -32768 -32768
35 -112 90 212 -215 -32768 -32768 -32768 -32768
36 -166 146 190 -191 -32768 -32768 -32768 -32768
37 -210 188 156 -158 -32768 -32768 -32768 -32768
38 -237 213 130 -137 -32768 -32768 -32768 -32768
39 -245 227 141 -139 -32768 -32768 -32768 -32768
40 -239 217 126 -127 -32768 -32768 -32768 -32768
41 -235 212 101 -102 -32768 -32768 -32768 -32768
42 -227 204 80 -84 -32768 -32768 -32768 -32768
43 -207 185 48 -51 -32768 -32768 -32768 -32768
44 -184 162 18 -21 -32768 -32768 -32768 -32768
45 -158 135 -3 2 -32768 -32768 -32768 -32768
46 -121 99 -34 30 -32768 -32768 -32768 -32768
47 -105 81 -30 26 -32768 -32768 -32768 -32768
48 -62 41 -62 60 -32768 -32768 -32768 -32768
49 -18 -3 -93 88 -32768 -32768 -32768 -32768
50 32 -53 -135 125 -32768 -32768 -32768 -32768
51 86 -106 -161 160 -32768 -32768 -32768 -32768
52 85 -108 -165 160 -32768 -32768 -32768 -32768
