OSINK 2A
1
16.09.20
Osova
0.0 0.0
0.0
0.00 0.00
-1.00 -1.00
0.00 0.00
20000.00
0.0
50
50
N
1
52
1 -262 249 3 7 -32768 -32768 -32768 -32768
2 -262 249 3 7 -32768 -32768 -32768 -32768
3 -263 249 3 7 -32768 -32768 -32768 -32768
4 -261 256 11 0 -32768 -32768 -32768 -32768
5 -260 253 -16 26 -32768 -32768 -32768 -32768
6 -220 214 -41 50 -32768 -32768 -32768 -32768
7 -164 157 -59 69 -32768 -32768 -32768 -32768
8 -117 109 -64 74 -32768 -32768 -32768 -32768
9 -91 85 -58 68 -32768 -32768 -32768 -32768
10 -52 43 -44 55 -32768 -32768 -32768 -32768
11 -34 28 -23 34 -32768 -32768 -32768 -32768
12 -35 27 -3 7 -32768 -32768 -32768 -32768
13 -38 31 23 -11 -32768 -32768 -32768 -32768
14 -44 38 33 -21 -32768 -32768 -32768 -32768
15 -56 50 49 -36 -32768 -32768 -32768 -32768
16 -48 41 66 -57 -32768 -32768 -32768 -32768
17 -35 29 56 -43 -32768 -32768 -32768 -32768
18 0 -6 53 -42 -32768 -32768 -32768 -32768
19 31 -38 41 -31 -32768 -32768 -32768 -32768
20 56 -65 22 -10 -32768 -32768 -32768 -32768
21 71 -80 15 -5 -32768 -32768 -32768 -32768
22 84 -89 34 -24 -32768 -32768 -32768 -32768
23 89 -94 69 -55 -32768 -32768 -32768 -32768
24 101 -107 98 -88 -32768 -32768 -32768 -32768
25 105 -112 117 -107 -32768 -32768 -32768 -32768
26 105 -113 132 -121 -32768 -32768 -32768 -32768
27 71 -76 152 -145 -32768 -32768 -32768 -32768
28 60 -63 207 -197 -32768 -32768 -32768 -32768
29 43 -51 194 -188 -32768 -32768 -32768 -32768
30 34 -36 197 -187 -32768 -32768 -32768 -32768
31 6 -13 202 -192 -32768 -32768 -32768 -32768
32 -15 9 197 -184 -32768 -32768 -32768 -32768
33 -21 13 204 -193 -32768 -32768 -32768 -32768
34 -78 71 224 -213 -32768 -32768 -32768 -32768
35 -107 101 221 -208 -32768 -32768 -32768 -32768
36 -159 153 199 -187 -32768 -32768 -32768 -32768
37 -205 199 166 -154 -32768 -32768 -32768 -32768
38 -232 225 140 -131 -32768 -32768 -32768 -32768
39 -243 236 145 -134 -32768 -32768 -32768 -32768
40 -235 229 138 -124 -32768 -32768 -32768 -32768
41 -230 223 108 -96 -32768 -32768 -32768 -32768
42 -223 216 90 -77 -32768 -32768 -32768 -32768
43 -203 197 58 -47 -32768 -32768 -32768 -32768
44 -181 173 28 -17 -32768 -32768 -32768 -32768
45 -155 148 4 9 -32768 -32768 -32768 -32768
46 -118 108 -22 34 -32768 -32768 -32768 -32768
47 -100 94 -20 33 -32768 -32768 -32768 -32768
48 -61 51 -50 65 -32768 -32768 -32768 -32768
49 -12 5 -84 95 -32768 -32768 -32768 -32768
50 35 -42 -120 129 -32768 -32768 -32768 -32768
51 90 -98 -152 167 -32768 -32768 -32768 -32768
52 92 -99 -155 166 -32768 -32768 -32768 -32768
