OSINK 2A
1
10.02.21
Osova
0.0 0.0
0.0
0.00 0.00
-1.00 -1.00
0.00 0.00
20000.00
0.0
50
50
N
1
52
1 -317 291 -36 46 -32768 -32768 -32768 -32768
2 -317 291 -39 47 -32768 -32768 -32768 -32768
3 -317 291 -39 47 -32768 -32768 -32768 -32768
4 -272 252 -1 8 -32768 -32768 -32768 -32768
5 -258 240 -25 31 -32768 -32768 -32768 -32768
6 -206 189 -51 54 -32768 -32768 -32768 -32768
7 -152 134 -64 68 -32768 -32768 -32768 -32768
8 -114 96 -67 74 -32768 -32768 -32768 -32768
9 -86 68 -60 65 -32768 -32768 -32768 -32768
10 -51 32 -40 45 -32768 -32768 -32768 -32768
11 -38 20 -19 26 -32768 -32768 -32768 -32768
12 -40 21 4 0 -32768 -32768 -32768 -32768
13 -44 26 22 -17 -32768 -32768 -32768 -32768
14 -51 33 29 -22 -32768 -32768 -32768 -32768
15 -61 42 50 -44 -32768 -32768 -32768 -32768
16 -52 34 61 -56 -32768 -32768 -32768 -32768
17 -32 16 49 -43 -32768 -32768 -32768 -32768
18 0 -19 49 -46 -32768 -32768 -32768 -32768
19 33 -48 36 -32 -32768 -32768 -32768 -32768
20 58 -74 19 -13 -32768 -32768 -32768 -32768
21 72 -89 15 -8 -32768 -32768 -32768 -32768
22 78 -98 31 -27 -32768 -32768 -32768 -32768
23 86 -103 71 -60 -32768 -32768 -32768 -32768
24 98 -117 96 -92 -32768 -32768 -32768 -32768
25 102 -122 115 -110 -32768 -32768 -32768 -32768
26 104 -122 129 -124 -32768 -32768 -32768 -32768
27 66 -85 156 -150 -32768 -32768 -32768 -32768
28 56 -74 205 -201 -32768 -32768 -32768 -32768
29 45 -62 198 -191 -32768 -32768 -32768 -32768
30 27 -45 195 -190 -32768 -32768 -32768 -32768
31 4 -21 199 -194 -32768 -32768 -32768 -32768
32 -16 0 193 -188 -32768 -32768 -32768 -32768
33 -26 5 204 -197 -32768 -32768 -32768 -32768
34 -77 60 220 -216 -32768 -32768 -32768 -32768
35 -109 90 216 -211 -32768 -32768 -32768 -32768
36 -162 145 195 -189 -32768 -32768 -32768 -32768
37 -207 191 162 -157 -32768 -32768 -32768 -32768
38 -235 214 136 -133 -32768 -32768 -32768 -32768
39 -246 228 142 -136 -32768 -32768 -32768 -32768
40 -238 213 133 -122 -32768 -32768 -32768 -32768
41 -233 213 105 -108 -32768 -32768 -32768 -32768
42 -225 210 85 -76 -32768 -32768 -32768 -32768
43 -207 187 54 -50 -32768 -32768 -32768 -32768
44 -184 163 22 -18 -32768 -32768 -32768 -32768
45 -159 145 1 5 -32768 -32768 -32768 -32768
46 -121 100 -26 28 -32768 -32768 -32768 -32768
47 -104 89 -27 29 -32768 -32768 -32768 -32768
48 -65 47 -48 60 -32768 -32768 -32768 -32768
49 -18 0 -91 92 -32768 -32768 -32768 -32768
50 25 -47 -117 125 -32768 -32768 -32768 -32768
51 80 -101 -157 163 -32768 -32768 -32768 -32768
52 87 -106 -162 164 -32768 -32768 -32768 -32768
