OSINK 2A
1
02.12.20
Osova
0.0 0.0
0.0
0.00 0.00
-1.00 -1.00
0.00 0.00
20000.00
0.0
50
50
N
1
52
1 -259 240 -8 17 -32768 -32768 -32768 -32768
2 -259 240 -8 17 -32768 -32768 -32768 -32768
3 -259 240 -8 17 -32768 -32768 -32768 -32768
4 -265 250 0 8 -32768 -32768 -32768 -32768
5 -252 237 -27 35 -32768 -32768 -32768 -32768
6 -202 187 -50 57 -32768 -32768 -32768 -32768
7 -150 134 -62 69 -32768 -32768 -32768 -32768
8 -112 97 -66 74 -32768 -32768 -32768 -32768
9 -83 66 -58 64 -32768 -32768 -32768 -32768
10 -45 31 -34 44 -32768 -32768 -32768 -32768
11 -35 21 -18 24 -32768 -32768 -32768 -32768
12 -39 24 6 0 -32768 -32768 -32768 -32768
13 -43 28 24 -17 -32768 -32768 -32768 -32768
14 -49 36 31 -23 -32768 -32768 -32768 -32768
15 -56 43 54 -47 -32768 -32768 -32768 -32768
16 -50 36 64 -57 -32768 -32768 -32768 -32768
17 -30 16 48 -41 -32768 -32768 -32768 -32768
18 2 -15 50 -44 -32768 -32768 -32768 -32768
19 36 -50 36 -29 -32768 -32768 -32768 -32768
20 60 -72 19 -12 -32768 -32768 -32768 -32768
21 76 -90 19 -9 -32768 -32768 -32768 -32768
22 78 -94 32 -26 -32768 -32768 -32768 -32768
23 89 -103 72 -64 -32768 -32768 -32768 -32768
24 100 -115 97 -91 -32768 -32768 -32768 -32768
25 105 -120 117 -110 -32768 -32768 -32768 -32768
26 104 -120 133 -124 -32768 -32768 -32768 -32768
27 67 -81 160 -153 -32768 -32768 -32768 -32768
28 55 -71 206 -199 -32768 -32768 -32768 -32768
29 47 -59 197 -188 -32768 -32768 -32768 -32768
30 27 -43 196 -190 -32768 -32768 -32768 -32768
31 4 -17 200 -194 -32768 -32768 -32768 -32768
32 -14 0 194 -187 -32768 -32768 -32768 -32768
33 -22 7 204 -197 -32768 -32768 -32768 -32768
34 -80 64 222 -215 -32768 -32768 -32768 -32768
35 -103 92 217 -211 -32768 -32768 -32768 -32768
36 -164 148 196 -187 -32768 -32768 -32768 -32768
37 -205 192 162 -156 -32768 -32768 -32768 -32768
38 -232 219 136 -131 -32768 -32768 -32768 -32768
39 -243 227 144 -137 -32768 -32768 -32768 -32768
40 -236 222 132 -125 -32768 -32768 -32768 -32768
41 -231 217 106 -98 -32768 -32768 -32768 -32768
42 -224 210 87 -79 -32768 -32768 -32768 -32768
43 -202 190 52 -49 -32768 -32768 -32768 -32768
44 -181 167 23 -19 -32768 -32768 -32768 -32768
45 -156 143 1 6 -32768 -32768 -32768 -32768
46 -119 103 -25 32 -32768 -32768 -32768 -32768
47 -100 90 -24 30 -32768 -32768 -32768 -32768
48 -62 47 -53 63 -32768 -32768 -32768 -32768
49 -16 1 -87 92 -32768 -32768 -32768 -32768
50 32 -48 -125 128 -32768 -32768 -32768 -32768
51 89 -103 -157 165 -32768 -32768 -32768 -32768
52 87 -104 -159 164 -32768 -32768 -32768 -32768
