OSINK 2A
1
16.12.20
Osova
0.0 0.0
0.0
0.00 0.00
-1.00 -1.00
0.00 0.00
20000.00
0.0
50
50
N
1
52
1 -268 247 -15 21 -32768 -32768 -32768 -32768
2 -268 246 -15 21 -32768 -32768 -32768 -32768
3 -268 246 -15 21 -32768 -32768 -32768 -32768
4 -268 250 0 5 -32768 -32768 -32768 -32768
5 -257 240 -24 32 -32768 -32768 -32768 -32768
6 -204 187 -50 54 -32768 -32768 -32768 -32768
7 -151 134 -63 69 -32768 -32768 -32768 -32768
8 -114 96 -66 74 -32768 -32768 -32768 -32768
9 -87 68 -59 64 -32768 -32768 -32768 -32768
10 -49 31 -38 47 -32768 -32768 -32768 -32768
11 -37 20 -16 25 -32768 -32768 -32768 -32768
12 -40 22 5 0 -32768 -32768 -32768 -32768
13 -46 25 24 -18 -32768 -32768 -32768 -32768
14 -53 32 30 -23 -32768 -32768 -32768 -32768
15 -61 42 52 -43 -32768 -32768 -32768 -32768
16 -53 34 63 -59 -32768 -32768 -32768 -32768
17 -33 16 51 -43 -32768 -32768 -32768 -32768
18 0 -18 50 -46 -32768 -32768 -32768 -32768
19 31 -50 37 -30 -32768 -32768 -32768 -32768
20 59 -77 18 -13 -32768 -32768 -32768 -32768
21 72 -91 15 -8 -32768 -32768 -32768 -32768
22 77 -95 32 -27 -32768 -32768 -32768 -32768
23 87 -104 72 -62 -32768 -32768 -32768 -32768
24 99 -116 97 -91 -32768 -32768 -32768 -32768
25 102 -121 116 -110 -32768 -32768 -32768 -32768
26 101 -122 131 -125 -32768 -32768 -32768 -32768
27 66 -84 158 -153 -32768 -32768 -32768 -32768
28 55 -72 206 -200 -32768 -32768 -32768 -32768
29 45 -61 198 -190 -32768 -32768 -32768 -32768
30 25 -44 195 -191 -32768 -32768 -32768 -32768
31 3 -22 200 -194 -32768 -32768 -32768 -32768
32 -16 0 194 -188 -32768 -32768 -32768 -32768
33 -23 5 202 -197 -32768 -32768 -32768 -32768
34 -80 62 222 -215 -32768 -32768 -32768 -32768
35 -110 92 218 -211 -32768 -32768 -32768 -32768
36 -163 147 196 -188 -32768 -32768 -32768 -32768
37 -207 190 165 -156 -32768 -32768 -32768 -32768
38 -233 216 137 -133 -32768 -32768 -32768 -32768
39 -246 226 142 -138 -32768 -32768 -32768 -32768
40 -238 220 136 -126 -32768 -32768 -32768 -32768
41 -234 215 106 -99 -32768 -32768 -32768 -32768
42 -227 208 88 -80 -32768 -32768 -32768 -32768
43 -206 189 54 -50 -32768 -32768 -32768 -32768
44 -185 165 24 -19 -32768 -32768 -32768 -32768
45 -162 141 2 5 -32768 -32768 -32768 -32768
46 -122 102 -27 29 -32768 -32768 -32768 -32768
47 -107 89 -23 30 -32768 -32768 -32768 -32768
48 -65 46 -54 60 -32768 -32768 -32768 -32768
49 -18 -1 -87 92 -32768 -32768 -32768 -32768
50 32 -48 -127 127 -32768 -32768 -32768 -32768
51 83 -105 -157 164 -32768 -32768 -32768 -32768
52 86 -105 -159 164 -32768 -32768 -32768 -32768
