OSINK 2A
1
30.06.20
Osova
0.0 0.0
0.0
0.00 0.00
-1.00 -1.00
0.00 0.00
20000.00
0.0
50
50
N
1
52
1 -263 250 -21 0 -19 9 252 -258
2 -263 249 -21 1 -19 9 252 -258
3 -263 251 -23 0 -24 16 249 -260
4 -257 254 2 -3 5 -9 254 -254
5 -257 250 -19 19 -18 27 251 -252
6 -215 210 -47 43 -47 41 210 -214
7 -157 155 -64 62 -64 57 154 -157
8 -114 107 -67 67 -68 62 109 -111
9 -85 80 -65 62 -62 58 88 -90
10 -47 41 -49 49 -51 44 41 -44
11 -31 25 -27 28 -29 24 28 -28
12 -30 24 -3 1 -4 0 25 -28
13 -35 28 17 -19 15 -21 31 -34
14 -44 37 27 -27 23 -32 36 -41
15 -54 49 43 -42 40 -47 44 -47
16 -46 40 60 -66 62 -69 42 -45
17 -34 31 51 -50 45 -51 29 -30
18 1 -6 47 -48 44 -49 -5 2
19 32 -36 36 -39 34 -40 -39 35
20 58 -65 17 -17 14 -17 -61 57
21 73 -80 10 -12 6 -13 -77 74
22 84 -79 27 -29 24 -29 -84 82
23 87 -93 62 -59 57 -63 -89 89
24 101 -106 91 -93 87 -90 -105 101
25 103 -110 112 -114 111 -116 -107 105
26 102 -110 127 -128 122 -128 -104 102
27 69 -77 147 -149 144 -151 -74 68
28 54 -64 202 -204 201 -206 -55 54
29 42 -49 197 -195 193 -199 -45 44
30 27 -35 191 -193 190 -195 -32 28
31 5 -12 197 -198 193 -200 -6 3
32 -16 10 190 -191 187 -197 15 -16
33 -23 12 197 -198 196 -202 18 -22
34 -79 71 218 -219 219 -226 79 -81
35 -111 103 213 -215 210 -217 108 -111
36 -160 169 192 -192 191 -199 160 -160
37 -207 201 160 -162 159 -162 204 -207
38 -233 227 133 -138 135 -142 226 -232
39 -244 237 138 -140 134 -138 240 -241
40 -237 230 130 -131 130 -138 235 -237
41 -234 227 101 -102 100 -108 229 -232
42 -227 219 83 -83 82 -89 222 -224
43 -205 198 52 -53 50 -56 200 -203
44 -183 177 22 -26 22 -30 176 -182
45 -157 149 -5 6 -9 2 153 -156
46 -120 112 -28 26 -30 25 112 -115
47 -102 96 -29 26 -32 29 96 -99
48 -60 51 -60 62 -65 58 55 -58
49 -11 3 -92 92 -94 88 5 -8
50 36 -42 -130 127 -136 125 -43 37
51 89 -95 -160 162 -170 163 -94 91
52 90 -98 -162 159 -166 159 -97 95
