OSINK 2A
1
01.06.21
Osova
0.0 0.0
0.0
0.00 0.00
-1.00 -1.00
0.00 0.00
20000.00
0.0
50
50
N
1
52
1 -281 243 -28 16 -32768 -32768 -32768 -32768
2 -279 243 -27 16 -32768 -32768 -32768 -32768
3 -279 259 -27 12 -32768 -32768 -32768 -32768
4 -271 249 -6 7 -32768 -32768 -32768 -32768
5 -252 233 -31 34 -32768 -32768 -32768 -32768
6 -202 179 -55 56 -32768 -32768 -32768 -32768
7 -144 122 -68 66 -32768 -32768 -32768 -32768
8 -113 90 -72 71 -32768 -32768 -32768 -32768
9 -79 57 -59 59 -32768 -32768 -32768 -32768
10 -49 27 -38 39 -32768 -32768 -32768 -32768
11 -35 16 -17 18 -32768 -32768 -32768 -32768
12 -40 21 4 -4 -32768 -32768 -32768 -32768
13 -45 25 23 -23 -32768 -32768 -32768 -32768
14 -54 31 29 -26 -32768 -32768 -32768 -32768
15 -60 40 52 -51 -32768 -32768 -32768 -32768
16 -53 32 60 -60 -32768 -32768 -32768 -32768
17 -30 9 47 -44 -32768 -32768 -32768 -32768
18 3 -24 48 -48 -32768 -32768 -32768 -32768
19 35 -55 32 -31 -32768 -32768 -32768 -32768
20 60 -80 15 -14 -32768 -32768 -32768 -32768
21 73 -95 14 -14 -32768 -32768 -32768 -32768
22 76 -97 30 -31 -32768 -32768 -32768 -32768
23 88 -108 75 -71 -32768 -32768 -32768 -32768
24 101 -118 97 -97 -32768 -32768 -32768 -32768
25 102 -123 117 -116 -32768 -32768 -32768 -32768
26 102 -122 130 -129 -32768 -32768 -32768 -32768
27 61 -83 164 -165 -32768 -32768 -32768 -32768
28 52 -74 203 -204 -32768 -32768 -32768 -32768
29 45 -65 195 -192 -32768 -32768 -32768 -32768
30 24 -46 194 -194 -32768 -32768 -32768 -32768
31 -1 -21 196 -196 -32768 -32768 -32768 -32768
32 -15 -4 191 -190 -32768 -32768 -32768 -32768
33 -27 5 203 -203 -32768 -32768 -32768 -32768
34 -84 63 219 -218 -32768 -32768 -32768 -32768
35 -113 91 214 -214 -32768 -32768 -32768 -32768
36 -170 152 190 -187 -32768 -32768 -32768 -32768
37 -210 190 154 -156 -32768 -32768 -32768 -32768
38 -236 216 130 -132 -32768 -32768 -32768 -32768
39 -245 223 142 -142 -32768 -32768 -32768 -32768
40 -237 218 126 -125 -32768 -32768 -32768 -32768
41 -235 213 99 -100 -32768 -32768 -32768 -32768
42 -225 204 81 -79 -32768 -32768 -32768 -32768
43 -201 183 48 -49 -32768 -32768 -32768 -32768
44 -183 161 16 -19 -32768 -32768 -32768 -32768
45 -154 133 -4 4 -32768 -32768 -32768 -32768
46 -121 96 -32 33 -32768 -32768 -32768 -32768
47 -101 81 -26 27 -32768 -32768 -32768 -32768
48 -60 37 -62 64 -32768 -32768 -32768 -32768
49 -14 -6 -89 90 -32768 -32768 -32768 -32768
50 36 -57 -134 133 -32768 -32768 -32768 -32768
51 88 -109 -159 162 -32768 -32768 -32768 -32768
52 86 -106 -161 160 -32768 -32768 -32768 -32768
