OSINK 2A
1
04.11.20
Osova
0.0 0.0
0.0
0.00 0.00
-1.00 -1.00
0.00 0.00
20000.00
0.0
50
50
N
1
52
1 -252 238 -78 88 -32768 -32768 -32768 -32768
2 -252 238 -78 88 -32768 -32768 -32768 -32768
3 -252 237 -72 82 -32768 -32768 -32768 -32768
4 -261 248 5 5 -32768 -32768 -32768 -32768
5 -262 248 -20 30 -32768 -32768 -32768 -32768
6 -221 207 -44 54 -32768 -32768 -32768 -32768
7 -165 150 -62 72 -32768 -32768 -32768 -32768
8 -119 106 -67 77 -32768 -32768 -32768 -32768
9 -92 79 -60 70 -32768 -32768 -32768 -32768
10 -54 39 -47 57 -32768 -32768 -32768 -32768
11 -37 24 -22 34 -32768 -32768 -32768 -32768
12 -37 23 0 9 -32768 -32768 -32768 -32768
13 -41 26 21 -10 -32768 -32768 -32768 -32768
14 -48 34 31 -19 -32768 -32768 -32768 -32768
15 -60 46 47 -35 -32768 -32768 -32768 -32768
16 -51 37 63 -54 -32768 -32768 -32768 -32768
17 -37 24 54 -40 -32768 -32768 -32768 -32768
18 -2 -11 51 -42 -32768 -32768 -32768 -32768
19 28 -42 39 -29 -32768 -32768 -32768 -32768
20 55 -70 21 -9 -32768 -32768 -32768 -32768
21 71 -85 14 -2 -32768 -32768 -32768 -32768
22 80 -95 31 -22 -32768 -32768 -32768 -32768
23 86 -99 67 -54 -32768 -32768 -32768 -32768
24 100 -113 96 -86 -32768 -32768 -32768 -32768
25 103 -118 115 -105 -32768 -32768 -32768 -32768
26 105 -118 130 -120 -32768 -32768 -32768 -32768
27 70 -83 152 -143 -32768 -32768 -32768 -32768
28 56 -70 207 -197 -32768 -32768 -32768 -32768
29 46 -59 201 -187 -32768 -32768 -32768 -32768
30 29 -43 196 -187 -32768 -32768 -32768 -32768
31 8 -19 201 -191 -32768 -32768 -32768 -32768
32 -14 1 195 -183 -32768 -32768 -32768 -32768
33 -21 5 202 -192 -32768 -32768 -32768 -32768
34 -78 65 223 -211 -32768 -32768 -32768 -32768
35 -108 94 218 -207 -32768 -32768 -32768 -32768
36 -159 148 198 -184 -32768 -32768 -32768 -32768
37 -205 193 165 -152 -32768 -32768 -32768 -32768
38 -233 219 137 -129 -32768 -32768 -32768 -32768
39 -244 230 143 -133 -32768 -32768 -32768 -32768
40 -238 223 136 -122 -32768 -32768 -32768 -32768
41 -231 219 106 -94 -32768 -32768 -32768 -32768
42 -225 211 88 -76 -32768 -32768 -32768 -32768
43 -205 191 55 -44 -32768 -32768 -32768 -32768
44 -182 168 24 -14 -32768 -32768 -32768 -32768
45 -157 141 1 10 -32768 -32768 -32768 -32768
46 -119 103 -25 36 -32768 -32768 -32768 -32768
47 -103 89 -23 34 -32768 -32768 -32768 -32768
48 -61 47 -54 67 -32768 -32768 -32768 -32768
49 -14 0 -86 97 -32768 -32768 -32768 -32768
50 32 -48 -125 134 -32768 -32768 -32768 -32768
51 87 -102 -155 168 -32768 -32768 -32768 -32768
52 88 -102 -158 167 -32768 -32768 -32768 -32768
