OSINK 2A
1
09.09.20
Osova
0.0 0.0
0.0
0.00 0.00
-1.00 -1.00
0.00 0.00
20000.00
0.0
50
50
N
1
52
1 -262 248 -8 -11 -32768 -32768 -32768 -32768
2 -262 248 -8 -11 -32768 -32768 -32768 -32768
3 -262 247 -7 -10 -32768 -32768 -32768 -32768
4 -269 252 6 -7 -32768 -32768 -32768 -32768
5 -265 249 -18 20 -32768 -32768 -32768 -32768
6 -228 212 -45 44 -32768 -32768 -32768 -32768
7 -170 152 -64 63 -32768 -32768 -32768 -32768
8 -122 105 -68 69 -32768 -32768 -32768 -32768
9 -103 80 -66 65 -32768 -32768 -32768 -32768
10 -56 39 -51 50 -32768 -32768 -32768 -32768
11 -40 23 -28 30 -32768 -32768 -32768 -32768
12 -38 22 -4 5 -32768 -32768 -32768 -32768
13 -43 21 17 -18 -32768 -32768 -32768 -32768
14 -50 51 28 -29 -32768 -32768 -32768 -32768
15 -61 43 41 -40 -32768 -32768 -32768 -32768
16 -54 37 60 -63 -32768 -32768 -32768 -32768
17 -42 26 52 -50 -32768 -32768 -32768 -32768
18 -5 -9 47 -47 -32768 -32768 -32768 -32768
19 25 -41 36 -38 -32768 -32768 -32768 -32768
20 52 -68 17 -17 -32768 -32768 -32768 -32768
21 66 -83 9 -11 -32768 -32768 -32768 -32768
22 78 -94 28 -29 -32768 -32768 -32768 -32768
23 82 -98 61 -59 -32768 -32768 -32768 -32768
24 95 -112 91 -92 -32768 -32768 -32768 -32768
25 101 -116 111 -112 -32768 -32768 -32768 -32768
26 100 -115 125 -126 -32768 -32768 -32768 -32768
27 66 -82 145 -147 -32768 -32768 -32768 -32768
28 52 -69 202 -204 -32768 -32768 -32768 -32768
29 40 -56 197 -195 -32768 -32768 -32768 -32768
30 26 -41 191 -193 -32768 -32768 -32768 -32768
31 4 -20 196 -198 -32768 -32768 -32768 -32768
32 -22 4 191 -191 -32768 -32768 -32768 -32768
33 -25 8 196 -197 -32768 -32768 -32768 -32768
34 -80 64 219 -219 -32768 -32768 -32768 -32768
35 -112 96 214 -214 -32768 -32768 -32768 -32768
36 -162 146 194 -193 -32768 -32768 -32768 -32768
37 -208 194 163 -162 -32768 -32768 -32768 -32768
38 -236 218 134 -137 -32768 -32768 -32768 -32768
39 -248 232 137 -138 -32768 -32768 -32768 -32768
40 -240 224 133 -132 -32768 -32768 -32768 -32768
41 -237 220 107 -103 -32768 -32768 -32768 -32768
42 -228 213 85 -85 -32768 -32768 -32768 -32768
43 -210 193 54 -53 -32768 -32768 -32768 -32768
44 -186 169 23 -24 -32768 -32768 -32768 -32768
45 -165 146 0 3 -32768 -32768 -32768 -32768
46 -123 105 -27 27 -32768 -32768 -32768 -32768
47 -108 91 -29 27 -32768 -32768 -32768 -32768
48 -66 49 -56 57 -32768 -32768 -32768 -32768
49 -18 0 -91 89 -32768 -32768 -32768 -32768
50 29 -48 -126 124 -32768 -32768 -32768 -32768
51 86 -102 -160 161 -32768 -32768 -32768 -32768
52 87 -102 -162 161 -32768 -32768 -32768 -32768
