OSINK 2A
1
09.12.20
Osova
0.0 0.0
0.0
0.00 0.00
-1.00 -1.00
0.00 0.00
20000.00
0.0
50
50
N
1
52
1 -288 272 -33 35 -32768 -32768 -32768 -32768
2 -288 272 -33 35 -32768 -32768 -32768 -32768
3 -290 272 -34 35 -32768 -32768 -32768 -32768
4 -266 254 -1 10 -32768 -32768 -32768 -32768
5 -249 238 -28 37 -32768 -32768 -32768 -32768
6 -201 191 -50 58 -32768 -32768 -32768 -32768
7 -145 138 -62 70 -32768 -32768 -32768 -32768
8 -109 99 -65 75 -32768 -32768 -32768 -32768
9 -83 73 -57 66 -32768 -32768 -32768 -32768
10 -45 33 -33 44 -32768 -32768 -32768 -32768
11 -33 23 -16 26 -32768 -32768 -32768 -32768
12 -37 26 7 1 -32768 -32768 -32768 -32768
13 -42 30 26 -17 -32768 -32768 -32768 -32768
14 -48 38 32 -22 -32768 -32768 -32768 -32768
15 -57 46 51 -43 -32768 -32768 -32768 -32768
16 -50 38 64 -56 -32768 -32768 -32768 -32768
17 -28 19 50 -40 -32768 -32768 -32768 -32768
18 5 -16 50 -43 -32768 -32768 -32768 -32768
19 37 -48 36 -28 -32768 -32768 -32768 -32768
20 62 -73 19 -11 -32768 -32768 -32768 -32768
21 77 -87 18 -8 -32768 -32768 -32768 -32768
22 79 -91 32 -26 -32768 -32768 -32768 -32768
23 89 -99 68 -58 -32768 -32768 -32768 -32768
24 103 -113 99 -90 -32768 -32768 -32768 -32768
25 106 -118 120 -110 -32768 -32768 -32768 -32768
26 106 -117 133 -124 -32768 -32768 -32768 -32768
27 69 -81 159 -150 -32768 -32768 -32768 -32768
28 57 -70 207 -199 -32768 -32768 -32768 -32768
29 48 -57 198 -188 -32768 -32768 -32768 -32768
30 25 -39 198 -190 -32768 -32768 -32768 -32768
31 5 -18 201 -193 -32768 -32768 -32768 -32768
32 -12 3 195 -186 -32768 -32768 -32768 -32768
33 -21 15 204 -196 -32768 -32768 -32768 -32768
34 -76 64 223 -214 -32768 -32768 -32768 -32768
35 -112 94 217 -211 -32768 -32768 -32768 -32768
36 -158 148 198 -187 -32768 -32768 -32768 -32768
37 -205 195 162 -154 -32768 -32768 -32768 -32768
38 -228 217 138 -133 -32768 -32768 -32768 -32768
39 -241 228 146 -136 -32768 -32768 -32768 -32768
40 -234 222 134 -124 -32768 -32768 -32768 -32768
41 -230 217 107 -97 -32768 -32768 -32768 -32768
42 -222 211 88 -79 -32768 -32768 -32768 -32768
43 -203 191 55 -47 -32768 -32768 -32768 -32768
44 -180 168 24 -18 -32768 -32768 -32768 -32768
45 -155 144 1 7 -32768 -32768 -32768 -32768
46 -118 105 -27 33 -32768 -32768 -32768 -32768
47 -98 89 -22 31 -32768 -32768 -32768 -32768
48 -60 47 -53 64 -32768 -32768 -32768 -32768
49 -12 1 -86 94 -32768 -32768 -32768 -32768
50 36 -47 -126 130 -32768 -32768 -32768 -32768
51 91 -100 -156 165 -32768 -32768 -32768 -32768
52 89 -101 -159 166 -32768 -32768 -32768 -32768
