OSINK 2A
1
25.05.21
Osova
0.0 0.0
0.0
0.00 0.00
-1.00 -1.00
0.00 0.00
20000.00
0.0
50
50
N
1
52
1 -296 273 8 12 -32768 -32768 -32768 -32768
2 -297 273 9 12 -32768 -32768 -32768 -32768
3 -297 273 9 12 -32768 -32768 -32768 -32768
4 -273 250 3 14 -32768 -32768 -32768 -32768
5 -256 235 -21 40 -32768 -32768 -32768 -32768
6 -201 180 -45 63 -32768 -32768 -32768 -32768
7 -149 127 -57 75 -32768 -32768 -32768 -32768
8 -113 91 -60 80 -32768 -32768 -32768 -32768
9 -81 60 -51 68 -32768 -32768 -32768 -32768
10 -51 29 -29 47 -32768 -32768 -32768 -32768
11 -37 16 -8 26 -32768 -32768 -32768 -32768
12 -41 19 13 4 -32768 -32768 -32768 -32768
13 -47 24 32 -14 -32768 -32768 -32768 -32768
14 -54 30 37 -18 -32768 -32768 -32768 -32768
15 -62 39 60 -42 -32768 -32768 -32768 -32768
16 -54 31 68 -52 -32768 -32768 -32768 -32768
17 -30 9 55 -36 -32768 -32768 -32768 -32768
18 1 -23 57 -39 -32768 -32768 -32768 -32768
19 37 -57 39 -23 -32768 -32768 -32768 -32768
20 60 -81 24 -6 -32768 -32768 -32768 -32768
21 73 -95 23 -5 -32768 -32768 -32768 -32768
22 76 -98 39 -22 -32768 -32768 -32768 -32768
23 88 -109 82 -61 -32768 -32768 -32768 -32768
24 97 -119 105 -88 -32768 -32768 -32768 -32768
25 102 -124 126 -107 -32768 -32768 -32768 -32768
26 101 -124 140 -120 -32768 -32768 -32768 -32768
27 61 -85 172 -155 -32768 -32768 -32768 -32768
28 53 -74 211 -196 -32768 -32768 -32768 -32768
29 43 -65 203 -184 -32768 -32768 -32768 -32768
30 24 -48 202 -185 -32768 -32768 -32768 -32768
31 0 -23 206 -188 -32768 -32768 -32768 -32768
32 -17 -4 200 -181 -32768 -32768 -32768 -32768
33 -28 5 212 -194 -32768 -32768 -32768 -32768
34 -83 60 227 -209 -32768 -32768 -32768 -32768
35 -113 90 222 -204 -32768 -32768 -32768 -32768
36 -167 148 200 -179 -32768 -32768 -32768 -32768
37 -211 188 162 -147 -32768 -32768 -32768 -32768
38 -236 214 138 -125 -32768 -32768 -32768 -32768
39 -244 222 150 -136 -32768 -32768 -32768 -32768
40 -238 216 136 -116 -32768 -32768 -32768 -32768
41 -234 212 109 -90 -32768 -32768 -32768 -32768
42 -223 201 90 -70 -32768 -32768 -32768 -32768
43 -205 181 60 -40 -32768 -32768 -32768 -32768
44 -182 160 25 -11 -32768 -32768 -32768 -32768
45 -155 132 3 12 -32768 -32768 -32768 -32768
46 -120 97 -24 41 -32768 -32768 -32768 -32768
47 -101 81 -17 36 -32768 -32768 -32768 -32768
48 -60 35 -53 73 -32768 -32768 -32768 -32768
49 -15 -6 -81 99 -32768 -32768 -32768 -32768
50 34 -56 -125 139 -32768 -32768 -32768 -32768
51 88 -109 -151 170 -32768 -32768 -32768 -32768
52 85 -108 -153 169 -32768 -32768 -32768 -32768
