OSINK 2A
1
21.10.20
Osova
0.0 0.0
0.0
0.00 0.00
-1.00 -1.00
0.00 0.00
20000.00
0.0
50
50
N
1
52
1 -244 242 -20 28 -32768 -32768 -32768 -32768
2 -244 242 -20 28 -32768 -32768 -32768 -32768
3 -244 242 -20 28 -32768 -32768 -32768 -32768
4 -252 256 8 3 -32768 -32768 -32768 -32768
5 -254 256 -13 29 -32768 -32768 -32768 -32768
6 -213 216 -42 52 -32768 -32768 -32768 -32768
7 -155 159 -59 71 -32768 -32768 -32768 -32768
8 -111 113 -62 75 -32768 -32768 -32768 -32768
9 -84 87 -61 70 -32768 -32768 -32768 -32768
10 -45 47 -43 56 -32768 -32768 -32768 -32768
11 -28 31 -19 35 -32768 -32768 -32768 -32768
12 -28 30 3 9 -32768 -32768 -32768 -32768
13 -33 34 24 -12 -32768 -32768 -32768 -32768
14 -39 42 33 -19 -32768 -32768 -32768 -32768
15 -51 53 49 -36 -32768 -32768 -32768 -32768
16 -42 45 66 -55 -32768 -32768 -32768 -32768
17 -29 31 57 -41 -32768 -32768 -32768 -32768
18 6 -2 53 -41 -32768 -32768 -32768 -32768
19 37 -33 42 -30 -32768 -32768 -32768 -32768
20 64 -62 23 -10 -32768 -32768 -32768 -32768
21 78 -77 16 -3 -32768 -32768 -32768 -32768
22 88 -86 34 -23 -32768 -32768 -32768 -32768
23 94 -92 71 -55 -32768 -32768 -32768 -32768
24 108 -105 98 -86 -32768 -32768 -32768 -32768
25 110 -111 118 -106 -32768 -32768 -32768 -32768
26 112 -110 133 -120 -32768 -32768 -32768 -32768
27 78 -73 154 -144 -32768 -32768 -32768 -32768
28 64 -62 209 -197 -32768 -32768 -32768 -32768
29 53 -50 203 -188 -32768 -32768 -32768 -32768
30 37 -34 198 -186 -32768 -32768 -32768 -32768
31 15 -12 204 -191 -32768 -32768 -32768 -32768
32 -9 10 197 -184 -32768 -32768 -32768 -32768
33 -14 15 204 -193 -32768 -32768 -32768 -32768
34 -67 73 225 -211 -32768 -32768 -32768 -32768
35 -101 103 220 -208 -32768 -32768 -32768 -32768
36 -153 156 199 -185 -32768 -32768 -32768 -32768
37 -198 201 166 -153 -32768 -32768 -32768 -32768
38 -224 227 140 -129 -32768 -32768 -32768 -32768
39 -236 238 145 -133 -32768 -32768 -32768 -32768
40 -229 232 137 -123 -32768 -32768 -32768 -32768
41 -224 227 108 -95 -32768 -32768 -32768 -32768
42 -217 219 90 -76 -32768 -32768 -32768 -32768
43 -197 199 58 -45 -32768 -32768 -32768 -32768
44 -176 176 26 -15 -32768 -32768 -32768 -32768
45 -150 151 4 9 -32768 -32768 -32768 -32768
46 -112 112 -21 36 -32768 -32768 -32768 -32768
47 -96 97 -21 34 -32768 -32768 -32768 -32768
48 -54 55 -50 66 -32768 -32768 -32768 -32768
49 -6 8 -85 96 -32768 -32768 -32768 -32768
50 38 -40 -119 133 -32768 -32768 -32768 -32768
51 95 -94 -152 168 -32768 -32768 -32768 -32768
52 97 -95 -156 168 -32768 -32768 -32768 -32768
