OSINK 2A
1
02.03.21
Osova
0.0 0.0
0.0
0.00 0.00
-1.00 -1.00
0.00 0.00
20000.00
0.0
50
50
N
1
52
1 -313 276 -26 19 -32768 -32768 -32768 -32768
2 -314 276 -26 19 -32768 -32768 -32768 -32768
3 -314 276 -26 19 -32768 -32768 -32768 -32768
4 -275 251 0 8 -32768 -32768 -32768 -32768
5 -258 234 -26 36 -32768 -32768 -32768 -32768
6 -206 184 -50 55 -32768 -32768 -32768 -32768
7 -151 129 -62 68 -32768 -32768 -32768 -32768
8 -116 94 -66 73 -32768 -32768 -32768 -32768
9 -84 63 -58 65 -32768 -32768 -32768 -32768
10 -51 29 -37 46 -32768 -32768 -32768 -32768
11 -39 16 -16 23 -32768 -32768 -32768 -32768
12 -44 20 7 0 -32768 -32768 -32768 -32768
13 -48 25 25 -18 -32768 -32768 -32768 -32768
14 -54 30 31 -22 -32768 -32768 -32768 -32768
15 -63 39 54 -46 -32768 -32768 -32768 -32768
16 -56 33 64 -56 -32768 -32768 -32768 -32768
17 -34 13 51 -41 -32768 -32768 -32768 -32768
18 0 -23 51 -44 -32768 -32768 -32768 -32768
19 31 -56 36 -29 -32768 -32768 -32768 -32768
20 57 -79 19 -11 -32768 -32768 -32768 -32768
21 70 -94 16 -8 -32768 -32768 -32768 -32768
22 75 -98 32 -26 -32768 -32768 -32768 -32768
23 84 -108 74 -63 -32768 -32768 -32768 -32768
24 96 -119 99 -91 -32768 -32768 -32768 -32768
25 100 -123 119 -109 -32768 -32768 -32768 -32768
26 101 -124 133 -124 -32768 -32768 -32768 -32768
27 61 -86 162 -153 -32768 -32768 -32768 -32768
28 51 -76 207 -200 -32768 -32768 -32768 -32768
29 44 -65 199 -189 -32768 -32768 -32768 -32768
30 23 -46 197 -190 -32768 -32768 -32768 -32768
31 -1 -22 200 -192 -32768 -32768 -32768 -32768
32 -17 -3 195 -185 -32768 -32768 -32768 -32768
33 -28 3 205 -197 -32768 -32768 -32768 -32768
34 -83 61 222 -214 -32768 -32768 -32768 -32768
35 -113 90 218 -210 -32768 -32768 -32768 -32768
36 -169 144 195 -187 -32768 -32768 -32768 -32768
37 -212 188 160 -153 -32768 -32768 -32768 -32768
38 -237 212 136 -131 -32768 -32768 -32768 -32768
39 -246 225 146 -138 -32768 -32768 -32768 -32768
40 -241 218 132 -121 -32768 -32768 -32768 -32768
41 -235 211 105 -97 -32768 -32768 -32768 -32768
42 -227 204 86 -78 -32768 -32768 -32768 -32768
43 -206 184 53 -46 -32768 -32768 -32768 -32768
44 -185 163 22 -16 -32768 -32768 -32768 -32768
45 -159 136 0 7 -32768 -32768 -32768 -32768
46 -123 98 -29 34 -32768 -32768 -32768 -32768
47 -106 82 -26 32 -32768 -32768 -32768 -32768
48 -65 41 -55 64 -32768 -32768 -32768 -32768
49 -21 -4 -84 93 -32768 -32768 -32768 -32768
50 32 -54 -125 131 -32768 -32768 -32768 -32768
51 85 -108 -155 165 -32768 -32768 -32768 -32768
52 85 -108 -158 165 -32768 -32768 -32768 -32768
