OSINK 2A
1
12.05.21
Osova
0.0 0.0
0.0
0.00 0.00
-1.00 -1.00
0.00 0.00
20000.00
0.0
50
50
N
1
52
1 -282 267 -17 19 -32768 -32768 -32768 -32768
2 -284 267 -16 19 -32768 -32768 -32768 -32768
3 -284 267 -16 19 -32768 -32768 -32768 -32768
4 -271 253 0 15 -32768 -32768 -32768 -32768
5 -251 235 -23 42 -32768 -32768 -32768 -32768
6 -199 181 -46 65 -32768 -32768 -32768 -32768
7 -145 128 -56 75 -32768 -32768 -32768 -32768
8 -110 92 -60 79 -32768 -32768 -32768 -32768
9 -77 61 -50 69 -32768 -32768 -32768 -32768
10 -47 30 -27 47 -32768 -32768 -32768 -32768
11 -35 20 -7 28 -32768 -32768 -32768 -32768
12 -39 22 14 4 -32768 -32768 -32768 -32768
13 -45 27 33 -14 -32768 -32768 -32768 -32768
14 -52 34 38 -18 -32768 -32768 -32768 -32768
15 -58 41 61 -42 -32768 -32768 -32768 -32768
16 -51 33 70 -51 -32768 -32768 -32768 -32768
17 -28 10 56 -35 -32768 -32768 -32768 -32768
18 4 -22 58 -38 -32768 -32768 -32768 -32768
19 38 -56 40 -22 -32768 -32768 -32768 -32768
20 62 -79 24 -5 -32768 -32768 -32768 -32768
21 76 -93 24 -5 -32768 -32768 -32768 -32768
22 77 -95 39 -22 -32768 -32768 -32768 -32768
23 90 -107 84 -62 -32768 -32768 -32768 -32768
24 99 -116 106 -87 -32768 -32768 -32768 -32768
25 104 -121 126 -108 -32768 -32768 -32768 -32768
26 102 -120 140 -120 -32768 -32768 -32768 -32768
27 63 -81 174 -158 -32768 -32768 -32768 -32768
28 56 -71 211 -196 -32768 -32768 -32768 -32768
29 46 -63 204 -182 -32768 -32768 -32768 -32768
30 26 -44 203 -185 -32768 -32768 -32768 -32768
31 0 -17 206 -187 -32768 -32768 -32768 -32768
32 -14 -1 201 -180 -32768 -32768 -32768 -32768
33 -26 7 213 -194 -32768 -32768 -32768 -32768
34 -82 67 227 -207 -32768 -32768 -32768 -32768
35 -111 93 223 -204 -32768 -32768 -32768 -32768
36 -168 151 200 -179 -32768 -32768 -32768 -32768
37 -210 192 163 -145 -32768 -32768 -32768 -32768
38 -234 218 139 -124 -32768 -32768 -32768 -32768
39 -243 222 152 -136 -32768 -32768 -32768 -32768
40 -236 219 135 -116 -32768 -32768 -32768 -32768
41 -233 215 110 -89 -32768 -32768 -32768 -32768
42 -222 205 91 -69 -32768 -32768 -32768 -32768
43 -202 184 58 -38 -32768 -32768 -32768 -32768
44 -180 163 25 -11 -32768 -32768 -32768 -32768
45 -153 133 4 13 -32768 -32768 -32768 -32768
46 -118 98 -24 43 -32768 -32768 -32768 -32768
47 -98 84 -17 37 -32768 -32768 -32768 -32768
48 -58 40 -54 73 -32768 -32768 -32768 -32768
49 -14 -3 -80 99 -32768 -32768 -32768 -32768
50 37 -58 -126 141 -32768 -32768 -32768 -32768
51 89 -109 -150 171 -32768 -32768 -32768 -32768
52 85 -105 -152 169 -32768 -32768 -32768 -32768
