OSINK 2A
1
23.03.21
Osova
0.0 0.0
0.0
0.00 0.00
-1.00 -1.00
0.00 0.00
20000.00
0.0
50
50
N
1
52
1 -317 299 -34 1 -32768 -32768 -32768 -32768
2 -317 299 -34 1 -32768 -32768 -32768 -32768
3 -317 299 -34 1 -32768 -32768 -32768 -32768
4 -272 260 -14 -6 -32768 -32768 -32768 -32768
5 -252 243 -38 21 -32768 -32768 -32768 -32768
6 -203 191 -63 43 -32768 -32768 -32768 -32768
7 -146 137 -76 56 -32768 -32768 -32768 -32768
8 -111 99 -80 62 -32768 -32768 -32768 -32768
9 -81 69 -72 51 -32768 -32768 -32768 -32768
10 -48 35 -49 31 -32768 -32768 -32768 -32768
11 -35 23 -29 9 -32768 -32768 -32768 -32768
12 -38 27 -6 -12 -32768 -32768 -32768 -32768
13 -42 31 11 -30 -32768 -32768 -32768 -32768
14 -48 37 17 -35 -32768 -32768 -32768 -32768
15 -58 47 39 -57 -32768 -32768 -32768 -32768
16 -50 38 50 -70 -32768 -32768 -32768 -32768
17 -28 19 37 -54 -32768 -32768 -32768 -32768
18 6 -16 37 -58 -32768 -32768 -32768 -32768
19 38 -50 22 -41 -32768 -32768 -32768 -32768
20 63 -75 6 -24 -32768 -32768 -32768 -32768
21 76 -87 2 -21 -32768 -32768 -32768 -32768
22 82 -93 18 -39 -32768 -32768 -32768 -32768
23 90 -101 61 -78 -32768 -32768 -32768 -32768
24 101 -112 86 -105 -32768 -32768 -32768 -32768
25 107 -117 104 -123 -32768 -32768 -32768 -32768
26 106 -118 119 -137 -32768 -32768 -32768 -32768
27 69 -80 148 -167 -32768 -32768 -32768 -32768
28 58 -68 193 -214 -32768 -32768 -32768 -32768
29 49 -58 185 -202 -32768 -32768 -32768 -32768
30 29 -41 183 -204 -32768 -32768 -32768 -32768
31 5 -16 187 -206 -32768 -32768 -32768 -32768
32 -11 2 181 -199 -32768 -32768 -32768 -32768
33 -21 11 191 -211 -32768 -32768 -32768 -32768
34 -75 67 209 -227 -32768 -32768 -32768 -32768
35 -106 96 204 -223 -32768 -32768 -32768 -32768
36 -161 153 182 -198 -32768 -32768 -32768 -32768
37 -204 194 148 -167 -32768 -32768 -32768 -32768
38 -229 220 123 -144 -32768 -32768 -32768 -32768
39 -240 232 131 -148 -32768 -32768 -32768 -32768
40 -234 224 119 -137 -32768 -32768 -32768 -32768
41 -229 218 92 -109 -32768 -32768 -32768 -32768
42 -220 211 74 -91 -32768 -32768 -32768 -32768
43 -201 191 40 -59 -32768 -32768 -32768 -32768
44 -179 168 9 -30 -32768 -32768 -32768 -32768
45 -154 142 -11 -5 -32768 -32768 -32768 -32768
46 -116 105 -40 22 -32768 -32768 -32768 -32768
47 -99 90 -36 18 -32768 -32768 -32768 -32768
48 -59 49 -67 49 -32768 -32768 -32768 -32768
49 -11 2 -100 80 -32768 -32768 -32768 -32768
50 34 -46 -136 116 -32768 -32768 -32768 -32768
51 89 -102 -169 152 -32768 -32768 -32768 -32768
52 90 -103 -172 152 -32768 -32768 -32768 -32768
