OSINK 2A
1
10.03.21
Osova
0.0 0.0
0.0
0.00 0.00
-1.00 -1.00
0.00 0.00
20000.00
0.0
50
50
N
1
52
1 -314 301 -13 16 -32768 -32768 -32768 -32768
2 -314 301 -13 16 -32768 -32768 -32768 -32768
3 -314 302 -13 16 -32768 -32768 -32768 -32768
4 -268 261 0 8 -32768 -32768 -32768 -32768
5 -251 243 -26 34 -32768 -32768 -32768 -32768
6 -198 191 -50 57 -32768 -32768 -32768 -32768
7 -144 138 -63 70 -32768 -32768 -32768 -32768
8 -108 99 -67 75 -32768 -32768 -32768 -32768
9 -77 69 -58 64 -32768 -32768 -32768 -32768
10 -45 37 -37 44 -32768 -32768 -32768 -32768
11 -31 24 -15 23 -32768 -32768 -32768 -32768
12 -36 28 6 0 -32768 -32768 -32768 -32768
13 -41 32 25 -18 -32768 -32768 -32768 -32768
14 -45 39 30 -23 -32768 -32768 -32768 -32768
15 -56 47 53 -45 -32768 -32768 -32768 -32768
16 -47 39 63 -56 -32768 -32768 -32768 -32768
17 -28 17 51 -41 -32768 -32768 -32768 -32768
18 5 -14 51 -44 -32768 -32768 -32768 -32768
19 38 -46 37 -29 -32768 -32768 -32768 -32768
20 63 -71 20 -12 -32768 -32768 -32768 -32768
21 77 -86 16 -8 -32768 -32768 -32768 -32768
22 83 -91 32 -27 -32768 -32768 -32768 -32768
23 92 -102 74 -64 -32768 -32768 -32768 -32768
24 104 -112 99 -92 -32768 -32768 -32768 -32768
25 108 -117 119 -111 -32768 -32768 -32768 -32768
26 107 -116 133 -124 -32768 -32768 -32768 -32768
27 69 -76 162 -156 -32768 -32768 -32768 -32768
28 60 -65 206 -200 -32768 -32768 -32768 -32768
29 51 -57 198 -189 -32768 -32768 -32768 -32768
30 30 -38 196 -190 -32768 -32768 -32768 -32768
31 6 -15 200 -193 -32768 -32768 -32768 -32768
32 -11 3 194 -186 -32768 -32768 -32768 -32768
33 -22 13 206 -199 -32768 -32768 -32768 -32768
34 -77 68 221 -214 -32768 -32768 -32768 -32768
35 -106 98 217 -210 -32768 -32768 -32768 -32768
36 -160 152 195 -187 -32768 -32768 -32768 -32768
37 -203 196 161 -154 -32768 -32768 -32768 -32768
38 -231 221 136 -130 -32768 -32768 -32768 -32768
39 -242 230 145 -137 -32768 -32768 -32768 -32768
40 -235 225 132 -123 -32768 -32768 -32768 -32768
41 -227 220 104 -96 -32768 -32768 -32768 -32768
42 -218 213 85 -78 -32768 -32768 -32768 -32768
43 -199 191 53 -46 -32768 -32768 -32768 -32768
44 -177 168 22 -16 -32768 -32768 -32768 -32768
45 -151 143 1 7 -32768 -32768 -32768 -32768
46 -115 105 -29 34 -32768 -32768 -32768 -32768
47 -97 90 -24 31 -32768 -32768 -32768 -32768
48 -56 48 -56 63 -32768 -32768 -32768 -32768
49 -11 2 -86 93 -32768 -32768 -32768 -32768
50 38 -46 -127 130 -32768 -32768 -32768 -32768
51 93 -100 -156 165 -32768 -32768 -32768 -32768
52 91 -101 -159 164 -32768 -32768 -32768 -32768
