OSINK 2A
1
16.03.21
Osova
0.0 0.0
0.0
0.00 0.00
-1.00 -1.00
0.00 0.00
20000.00
0.0
50
50
N
1
52
1 -312 287 -56 29 -32768 -32768 -32768 -32768
2 -312 288 -56 29 -32768 -32768 -32768 -32768
3 -312 288 -56 29 -32768 -32768 -32768 -32768
4 -276 254 -17 -5 -32768 -32768 -32768 -32768
5 -259 237 -42 20 -32768 -32768 -32768 -32768
6 -210 187 -68 41 -32768 -32768 -32768 -32768
7 -159 131 -93 54 -32768 -32768 -32768 -32768
8 -117 94 -82 59 -32768 -32768 -32768 -32768
9 -87 63 -71 49 -32768 -32768 -32768 -32768
10 -57 30 -56 30 -32768 -32768 -32768 -32768
11 -38 18 -32 9 -32768 -32768 -32768 -32768
12 -43 20 -10 -14 -32768 -32768 -32768 -32768
13 -46 25 9 -33 -32768 -32768 -32768 -32768
14 -52 32 15 -38 -32768 -32768 -32768 -32768
15 -63 42 37 -60 -32768 -32768 -32768 -32768
16 -55 31 47 -72 -32768 -32768 -32768 -32768
17 -34 14 35 -57 -32768 -32768 -32768 -32768
18 -1 -20 35 -60 -32768 -32768 -32768 -32768
19 32 -54 21 -45 -32768 -32768 -32768 -32768
20 59 -78 3 -27 -32768 -32768 -32768 -32768
21 71 -93 0 -23 -32768 -32768 -32768 -32768
22 76 -99 16 -42 -32768 -32768 -32768 -32768
23 86 -107 58 -80 -32768 -32768 -32768 -32768
24 97 -118 83 -107 -32768 -32768 -32768 -32768
25 101 -124 103 -125 -32768 -32768 -32768 -32768
26 102 -124 117 -139 -32768 -32768 -32768 -32768
27 62 -86 146 -168 -32768 -32768 -32768 -32768
28 50 -76 191 -215 -32768 -32768 -32768 -32768
29 42 -64 183 -206 -32768 -32768 -32768 -32768
30 23 -47 180 -206 -32768 -32768 -32768 -32768
31 0 -23 184 -208 -32768 -32768 -32768 -32768
32 -16 -3 179 -201 -32768 -32768 -32768 -32768
33 -26 4 189 -213 -32768 -32768 -32768 -32768
34 -82 60 206 -230 -32768 -32768 -32768 -32768
35 -110 89 202 -225 -32768 -32768 -32768 -32768
36 -162 144 182 -203 -32768 -32768 -32768 -32768
37 -209 188 146 -170 -32768 -32768 -32768 -32768
38 -234 213 121 -148 -32768 -32768 -32768 -32768
39 -247 228 127 -147 -32768 -32768 -32768 -32768
40 -240 217 118 -142 -32768 -32768 -32768 -32768
41 -234 214 90 -114 -32768 -32768 -32768 -32768
42 -228 206 73 -96 -32768 -32768 -32768 -32768
43 -208 186 39 -63 -32768 -32768 -32768 -32768
44 -185 163 8 -34 -32768 -32768 -32768 -32768
45 -161 141 -13 -8 -32768 -32768 -32768 -32768
46 -123 100 -41 16 -32768 -32768 -32768 -32768
47 -107 85 -39 16 -32768 -32768 -32768 -32768
48 -66 44 -70 46 -32768 -32768 -32768 -32768
49 -20 -2 -102 77 -32768 -32768 -32768 -32768
50 28 -50 -139 112 -32768 -32768 -32768 -32768
51 82 -105 -171 150 -32768 -32768 -32768 -32768
52 84 -110 -175 150 -32768 -32768 -32768 -32768
