OSINK 2A
1
30.03.21
Osova
0.0 0.0
0.0
0.00 0.00
-1.00 -1.00
0.00 0.00
20000.00
0.0
50
50
N
1
52
1 -320 299 -17 12 -32768 -32768 -32768 -32768
2 -320 299 -17 12 -32768 -32768 -32768 -32768
3 -320 299 -17 12 -32768 -32768 -32768 -32768
4 -275 253 -3 4 -32768 -32768 -32768 -32768
5 -258 237 -31 30 -32768 -32768 -32768 -32768
6 -206 185 -55 52 -32768 -32768 -32768 -32768
7 -153 130 -67 65 -32768 -32768 -32768 -32768
8 -113 93 -70 70 -32768 -32768 -32768 -32768
9 -85 65 -62 61 -32768 -32768 -32768 -32768
10 -51 31 -41 41 -32768 -32768 -32768 -32768
11 -39 18 -20 19 -32768 -32768 -32768 -32768
12 -43 21 0 -3 -32768 -32768 -32768 -32768
13 -53 26 24 -22 -32768 -32768 -32768 -32768
14 -55 33 22 -27 -32768 -32768 -32768 -32768
15 -59 41 46 -50 -32768 -32768 -32768 -32768
16 -57 32 58 -61 -32768 -32768 -32768 -32768
17 -34 13 43 -46 -32768 -32768 -32768 -32768
18 2 -22 41 -49 -32768 -32768 -32768 -32768
19 33 -55 30 -32 -32768 -32768 -32768 -32768
20 62 -79 14 -16 -32768 -32768 -32768 -32768
21 73 -94 12 -13 -32768 -32768 -32768 -32768
22 76 -97 28 -31 -32768 -32768 -32768 -32768
23 86 -107 70 -70 -32768 -32768 -32768 -32768
24 98 -118 95 -97 -32768 -32768 -32768 -32768
25 104 -124 114 -116 -32768 -32768 -32768 -32768
26 100 -124 129 -129 -32768 -32768 -32768 -32768
27 62 -85 159 -160 -32768 -32768 -32768 -32768
28 56 -74 200 -204 -32768 -32768 -32768 -32768
29 44 -64 194 -193 -32768 -32768 -32768 -32768
30 24 -46 192 -195 -32768 -32768 -32768 -32768
31 0 -21 196 -197 -32768 -32768 -32768 -32768
32 -16 -3 190 -191 -32768 -32768 -32768 -32768
33 -27 7 201 -204 -32768 -32768 -32768 -32768
34 -83 62 217 -218 -32768 -32768 -32768 -32768
35 -113 90 213 -215 -32768 -32768 -32768 -32768
36 -166 146 191 -191 -32768 -32768 -32768 -32768
37 -209 189 155 -159 -32768 -32768 -32768 -32768
38 -236 215 131 -135 -32768 -32768 -32768 -32768
39 -245 226 141 -140 -32768 -32768 -32768 -32768
40 -239 218 127 -126 -32768 -32768 -32768 -32768
41 -234 213 100 -102 -32768 -32768 -32768 -32768
42 -226 204 82 -82 -32768 -32768 -32768 -32768
43 -206 183 49 -52 -32768 -32768 -32768 -32768
44 -183 163 17 -22 -32768 -32768 -32768 -32768
45 -159 136 -3 2 -32768 -32768 -32768 -32768
46 -121 99 -32 31 -32768 -32768 -32768 -32768
47 -103 84 -28 27 -32768 -32768 -32768 -32768
48 -63 41 -61 60 -32768 -32768 -32768 -32768
49 -17 -4 -91 89 -32768 -32768 -32768 -32768
50 32 -53 -132 127 -32768 -32768 -32768 -32768
51 85 -108 -161 160 -32768 -32768 -32768 -32768
52 85 -107 -163 160 -32768 -32768 -32768 -32768
