OSINK 2A
1
16.02.21
Osova
0.0 0.0
0.0
0.00 0.00
-1.00 -1.00
0.00 0.00
20000.00
0.0
50
50
N
1
52
1 -283 285 -7 9 -32768 -32768 -32768 -32768
2 -283 285 -7 9 -32768 -32768 -32768 -32768
3 -283 285 -7 9 -32768 -32768 -32768 -32768
4 -261 261 1 5 -32768 -32768 -32768 -32768
5 -248 248 -26 34 -32768 -32768 -32768 -32768
6 -196 194 -51 56 -32768 -32768 -32768 -32768
7 -142 140 -63 70 -32768 -32768 -32768 -32768
8 -106 104 -67 74 -32768 -32768 -32768 -32768
9 -74 73 -58 64 -32768 -32768 -32768 -32768
10 -42 41 -37 45 -32768 -32768 -32768 -32768
11 -29 28 -18 20 -32768 -32768 -32768 -32768
12 -32 31 5 0 -32768 -32768 -32768 -32768
13 -35 34 23 -18 -32768 -32768 -32768 -32768
14 -44 42 31 -23 -32768 -32768 -32768 -32768
15 -51 50 52 -45 -32768 -32768 -32768 -32768
16 -45 42 63 -57 -32768 -32768 -32768 -32768
17 -25 24 50 -41 -32768 -32768 -32768 -32768
18 8 -9 50 -45 -32768 -32768 -32768 -32768
19 41 -43 36 -31 -32768 -32768 -32768 -32768
20 66 -69 19 -12 -32768 -32768 -32768 -32768
21 80 -82 15 -8 -32768 -32768 -32768 -32768
22 87 -88 31 -28 -32768 -32768 -32768 -32768
23 94 -96 70 -64 -32768 -32768 -32768 -32768
24 107 -108 97 -92 -32768 -32768 -32768 -32768
25 111 -113 117 -111 -32768 -32768 -32768 -32768
26 111 -113 131 -124 -32768 -32768 -32768 -32768
27 72 -77 160 -150 -32768 -32768 -32768 -32768
28 63 -64 205 -200 -32768 -32768 -32768 -32768
29 53 -54 197 -190 -32768 -32768 -32768 -32768
30 34 -36 195 -190 -32768 -32768 -32768 -32768
31 10 -11 200 -194 -32768 -32768 -32768 -32768
32 -8 8 193 -187 -32768 -32768 -32768 -32768
33 -18 15 203 -198 -32768 -32768 -32768 -32768
34 -73 71 221 -214 -32768 -32768 -32768 -32768
35 -103 100 217 -210 -32768 -32768 -32768 -32768
36 -157 156 194 -187 -32768 -32768 -32768 -32768
37 -201 200 160 -154 -32768 -32768 -32768 -32768
38 -227 224 135 -132 -32768 -32768 -32768 -32768
39 -236 234 143 -139 -32768 -32768 -32768 -32768
40 -230 228 131 -124 -32768 -32768 -32768 -32768
41 -225 224 104 -97 -32768 -32768 -32768 -32768
42 -218 216 85 -80 -32768 -32768 -32768 -32768
43 -198 195 53 -47 -32768 -32768 -32768 -32768
44 -173 173 21 -18 -32768 -32768 -32768 -32768
45 -151 147 0 6 -32768 -32768 -32768 -32768
46 -112 110 -29 32 -32768 -32768 -32768 -32768
47 -96 96 -24 30 -32768 -32768 -32768 -32768
48 -55 51 -57 64 -32768 -32768 -32768 -32768
49 -10 8 -87 92 -32768 -32768 -32768 -32768
50 39 -41 -127 127 -32768 -32768 -32768 -32768
51 94 -96 -157 165 -32768 -32768 -32768 -32768
52 94 -96 -160 164 -32768 -32768 -32768 -32768
