OSINK 2A
1
11.11.20
Osova
0.0 0.0
0.0
0.00 0.00
-1.00 -1.00
0.00 0.00
20000.00
0.0
50
50
N
1
52
1 -262 260 3 5 -32768 -32768 -32768 -32768
2 -262 260 3 5 -32768 -32768 -32768 -32768
3 -262 260 3 5 -32768 -32768 -32768 -32768
4 -261 255 1 8 -32768 -32768 -32768 -32768
5 -251 249 -22 32 -32768 -32768 -32768 -32768
6 -196 198 -52 54 -32768 -32768 -32768 -32768
7 -147 141 -62 70 -32768 -32768 -32768 -32768
8 -104 104 -66 75 -32768 -32768 -32768 -32768
9 -77 74 -58 65 -32768 -32768 -32768 -32768
10 -45 40 -40 49 -32768 -32768 -32768 -32768
11 -32 27 -18 28 -32768 -32768 -32768 -32768
12 -32 28 4 2 -32768 -32768 -32768 -32768
13 -38 34 25 -16 -32768 -32768 -32768 -32768
14 -45 40 32 -22 -32768 -32768 -32768 -32768
15 -54 49 52 -43 -32768 -32768 -32768 -32768
16 -46 41 64 -57 -32768 -32768 -32768 -32768
17 -26 25 50 -42 -32768 -32768 -32768 -32768
18 6 -10 51 -44 -32768 -32768 -32768 -32768
19 37 -41 38 -30 -32768 -32768 -32768 -32768
20 64 -69 20 -11 -32768 -32768 -32768 -32768
21 80 -83 17 -7 -32768 -32768 -32768 -32768
22 83 -89 33 -24 -32768 -32768 -32768 -32768
23 93 -99 72 -64 -32768 -32768 -32768 -32768
24 105 -109 98 -90 -32768 -32768 -32768 -32768
25 109 -114 117 -109 -32768 -32768 -32768 -32768
26 111 -115 132 -123 -32768 -32768 -32768 -32768
27 72 -76 160 -153 -32768 -32768 -32768 -32768
28 59 -65 207 -199 -32768 -32768 -32768 -32768
29 52 -55 198 -189 -32768 -32768 -32768 -32768
30 34 -38 196 -189 -32768 -32768 -32768 -32768
31 8 -15 201 -193 -32768 -32768 -32768 -32768
32 -10 5 195 -187 -32768 -32768 -32768 -32768
33 -17 12 204 -197 -32768 -32768 -32768 -32768
34 -74 65 223 -215 -32768 -32768 -32768 -32768
35 -105 98 218 -211 -32768 -32768 -32768 -32768
36 -157 151 197 -189 -32768 -32768 -32768 -32768
37 -201 197 163 -157 -32768 -32768 -32768 -32768
38 -228 222 134 -135 -32768 -32768 -32768 -32768
39 -238 231 145 -141 -32768 -32768 -32768 -32768
40 -231 227 134 -130 -32768 -32768 -32768 -32768
41 -227 223 107 -99 -32768 -32768 -32768 -32768
42 -219 215 89 -81 -32768 -32768 -32768 -32768
43 -199 197 55 -50 -32768 -32768 -32768 -32768
44 -177 173 24 -21 -32768 -32768 -32768 -32768
45 -153 148 1 7 -32768 -32768 -32768 -32768
46 -115 109 -24 34 -32768 -32768 -32768 -32768
47 -98 92 -23 31 -32768 -32768 -32768 -32768
48 -57 52 -54 64 -32768 -32768 -32768 -32768
49 -9 6 -86 93 -32768 -32768 -32768 -32768
50 38 -44 -126 137 -32768 -32768 -32768 -32768
51 93 -98 -156 166 -32768 -32768 -32768 -32768
52 93 -98 -159 165 -32768 -32768 -32768 -32768
