OSINK 2A
1
05.05.21
Osova
0.0 0.0
0.0
0.00 0.00
-1.00 -1.00
0.00 0.00
20000.00
0.0
50
50
N
1
52
1 -291 263 -21 24 -32768 -32768 -32768 -32768
2 -289 263 -21 24 -32768 -32768 -32768 -32768
3 -291 263 -19 25 -32768 -32768 -32768 -32768
4 -275 247 2 15 -32768 -32768 -32768 -32768
5 -257 230 -22 42 -32768 -32768 -32768 -32768
6 -202 176 -46 65 -32768 -32768 -32768 -32768
7 -149 122 -57 75 -32768 -32768 -32768 -32768
8 -115 87 -60 80 -32768 -32768 -32768 -32768
9 -85 57 -51 68 -32768 -32768 -32768 -32768
10 -53 25 -28 46 -32768 -32768 -32768 -32768
11 -40 14 -8 27 -32768 -32768 -32768 -32768
12 -44 17 14 4 -32768 -32768 -32768 -32768
13 -49 22 32 -15 -32768 -32768 -32768 -32768
14 -55 30 37 -19 -32768 -32768 -32768 -32768
15 -63 36 60 -43 -32768 -32768 -32768 -32768
16 -56 29 68 -51 -32768 -32768 -32768 -32768
17 -34 7 55 -36 -32768 -32768 -32768 -32768
18 0 -28 57 -39 -32768 -32768 -32768 -32768
19 33 -59 40 -23 -32768 -32768 -32768 -32768
20 56 -83 25 -6 -32768 -32768 -32768 -32768
21 70 -99 23 -5 -32768 -32768 -32768 -32768
22 71 -99 39 -23 -32768 -32768 -32768 -32768
23 85 -111 84 -62 -32768 -32768 -32768 -32768
24 94 -121 106 -89 -32768 -32768 -32768 -32768
25 99 -126 126 -107 -32768 -32768 -32768 -32768
26 99 -126 139 -121 -32768 -32768 -32768 -32768
27 60 -87 169 -157 -32768 -32768 -32768 -32768
28 48 -77 211 -196 -32768 -32768 -32768 -32768
29 42 -67 205 -183 -32768 -32768 -32768 -32768
30 21 -48 203 -185 -32768 -32768 -32768 -32768
31 -4 -23 205 -188 -32768 -32768 -32768 -32768
32 -19 -7 200 -181 -32768 -32768 -32768 -32768
33 -31 2 212 -194 -32768 -32768 -32768 -32768
34 -87 61 227 -208 -32768 -32768 -32768 -32768
35 -118 90 222 -204 -32768 -32768 -32768 -32768
36 -175 147 199 -179 -32768 -32768 -32768 -32768
37 -213 188 165 -146 -32768 -32768 -32768 -32768
38 -239 213 139 -125 -32768 -32768 -32768 -32768
39 -248 219 151 -136 -32768 -32768 -32768 -32768
40 -241 214 135 -116 -32768 -32768 -32768 -32768
41 -237 210 109 -90 -32768 -32768 -32768 -32768
42 -228 200 91 -70 -32768 -32768 -32768 -32768
43 -207 179 58 -39 -32768 -32768 -32768 -32768
44 -185 158 25 -10 -32768 -32768 -32768 -32768
45 -160 129 5 12 -32768 -32768 -32768 -32768
46 -124 95 -24 42 -32768 -32768 -32768 -32768
47 -104 77 -17 37 -32768 -32768 -32768 -32768
48 -65 34 -52 74 -32768 -32768 -32768 -32768
49 -19 -9 -80 99 -32768 -32768 -32768 -32768
50 33 -61 -127 142 -32768 -32768 -32768 -32768
51 83 -113 -150 170 -32768 -32768 -32768 -32768
52 81 -109 -152 169 -32768 -32768 -32768 -32768
