OSINK 2A
1
24.02.21
Osova
0.0 0.0
0.0
0.00 0.00
-1.00 -1.00
0.00 0.00
20000.00
0.0
50
50
N
1
52
1 -309 285 -21 15 -32768 -32768 -32768 -32768
2 -309 285 -21 15 -32768 -32768 -32768 -32768
3 -309 285 -21 15 -32768 -32768 -32768 -32768
4 -271 254 0 6 -32768 -32768 -32768 -32768
5 -255 236 -27 35 -32768 -32768 -32768 -32768
6 -203 188 -52 56 -32768 -32768 -32768 -32768
7 -149 132 -64 68 -32768 -32768 -32768 -32768
8 -112 96 -68 73 -32768 -32768 -32768 -32768
9 -82 65 -59 63 -32768 -32768 -32768 -32768
10 -51 32 -38 43 -32768 -32768 -32768 -32768
11 -36 20 -17 22 -32768 -32768 -32768 -32768
12 -40 23 4 0 -32768 -32768 -32768 -32768
13 -45 27 24 -19 -32768 -32768 -32768 -32768
14 -51 34 30 -24 -32768 -32768 -32768 -32768
15 -59 42 52 -47 -32768 -32768 -32768 -32768
16 -52 33 62 -58 -32768 -32768 -32768 -32768
17 -30 14 48 -42 -32768 -32768 -32768 -32768
18 2 -18 49 -46 -32768 -32768 -32768 -32768
19 35 -51 34 -31 -32768 -32768 -32768 -32768
20 59 -77 18 -13 -32768 -32768 -32768 -32768
21 74 -94 15 -16 -32768 -32768 -32768 -32768
22 77 -95 31 -28 -32768 -32768 -32768 -32768
23 88 -105 71 -66 -32768 -32768 -32768 -32768
24 99 -116 97 -94 -32768 -32768 -32768 -32768
25 104 -121 117 -112 -32768 -32768 -32768 -32768
26 105 -121 131 -126 -32768 -32768 -32768 -32768
27 65 -82 160 -156 -32768 -32768 -32768 -32768
28 55 -71 205 -202 -32768 -32768 -32768 -32768
29 46 -61 196 -191 -32768 -32768 -32768 -32768
30 26 -44 194 -192 -32768 -32768 -32768 -32768
31 1 -18 199 -194 -32768 -32768 -32768 -32768
32 -15 0 193 -188 -32768 -32768 -32768 -32768
33 -24 7 203 -199 -32768 -32768 -32768 -32768
34 -83 62 220 -215 -32768 -32768 -32768 -32768
35 -109 93 216 -211 -32768 -32768 -32768 -32768
36 -165 149 193 -188 -32768 -32768 -32768 -32768
37 -209 192 158 -155 -32768 -32768 -32768 -32768
38 -234 217 134 -132 -32768 -32768 -32768 -32768
39 -243 226 144 -139 -32768 -32768 -32768 -32768
40 -237 221 129 -125 -32768 -32768 -32768 -32768
41 -232 216 103 -98 -32768 -32768 -32768 -32768
42 -224 205 83 -78 -32768 -32768 -32768 -32768
43 -203 187 52 -48 -32768 -32768 -32768 -32768
44 -182 165 20 -18 -32768 -32768 -32768 -32768
45 -157 139 0 5 -32768 -32768 -32768 -32768
46 -120 100 -28 33 -32768 -32768 -32768 -32768
47 -103 84 -25 30 -32768 -32768 -32768 -32768
48 -60 42 -57 64 -32768 -32768 -32768 -32768
49 -16 -2 -88 92 -32768 -32768 -32768 -32768
50 35 -52 -129 131 -32768 -32768 -32768 -32768
51 89 -106 -157 163 -32768 -32768 -32768 -32768
52 88 -105 -160 163 -32768 -32768 -32768 -32768
