OSINK 2A
1
28.04.21
Osova
0.0 0.0
0.0
0.00 0.00
-1.00 -1.00
0.00 0.00
20000.00
0.0
50
50
N
1
52
1 -301 256 -11 26 -32768 -32768 -32768 -32768
2 -301 256 -11 26 -32768 -32768 -32768 -32768
3 -302 259 -10 24 -32768 -32768 -32768 -32768
4 -276 248 4 14 -32768 -32768 -32768 -32768
5 -259 230 -21 42 -32768 -32768 -32768 -32768
6 -206 177 -45 63 -32768 -32768 -32768 -32768
7 -152 122 -57 75 -32768 -32768 -32768 -32768
8 -117 88 -60 80 -32768 -32768 -32768 -32768
9 -85 57 -51 69 -32768 -32768 -32768 -32768
10 -54 26 -29 48 -32768 -32768 -32768 -32768
11 -40 14 -8 27 -32768 -32768 -32768 -32768
12 -44 17 13 6 -32768 -32768 -32768 -32768
13 -51 22 32 -14 -32768 -32768 -32768 -32768
14 -56 28 41 -18 -32768 -32768 -32768 -32768
15 -63 36 60 -42 -32768 -32768 -32768 -32768
16 -56 28 68 -51 -32768 -32768 -32768 -32768
17 -36 8 56 -35 -32768 -32768 -32768 -32768
18 -1 -26 57 -38 -32768 -32768 -32768 -32768
19 30 -60 42 -22 -32768 -32768 -32768 -32768
20 55 -84 25 -6 -32768 -32768 -32768 -32768
21 69 -98 23 -4 -32768 -32768 -32768 -32768
22 73 -100 39 -22 -32768 -32768 -32768 -32768
23 85 -111 82 -62 -32768 -32768 -32768 -32768
24 94 -122 106 -88 -32768 -32768 -32768 -32768
25 98 -127 125 -107 -32768 -32768 -32768 -32768
26 99 -126 139 -120 -32768 -32768 -32768 -32768
27 60 -88 168 -154 -32768 -32768 -32768 -32768
28 50 -77 211 -195 -32768 -32768 -32768 -32768
29 42 -68 205 -183 -32768 -32768 -32768 -32768
30 20 -49 202 -184 -32768 -32768 -32768 -32768
31 -1 -23 206 -187 -32768 -32768 -32768 -32768
32 -19 -4 200 -180 -32768 -32768 -32768 -32768
33 -29 1 209 -193 -32768 -32768 -32768 -32768
34 -86 59 227 -208 -32768 -32768 -32768 -32768
35 -119 87 224 -204 -32768 -32768 -32768 -32768
36 -168 145 202 -179 -32768 -32768 -32768 -32768
37 -211 186 165 -146 -32768 -32768 -32768 -32768
38 -239 210 139 -126 -32768 -32768 -32768 -32768
39 -248 220 149 -136 -32768 -32768 -32768 -32768
40 -242 214 137 -116 -32768 -32768 -32768 -32768
41 -237 209 110 -91 -32768 -32768 -32768 -32768
42 -229 200 93 -70 -32768 -32768 -32768 -32768
43 -210 181 60 -40 -32768 -32768 -32768 -32768
44 -187 159 27 -11 -32768 -32768 -32768 -32768
45 -160 133 5 12 -32768 -32768 -32768 -32768
46 -124 94 -22 41 -32768 -32768 -32768 -32768
47 -106 79 -18 37 -32768 -32768 -32768 -32768
48 -67 37 -50 71 -32768 -32768 -32768 -32768
49 -18 -9 -80 99 -32768 -32768 -32768 -32768
50 29 -57 -121 137 -32768 -32768 -32768 -32768
51 83 -111 -150 170 -32768 -32768 -32768 -32768
52 81 -111 -153 170 -32768 -32768 -32768 -32768
