OSINK 2A
1
15.10.20
Osova
0.0 0.0
0.0
0.00 0.00
-1.00 -1.00
0.00 0.00
20000.00
0.0
50
50
N
1
52
1 -261 249 -10 9 -32768 -32768 -32768 -32768
2 -261 250 -10 9 -32768 -32768 -32768 -32768
3 -261 250 -10 9 -32768 -32768 -32768 -32768
4 -266 255 6 0 -32768 -32768 -32768 -32768
5 -260 251 -18 23 -32768 -32768 -32768 -32768
6 -219 211 -46 47 -32768 -32768 -32768 -32768
7 -161 155 -64 65 -32768 -32768 -32768 -32768
8 -117 106 -67 70 -32768 -32768 -32768 -32768
9 -89 80 -64 64 -32768 -32768 -32768 -32768
10 -52 40 -47 51 -32768 -32768 -32768 -32768
11 -35 25 -24 29 -32768 -32768 -32768 -32768
12 -34 24 -2 5 -32768 -32768 -32768 -32768
13 -39 28 19 -16 -32768 -32768 -32768 -32768
14 -45 35 28 -25 -32768 -32768 -32768 -32768
15 -57 47 44 -38 -32768 -32768 -32768 -32768
16 -48 38 61 -61 -32768 -32768 -32768 -32768
17 -35 27 51 -47 -32768 -32768 -32768 -32768
18 -1 -8 48 -47 -32768 -32768 -32768 -32768
19 29 -39 36 -37 -32768 -32768 -32768 -32768
20 58 -67 18 -15 -32768 -32768 -32768 -32768
21 72 -82 11 -9 -32768 -32768 -32768 -32768
22 82 -93 29 -28 -32768 -32768 -32768 -32768
23 88 -97 65 -58 -32768 -32768 -32768 -32768
24 102 -111 94 -92 -32768 -32768 -32768 -32768
25 105 -116 113 -111 -32768 -32768 -32768 -32768
26 107 -116 128 -126 -32768 -32768 -32768 -32768
27 71 -82 149 -147 -32768 -32768 -32768 -32768
28 60 -69 204 -203 -32768 -32768 -32768 -32768
29 47 -57 198 -193 -32768 -32768 -32768 -32768
30 31 -42 193 -192 -32768 -32768 -32768 -32768
31 9 -19 199 -197 -32768 -32768 -32768 -32768
32 -14 3 193 -189 -32768 -32768 -32768 -32768
33 -20 9 200 -198 -32768 -32768 -32768 -32768
34 -76 67 220 -217 -32768 -32768 -32768 -32768
35 -107 97 216 -213 -32768 -32768 -32768 -32768
36 -159 149 195 -191 -32768 -32768 -32768 -32768
37 -204 195 163 -159 -32768 -32768 -32768 -32768
38 -231 221 135 -135 -32768 -32768 -32768 -32768
39 -242 232 140 -139 -32768 -32768 -32768 -32768
40 -235 225 132 -129 -32768 -32768 -32768 -32768
41 -231 220 103 -100 -32768 -32768 -32768 -32768
42 -223 213 86 -82 -32768 -32768 -32768 -32768
43 -204 193 53 -50 -32768 -32768 -32768 -32768
44 -180 170 22 -21 -32768 -32768 -32768 -32768
45 -157 144 0 5 -32768 -32768 -32768 -32768
46 -118 105 -27 31 -32768 -32768 -32768 -32768
47 -101 91 -26 29 -32768 -32768 -32768 -32768
48 -60 48 -57 61 -32768 -32768 -32768 -32768
49 -12 1 -89 91 -32768 -32768 -32768 -32768
50 36 -47 -129 128 -32768 -32768 -32768 -32768
51 91 -101 -158 163 -32768 -32768 -32768 -32768
52 90 -101 -161 162 -32768 -32768 -32768 -32768
