OSINK 2A
1
23.09.20
Osova
0.0 0.0
0.0
0.00 0.00
-1.00 -1.00
0.00 0.00
20000.00
0.0
50
50
N
1
52
1 -268 240 -12 15 -32768 -32768 -32768 -32768
2 -268 241 -12 15 -32768 -32768 -32768 -32768
3 -268 241 -12 15 -32768 -32768 -32768 -32768
4 -268 248 4 -2 -32768 -32768 -32768 -32768
5 -266 246 -17 24 -32768 -32768 -32768 -32768
6 -224 204 -46 49 -32768 -32768 -32768 -32768
7 -167 147 -63 67 -32768 -32768 -32768 -32768
8 -122 102 -67 71 -32768 -32768 -32768 -32768
9 -95 76 -63 65 -32768 -32768 -32768 -32768
10 -57 35 -47 52 -32768 -32768 -32768 -32768
11 -40 21 -23 30 -32768 -32768 -32768 -32768
12 -40 19 -1 4 -32768 -32768 -32768 -32768
13 -44 24 19 -15 -32768 -32768 -32768 -32768
14 -51 31 28 -24 -32768 -32768 -32768 -32768
15 -64 42 45 -39 -32768 -32768 -32768 -32768
16 -54 33 61 -60 -32768 -32768 -32768 -32768
17 -41 21 52 -45 -32768 -32768 -32768 -32768
18 -5 -14 49 -46 -32768 -32768 -32768 -32768
19 24 -45 38 -35 -32768 -32768 -32768 -32768
20 52 -74 19 -14 -32768 -32768 -32768 -32768
21 66 -88 11 -8 -32768 -32768 -32768 -32768
22 77 -97 30 -27 -32768 -32768 -32768 -32768
23 81 -102 66 -58 -32768 -32768 -32768 -32768
24 95 -115 94 -90 -32768 -32768 -32768 -32768
25 99 -120 113 -110 -32768 -32768 -32768 -32768
26 100 -120 128 -125 -32768 -32768 -32768 -32768
27 64 -85 151 -147 -32768 -32768 -32768 -32768
28 52 -73 205 -201 -32768 -32768 -32768 -32768
29 41 -61 199 -192 -32768 -32768 -32768 -32768
30 25 -46 194 -191 -32768 -32768 -32768 -32768
31 3 -23 200 -195 -32768 -32768 -32768 -32768
32 -20 -1 193 -188 -32768 -32768 -32768 -32768
33 -25 4 200 -197 -32768 -32768 -32768 -32768
34 -83 61 221 -216 -32768 -32768 -32768 -32768
35 -112 91 216 -212 -32768 -32768 -32768 -32768
36 -165 144 195 -190 -32768 -32768 -32768 -32768
37 -209 190 163 -157 -32768 -32768 -32768 -32768
38 -237 215 135 -128 -32768 -32768 -32768 -32768
39 -248 227 141 -138 -32768 -32768 -32768 -32768
40 -241 219 134 -129 -32768 -32768 -32768 -32768
41 -236 216 105 -100 -32768 -32768 -32768 -32768
42 -229 208 87 -82 -32768 -32768 -32768 -32768
43 -209 188 55 -50 -32768 -32768 -32768 -32768
44 -186 164 23 -21 -32768 -32768 -32768 -32768
45 -162 139 0 5 -32768 -32768 -32768 -32768
46 -123 101 -27 30 -32768 -32768 -32768 -32768
47 -107 86 -25 28 -32768 -32768 -32768 -32768
48 -65 44 -56 61 -32768 -32768 -32768 -32768
49 -18 -3 -88 92 -32768 -32768 -32768 -32768
50 29 -51 -127 128 -32768 -32768 -32768 -32768
51 85 -106 -157 163 -32768 -32768 -32768 -32768
52 85 -106 -160 163 -32768 -32768 -32768 -32768
