OSINK 7B
1
03.03.21
Osova
0.0 0.0
0.0
0.00 0.00
-1.00 -1.00
0.00 0.00
20000.00
0.0
50
50
N
1
52
1 128 -90 170 -147 -32768 -32768 -32768 -32768
2 128 -90 170 -147 -32768 -32768 -32768 -32768
3 128 -91 170 -146 -32768 -32768 -32768 -32768
4 121 -91 164 -146 -32768 -32768 -32768 -32768
5 121 -94 164 -145 -32768 -32768 -32768 -32768
6 121 -94 164 -145 -32768 -32768 -32768 -32768
7 120 -141 166 -143 -32768 -32768 -32768 -32768
8 120 -141 166 -143 -32768 -32768 -32768 -32768
9 120 -141 166 -143 -32768 -32768 -32768 -32768
10 120 -144 170 -139 -32768 -32768 -32768 -32768
11 120 -144 170 -139 -32768 -32768 -32768 -32768
12 142 -165 228 -219 -32768 -32768 -32768 -32768
13 170 -195 272 -266 -32768 -32768 -32768 -32768
14 165 -189 238 -229 -32768 -32768 -32768 -32768
15 151 -175 206 -199 -32768 -32768 -32768 -32768
16 148 -173 202 -196 -32768 -32768 -32768 -32768
17 149 -174 214 -208 -32768 -32768 -32768 -32768
18 149 -173 220 -212 -32768 -32768 -32768 -32768
19 143 -166 192 -185 -32768 -32768 -32768 -32768
20 139 -162 150 -141 -32768 -32768 -32768 -32768
21 156 -177 145 -138 -32768 -32768 -32768 -32768
22 157 -181 156 -150 -32768 -32768 -32768 -32768
23 177 -201 173 -165 -32768 -32768 -32768 -32768
24 147 -170 172 -164 -32768 -32768 -32768 -32768
25 154 -178 158 -152 -32768 -32768 -32768 -32768
26 140 -164 139 -132 -32768 -32768 -32768 -32768
27 160 -184 132 -124 -32768 -32768 -32768 -32768
28 183 -204 144 -136 -32768 -32768 -32768 -32768
29 221 -248 159 -153 -32768 -32768 -32768 -32768
30 263 -284 178 -169 -32768 -32768 -32768 -32768
31 269 -294 161 -157 -32768 -32768 -32768 -32768
32 254 -278 133 -127 -32768 -32768 -32768 -32768
33 267 -293 140 -138 -32768 -32768 -32768 -32768
34 283 -310 164 -152 -32768 -32768 -32768 -32768
35 312 -335 179 -163 -32768 -32768 -32768 -32768
36 315 -339 186 -177 -32768 -32768 -32768 -32768
37 299 -323 191 -189 -32768 -32768 -32768 -32768
38 250 -275 212 -203 -32768 -32768 -32768 -32768
39 217 -241 214 -206 -32768 -32768 -32768 -32768
40 205 -232 233 -226 -32768 -32768 -32768 -32768
41 151 -174 243 -236 -32768 -32768 -32768 -32768
42 113 -138 260 -253 -32768 -32768 -32768 -32768
43 83 -107 291 -283 -32768 -32768 -32768 -32768
44 89 -113 296 -288 -32768 -32768 -32768 -32768
45 106 -125 274 -269 -32768 -32768 -32768 -32768
46 196 -215 199 -196 -32768 -32768 -32768 -32768
47 377 -400 79 -76 -32768 -32768 -32768 -32768
48 379 -403 80 -72 -32768 -32768 -32768 -32768
49 337 -361 172 -164 -32768 -32768 -32768 -32768
50 266 -293 274 -266 -32768 -32768 -32768 -32768
51 293 -318 322 -314 -32768 -32768 -32768 -32768
52 345 -369 352 -345 -32768 -32768 -32768 -32768
