OSINK 7B
1
03.12.20
Osova
0.0 0.0
0.0
0.00 0.00
-1.00 -1.00
0.00 0.00
20000.00
0.0
50
50
N
1
52
1 152 -161 192 -179 -32768 -32768 -32768 -32768
2 152 -161 192 -179 -32768 -32768 -32768 -32768
3 152 -161 192 -179 -32768 -32768 -32768 -32768
4 154 -161 191 -179 -32768 -32768 -32768 -32768
5 154 -161 191 -179 -32768 -32768 -32768 -32768
6 154 -161 191 -179 -32768 -32768 -32768 -32768
7 153 -161 190 -179 -32768 -32768 -32768 -32768
8 153 -161 190 -179 -32768 -32768 -32768 -32768
9 153 -162 190 -179 -32768 -32768 -32768 -32768
10 153 -162 190 -179 -32768 -32768 -32768 -32768
11 154 -173 191 -225 -32768 -32768 -32768 -32768
12 167 -189 239 -238 -32768 -32768 -32768 -32768
13 185 -183 250 -220 -32768 -32768 -32768 -32768
14 179 -167 234 -194 -32768 -32768 -32768 -32768
15 163 -167 207 -191 -32768 -32768 -32768 -32768
16 161 -165 203 -203 -32768 -32768 -32768 -32768
17 161 -165 216 -208 -32768 -32768 -32768 -32768
18 160 -159 220 -183 -32768 -32768 -32768 -32768
19 152 -152 193 -139 -32768 -32768 -32768 -32768
20 149 -168 152 -133 -32768 -32768 -32768 -32768
21 165 -171 146 -143 -32768 -32768 -32768 -32768
22 167 -190 153 -161 -32768 -32768 -32768 -32768
23 191 -160 176 -161 -32768 -32768 -32768 -32768
24 152 -169 175 -147 -32768 -32768 -32768 -32768
25 162 -153 160 -129 -32768 -32768 -32768 -32768
26 149 -173 142 -119 -32768 -32768 -32768 -32768
27 169 -194 132 -133 -32768 -32768 -32768 -32768
28 187 -238 142 -148 -32768 -32768 -32768 -32768
29 232 -275 160 -165 -32768 -32768 -32768 -32768
30 272 -283 179 -163 -32768 -32768 -32768 -32768
31 281 -262 169 -113 -32768 -32768 -32768 -32768
32 264 -284 135 -134 -32768 -32768 -32768 -32768
33 279 -305 146 -144 -32768 -32768 -32768 -32768
34 295 -324 157 -158 -32768 -32768 -32768 -32768
35 320 -331 170 -173 -32768 -32768 -32768 -32768
36 325 -316 185 -183 -32768 -32768 -32768 -32768
37 310 -263 195 -199 -32768 -32768 -32768 -32768
38 262 -235 213 -202 -32768 -32768 -32768 -32768
39 229 -234 213 -201 -32768 -32768 -32768 -32768
40 218 -221 232 -222 -32768 -32768 -32768 -32768
41 166 -167 243 -233 -32768 -32768 -32768 -32768
42 122 -130 262 -248 -32768 -32768 -32768 -32768
43 99 -102 288 -279 -32768 -32768 -32768 -32768
44 97 -103 297 -284 -32768 -32768 -32768 -32768
45 115 -116 278 -265 -32768 -32768 -32768 -32768
46 209 -209 198 -189 -32768 -32768 -32768 -32768
47 384 -390 82 -71 -32768 -32768 -32768 -32768
48 391 -395 77 -64 -32768 -32768 -32768 -32768
49 352 -353 168 -157 -32768 -32768 -32768 -32768
50 279 -284 271 -257 -32768 -32768 -32768 -32768
51 303 -308 321 -307 -32768 -32768 -32768 -32768
52 355 -360 350 -340 -32768 -32768 -32768 -32768
