OSINK 7B
1
17.03.21
Osova
0.0 0.0
0.0
0.00 0.00
-1.00 -1.00
0.00 0.00
20000.00
0.0
50
50
N
1
52
1 176 -195 135 -158 -32768 -32768 -32768 -32768
2 176 -195 135 -158 -32768 -32768 -32768 -32768
3 177 -195 135 -158 -32768 -32768 -32768 -32768
4 177 -195 135 -158 -32768 -32768 -32768 -32768
5 180 -195 133 -158 -32768 -32768 -32768 -32768
6 180 -198 133 -158 -32768 -32768 -32768 -32768
7 180 -198 133 -158 -32768 -32768 -32768 -32768
8 177 -203 136 -158 -32768 -32768 -32768 -32768
9 177 -203 136 -158 -32768 -32768 -32768 -32768
10 177 -203 136 -158 -32768 -32768 -32768 -32768
11 185 -200 134 -158 -32768 -32768 -32768 -32768
12 143 -166 209 -230 -32768 -32768 -32768 -32768
13 170 -193 259 -282 -32768 -32768 -32768 -32768
14 167 -188 226 -247 -32768 -32768 -32768 -32768
15 154 -174 192 -214 -32768 -32768 -32768 -32768
16 151 -171 188 -211 -32768 -32768 -32768 -32768
17 151 -173 200 -221 -32768 -32768 -32768 -32768
18 150 -172 206 -227 -32768 -32768 -32768 -32768
19 145 -164 177 -199 -32768 -32768 -32768 -32768
20 141 -160 137 -155 -32768 -32768 -32768 -32768
21 157 -176 132 -152 -32768 -32768 -32768 -32768
22 158 -180 141 -164 -32768 -32768 -32768 -32768
23 178 -200 159 -179 -32768 -32768 -32768 -32768
24 148 -168 158 -179 -32768 -32768 -32768 -32768
25 155 -176 144 -167 -32768 -32768 -32768 -32768
26 144 -163 123 -146 -32768 -32768 -32768 -32768
27 162 -183 118 -138 -32768 -32768 -32768 -32768
28 182 -203 128 -151 -32768 -32768 -32768 -32768
29 224 -247 146 -167 -32768 -32768 -32768 -32768
30 264 -285 163 -183 -32768 -32768 -32768 -32768
31 275 -294 146 -173 -32768 -32768 -32768 -32768
32 247 -278 121 -141 -32768 -32768 -32768 -32768
33 272 -292 132 -152 -32768 -32768 -32768 -32768
34 286 -309 144 -166 -32768 -32768 -32768 -32768
35 312 -333 156 -176 -32768 -32768 -32768 -32768
36 317 -338 170 -191 -32768 -32768 -32768 -32768
37 301 -323 176 -201 -32768 -32768 -32768 -32768
38 252 -274 197 -218 -32768 -32768 -32768 -32768
39 219 -240 199 -220 -32768 -32768 -32768 -32768
40 209 -229 218 -244 -32768 -32768 -32768 -32768
41 153 -172 229 -250 -32768 -32768 -32768 -32768
42 115 -136 246 -267 -32768 -32768 -32768 -32768
43 86 -107 276 -297 -32768 -32768 -32768 -32768
44 89 -110 281 -301 -32768 -32768 -32768 -32768
45 105 -125 262 -283 -32768 -32768 -32768 -32768
46 206 -220 178 -204 -32768 -32768 -32768 -32768
47 383 -399 63 -90 -32768 -32768 -32768 -32768
48 380 -402 67 -85 -32768 -32768 -32768 -32768
49 336 -361 161 -176 -32768 -32768 -32768 -32768
50 268 -293 260 -279 -32768 -32768 -32768 -32768
51 294 -317 307 -327 -32768 -32768 -32768 -32768
52 346 -367 336 -360 -32768 -32768 -32768 -32768
