OSINK 7B
1
27.01.21
Osova
0.0 0.0
0.0
0.00 0.00
-1.00 -1.00
0.00 0.00
20000.00
0.0
50
50
N
1
52
1 128 -140 168 -180 -32768 -32768 -32768 -32768
2 135 -140 171 -180 -32768 -32768 -32768 -32768
3 135 -140 171 -180 -32768 -32768 -32768 -32768
4 135 -140 171 -180 -32768 -32768 -32768 -32768
5 137 -141 172 -186 -32768 -32768 -32768 -32768
6 137 -141 172 -186 -32768 -32768 -32768 -32768
7 137 -141 172 -186 -32768 -32768 -32768 -32768
8 145 -141 169 -186 -32768 -32768 -32768 -32768
9 145 -141 169 -186 -32768 -32768 -32768 -32768
10 127 -141 167 -186 -32768 -32768 -32768 -32768
11 126 -141 177 -186 -32768 -32768 -32768 -32768
12 149 -160 221 -228 -32768 -32768 -32768 -32768
13 177 -189 257 -271 -32768 -32768 -32768 -32768
14 172 -185 225 -238 -32768 -32768 -32768 -32768
15 157 -168 196 -208 -32768 -32768 -32768 -32768
16 153 -166 192 -205 -32768 -32768 -32768 -32768
17 157 -167 204 -216 -32768 -32768 -32768 -32768
18 155 -167 210 -221 -32768 -32768 -32768 -32768
19 148 -161 180 -194 -32768 -32768 -32768 -32768
20 144 -155 140 -151 -32768 -32768 -32768 -32768
21 160 -172 133 -147 -32768 -32768 -32768 -32768
22 163 -175 146 -158 -32768 -32768 -32768 -32768
23 182 -194 162 -174 -32768 -32768 -32768 -32768
24 152 -163 160 -174 -32768 -32768 -32768 -32768
25 160 -171 148 -161 -32768 -32768 -32768 -32768
26 144 -158 128 -140 -32768 -32768 -32768 -32768
27 166 -177 122 -132 -32768 -32768 -32768 -32768
28 184 -198 132 -145 -32768 -32768 -32768 -32768
29 225 -240 150 -161 -32768 -32768 -32768 -32768
30 269 -279 163 -178 -32768 -32768 -32768 -32768
31 275 -287 151 -165 -32768 -32768 -32768 -32768
32 260 -271 125 -136 -32768 -32768 -32768 -32768
33 272 -287 135 -146 -32768 -32768 -32768 -32768
34 290 -304 146 -161 -32768 -32768 -32768 -32768
35 316 -329 164 -172 -32768 -32768 -32768 -32768
36 319 -333 173 -186 -32768 -32768 -32768 -32768
37 306 -318 180 -197 -32768 -32768 -32768 -32768
38 254 -268 202 -212 -32768 -32768 -32768 -32768
39 224 -235 203 -215 -32768 -32768 -32768 -32768
40 211 -224 222 -236 -32768 -32768 -32768 -32768
41 152 -167 233 -245 -32768 -32768 -32768 -32768
42 120 -131 250 -263 -32768 -32768 -32768 -32768
43 90 -102 280 -293 -32768 -32768 -32768 -32768
44 94 -107 286 -296 -32768 -32768 -32768 -32768
45 111 -121 264 -277 -32768 -32768 -32768 -32768
46 210 -220 182 -196 -32768 -32768 -32768 -32768
47 384 -395 68 -84 -32768 -32768 -32768 -32768
48 382 -397 70 -81 -32768 -32768 -32768 -32768
49 343 -351 161 -178 -32768 -32768 -32768 -32768
50 273 -286 264 -272 -32768 -32768 -32768 -32768
51 301 -311 311 -322 -32768 -32768 -32768 -32768
52 350 -361 341 -354 -32768 -32768 -32768 -32768
