OSINK 7B
1
02.07.20
Osova
0.0 0.0
0.0
0.00 0.00
-1.00 -1.00
0.00 0.00
20000.00
0.0
50
50
N
1
52
1 259 -292 141 -156 131 -166 -278 262
2 258 -292 140 -156 132 -159 -278 262
3 258 -292 140 -155 132 -159 -278 262
4 262 -291 140 -156 135 -164 -281 258
5 229 -258 161 -176 154 -185 -242 228
6 196 -225 146 -164 141 -171 -213 192
7 151 -180 -74 -163 144 -173 -175 162
8 97 -127 160 -174 154 -183 -113 95
9 68 -141 68 -184 163 -191 -113 98
10 65 -147 64 -198 176 -204 -133 115
11 59 -170 54 -218 196 -225 -156 140
12 158 -186 182 -231 211 -240 -172 157
13 174 -204 216 -231 214 -242 -184 168
14 172 -201 223 -238 214 -242 -190 173
15 159 -185 196 -210 190 -219 -171 158
16 146 -175 190 -207 184 -212 -162 146
17 145 -174 196 -212 189 -218 -162 146
18 145 -173 207 -222 199 -228 -161 145
19 145 -173 190 -204 183 -212 -160 143
20 130 -157 149 -163 142 -170 -147 129
21 142 -170 132 -147 125 -153 -157 144
22 146 -174 138 -154 134 -162 -162 145
23 151 -180 156 -172 148 -178 -167 152
24 135 -164 158 -172 149 -178 -153 137
25 146 -176 149 -165 138 -166 -162 144
26 130 -159 132 -146 128 -156 -144 130
27 154 -180 119 -132 111 -140 -169 154
28 176 -204 130 -145 122 -151 -191 174
29 213 -241 146 -161 138 -167 -229 213
30 254 -281 165 -180 162 -186 -271 255
31 269 -297 156 -172 152 -180 -282 266
32 254 -282 126 -140 126 -145 -270 256
33 264 -294 134 -148 127 -155 -278 264
34 281 -312 143 -159 135 -164 -297 281
35 307 -335 158 -174 150 -174 -322 308
36 314 -344 174 -190 162 -190 -329 314
37 304 -335 180 -193 170 -201 -322 304
38 253 -283 202 -215 194 -223 -269 254
39 220 -248 203 -218 195 -224 -232 218
40 206 -235 219 -233 213 -242 -220 203
41 156 -187 232 -248 225 -254 -171 155
42 117 -144 249 -261 241 -270 -133 117
43 85 -114 281 -294 274 -304 -101 84
44 86 -114 286 -300 279 -307 -101 85
45 102 -130 270 -283 264 -291 -116 102
46 185 -217 197 -211 189 -217 -203 186
47 371 -402 71 -89 62 -95 -390 372
48 379 -409 64 -79 55 -82 -395 380
49 342 -370 155 -171 147 -178 -355 337
50 266 -298 260 -273 250 -280 -283 268
51 292 -321 312 -325 303 -334 -305 290
52 55 -372 55 -359 332 -363 -359 341
