OSINK 7B
1
03.02.21
Osova
0.0 0.0
0.0
0.00 0.00
-1.00 -1.00
0.00 0.00
20000.00
0.0
50
50
N
1
52
1 147 -145 172 -163 -32768 -32768 -32768 -32768
2 147 -145 172 -163 -32768 -32768 -32768 -32768
3 147 -145 172 -165 -32768 -32768 -32768 -32768
4 147 -145 172 -165 -32768 -32768 -32768 -32768
5 149 -145 172 -165 -32768 -32768 -32768 -32768
6 149 -149 172 -165 -32768 -32768 -32768 -32768
7 148 -149 171 -165 -32768 -32768 -32768 -32768
8 148 -149 171 -165 -32768 -32768 -32768 -32768
9 148 -149 171 -163 -32768 -32768 -32768 -32768
10 143 -149 169 -163 -32768 -32768 -32768 -32768
11 143 -149 169 -163 -32768 -32768 -32768 -32768
12 139 -165 225 -216 -32768 -32768 -32768 -32768
13 169 -195 270 -261 -32768 -32768 -32768 -32768
14 168 -192 240 -228 -32768 -32768 -32768 -32768
15 152 -177 208 -198 -32768 -32768 -32768 -32768
16 148 -175 203 -191 -32768 -32768 -32768 -32768
17 150 -174 214 -203 -32768 -32768 -32768 -32768
18 150 -175 221 -210 -32768 -32768 -32768 -32768
19 144 -170 193 -186 -32768 -32768 -32768 -32768
20 135 -161 152 -142 -32768 -32768 -32768 -32768
21 153 -178 144 -136 -32768 -32768 -32768 -32768
22 156 -168 153 -146 -32768 -32768 -32768 -32768
23 176 -201 173 -163 -32768 -32768 -32768 -32768
24 146 -171 173 -164 -32768 -32768 -32768 -32768
25 153 -180 159 -150 -32768 -32768 -32768 -32768
26 138 -164 141 -132 -32768 -32768 -32768 -32768
27 158 -183 132 -120 -32768 -32768 -32768 -32768
28 177 -203 142 -134 -32768 -32768 -32768 -32768
29 221 -246 160 -148 -32768 -32768 -32768 -32768
30 259 -284 178 -167 -32768 -32768 -32768 -32768
31 269 -295 162 -156 -32768 -32768 -32768 -32768
32 254 -277 135 -125 -32768 -32768 -32768 -32768
33 269 -292 147 -136 -32768 -32768 -32768 -32768
34 284 -308 157 -148 -32768 -32768 -32768 -32768
35 309 -333 170 -159 -32768 -32768 -32768 -32768
36 317 -340 184 -174 -32768 -32768 -32768 -32768
37 302 -330 191 -183 -32768 -32768 -32768 -32768
38 251 -279 212 -201 -32768 -32768 -32768 -32768
39 219 -243 215 -203 -32768 -32768 -32768 -32768
40 209 -232 232 -222 -32768 -32768 -32768 -32768
41 160 -181 243 -231 -32768 -32768 -32768 -32768
42 116 -142 259 -249 -32768 -32768 -32768 -32768
43 85 -111 291 -281 -32768 -32768 -32768 -32768
44 88 -113 295 -287 -32768 -32768 -32768 -32768
45 101 -126 281 -269 -32768 -32768 -32768 -32768
46 192 -215 203 -194 -32768 -32768 -32768 -32768
47 368 -397 86 -75 -32768 -32768 -32768 -32768
48 385 -406 74 -66 -32768 -32768 -32768 -32768
49 332 -369 183 -155 -32768 -32768 -32768 -32768
50 264 -293 273 -254 -32768 -32768 -32768 -32768
51 291 -313 319 -309 -32768 -32768 -32768 -32768
52 341 -365 349 -341 -32768 -32768 -32768 -32768
