OSINK 7B
1
06.01.21
Osova
0.0 0.0
0.0
0.00 0.00
-1.00 -1.00
0.00 0.00
20000.00
0.0
50
50
N
1
52
1 167 -189 177 -181 -32768 -32768 -32768 -32768
2 167 -189 177 -182 -32768 -32768 -32768 -32768
3 167 -189 178 -182 -32768 -32768 -32768 -32768
4 167 -189 178 -182 -32768 -32768 -32768 -32768
5 167 -189 178 -182 -32768 -32768 -32768 -32768
6 168 -190 179 -182 -32768 -32768 -32768 -32768
7 168 -190 179 -182 -32768 -32768 -32768 -32768
8 168 -190 179 -182 -32768 -32768 -32768 -32768
9 168 -190 179 -182 -32768 -32768 -32768 -32768
10 175 -190 181 -182 -32768 -32768 -32768 -32768
11 175 -190 181 -182 -32768 -32768 -32768 -32768
12 150 -170 230 -233 -32768 -32768 -32768 -32768
13 176 -194 257 -259 -32768 -32768 -32768 -32768
14 171 -186 228 -226 -32768 -32768 -32768 -32768
15 153 -171 200 -202 -32768 -32768 -32768 -32768
16 153 -170 197 -200 -32768 -32768 -32768 -32768
17 153 -171 209 -211 -32768 -32768 -32768 -32768
18 153 -171 215 -216 -32768 -32768 -32768 -32768
19 147 -162 189 -188 -32768 -32768 -32768 -32768
20 140 -160 146 -144 -32768 -32768 -32768 -32768
21 158 -175 140 -141 -32768 -32768 -32768 -32768
22 159 -178 152 -153 -32768 -32768 -32768 -32768
23 178 -198 168 -169 -32768 -32768 -32768 -32768
24 147 -166 167 -170 -32768 -32768 -32768 -32768
25 156 -169 155 -154 -32768 -32768 -32768 -32768
26 143 -164 134 -132 -32768 -32768 -32768 -32768
27 161 -174 127 -127 -32768 -32768 -32768 -32768
28 183 -201 137 -143 -32768 -32768 -32768 -32768
29 226 -248 155 -161 -32768 -32768 -32768 -32768
30 265 -288 172 -171 -32768 -32768 -32768 -32768
31 273 -286 157 -156 -32768 -32768 -32768 -32768
32 256 -276 131 -130 -32768 -32768 -32768 -32768
33 273 -291 141 -142 -32768 -32768 -32768 -32768
34 287 -307 154 -158 -32768 -32768 -32768 -32768
35 313 -332 165 -167 -32768 -32768 -32768 -32768
36 314 -335 180 -181 -32768 -32768 -32768 -32768
37 303 -319 188 -194 -32768 -32768 -32768 -32768
38 252 -267 208 -206 -32768 -32768 -32768 -32768
39 220 -238 208 -210 -32768 -32768 -32768 -32768
40 207 -226 227 -232 -32768 -32768 -32768 -32768
41 156 -169 238 -240 -32768 -32768 -32768 -32768
42 118 -134 254 -258 -32768 -32768 -32768 -32768
43 86 -104 286 -287 -32768 -32768 -32768 -32768
44 91 -111 291 -292 -32768 -32768 -32768 -32768
45 98 -125 271 -269 -32768 -32768 -32768 -32768
46 206 -225 189 -187 -32768 -32768 -32768 -32768
47 382 -404 74 -77 -32768 -32768 -32768 -32768
48 382 -400 74 -79 -32768 -32768 -32768 -32768
49 340 -353 168 -174 -32768 -32768 -32768 -32768
50 271 -289 268 -269 -32768 -32768 -32768 -32768
51 295 -317 318 -318 -32768 -32768 -32768 -32768
52 349 -360 345 -350 -32768 -32768 -32768 -32768
