OSINK 7B
1
20.01.21
Osova
0.0 0.0
0.0
0.00 0.00
-1.00 -1.00
0.00 0.00
20000.00
0.0
50
50
N
1
52
1 144 -158 154 -155 -32768 -32768 -32768 -32768
2 144 -158 154 -155 -32768 -32768 -32768 -32768
3 144 -158 154 -155 -32768 -32768 -32768 -32768
4 144 -158 154 -155 -32768 -32768 -32768 -32768
5 145 -158 154 -155 -32768 -32768 -32768 -32768
6 145 -158 154 -155 -32768 -32768 -32768 -32768
7 145 -154 154 -152 -32768 -32768 -32768 -32768
8 145 -154 154 -152 -32768 -32768 -32768 -32768
9 145 -154 154 -152 -32768 -32768 -32768 -32768
10 145 -155 154 -153 -32768 -32768 -32768 -32768
11 146 -155 154 -153 -32768 -32768 -32768 -32768
12 149 -162 228 -224 -32768 -32768 -32768 -32768
13 176 -191 262 -262 -32768 -32768 -32768 -32768
14 173 -187 230 -228 -32768 -32768 -32768 -32768
15 157 -173 201 -202 -32768 -32768 -32768 -32768
16 154 -168 198 -199 -32768 -32768 -32768 -32768
17 156 -168 209 -210 -32768 -32768 -32768 -32768
18 156 -169 214 -215 -32768 -32768 -32768 -32768
19 150 -161 188 -188 -32768 -32768 -32768 -32768
20 142 -157 147 -144 -32768 -32768 -32768 -32768
21 160 -173 140 -140 -32768 -32768 -32768 -32768
22 162 -176 150 -152 -32768 -32768 -32768 -32768
23 182 -195 169 -168 -32768 -32768 -32768 -32768
24 150 -164 167 -167 -32768 -32768 -32768 -32768
25 158 -172 154 -155 -32768 -32768 -32768 -32768
26 145 -158 134 -133 -32768 -32768 -32768 -32768
27 164 -177 127 -126 -32768 -32768 -32768 -32768
28 184 -198 138 -140 -32768 -32768 -32768 -32768
29 227 -243 154 -156 -32768 -32768 -32768 -32768
30 267 -281 172 -172 -32768 -32768 -32768 -32768
31 275 -287 156 -158 -32768 -32768 -32768 -32768
32 260 -272 130 -130 -32768 -32768 -32768 -32768
33 275 -288 140 -141 -32768 -32768 -32768 -32768
34 290 -305 153 -155 -32768 -32768 -32768 -32768
35 316 -329 165 -165 -32768 -32768 -32768 -32768
36 321 -334 179 -179 -32768 -32768 -32768 -32768
37 306 -319 190 -193 -32768 -32768 -32768 -32768
38 256 -270 208 -206 -32768 -32768 -32768 -32768
39 223 -235 209 -209 -32768 -32768 -32768 -32768
40 211 -224 228 -230 -32768 -32768 -32768 -32768
41 157 -168 239 -239 -32768 -32768 -32768 -32768
42 121 -132 251 -256 -32768 -32768 -32768 -32768
43 88 -103 286 -287 -32768 -32768 -32768 -32768
44 94 -107 291 -290 -32768 -32768 -32768 -32768
45 108 -122 272 -270 -32768 -32768 -32768 -32768
46 199 -221 193 -190 -32768 -32768 -32768 -32768
47 382 -397 75 -78 -32768 -32768 -32768 -32768
48 384 -398 73 -75 -32768 -32768 -32768 -32768
49 341 -357 169 -167 -32768 -32768 -32768 -32768
50 273 -290 267 -264 -32768 -32768 -32768 -32768
51 300 -313 319 -316 -32768 -32768 -32768 -32768
52 350 -363 345 -348 -32768 -32768 -32768 -32768
