OSINK 7B
1
24.09.20
Osova
0.0 0.0
0.0
0.00 0.00
-1.00 -1.00
0.00 0.00
20000.00
0.0
50
50
N
1
52
1 262 -276 164 -153 -32768 -32768 -32768 -32768
2 262 -276 164 -153 -32768 -32768 -32768 -32768
3 253 -276 164 -153 -32768 -32768 -32768 -32768
4 257 -275 161 -151 -32768 -32768 -32768 -32768
5 229 -241 171 -165 -32768 -32768 -32768 -32768
6 188 -200 155 -152 -32768 -32768 -32768 -32768
7 144 -156 154 -150 -32768 -32768 -32768 -32768
8 97 -109 162 -159 -32768 -32768 -32768 -32768
9 104 -115 178 -173 -32768 -32768 -32768 -32768
10 124 -136 192 -187 -32768 -32768 -32768 -32768
11 152 -165 211 -206 -32768 -32768 -32768 -32768
12 169 -180 223 -218 -32768 -32768 -32768 -32768
13 184 -196 220 -216 -32768 -32768 -32768 -32768
14 183 -194 229 -224 -32768 -32768 -32768 -32768
15 168 -179 204 -198 -32768 -32768 -32768 -32768
16 157 -168 199 -194 -32768 -32768 -32768 -32768
17 157 -168 206 -201 -32768 -32768 -32768 -32768
18 158 -169 216 -211 -32768 -32768 -32768 -32768
19 157 -169 199 -194 -32768 -32768 -32768 -32768
20 138 -150 156 -151 -32768 -32768 -32768 -32768
21 155 -167 140 -135 -32768 -32768 -32768 -32768
22 156 -167 147 -143 -32768 -32768 -32768 -32768
23 167 -179 166 -161 -32768 -32768 -32768 -32768
24 143 -154 169 -164 -32768 -32768 -32768 -32768
25 156 -170 156 -152 -32768 -32768 -32768 -32768
26 142 -153 142 -136 -32768 -32768 -32768 -32768
27 161 -173 127 -121 -32768 -32768 -32768 -32768
28 180 -193 138 -134 -32768 -32768 -32768 -32768
29 219 -231 153 -148 -32768 -32768 -32768 -32768
30 261 -273 172 -168 -32768 -32768 -32768 -32768
31 277 -289 166 -162 -32768 -32768 -32768 -32768
32 260 -271 133 -129 -32768 -32768 -32768 -32768
33 270 -282 142 -136 -32768 -32768 -32768 -32768
34 287 -300 151 -148 -32768 -32768 -32768 -32768
35 313 -325 166 -161 -32768 -32768 -32768 -32768
36 320 -332 181 -176 -32768 -32768 -32768 -32768
37 310 -324 187 -184 -32768 -32768 -32768 -32768
38 262 -272 210 -204 -32768 -32768 -32768 -32768
39 226 -238 210 -204 -32768 -32768 -32768 -32768
40 212 -225 227 -224 -32768 -32768 -32768 -32768
41 161 -176 240 -236 -32768 -32768 -32768 -32768
42 120 -134 256 -251 -32768 -32768 -32768 -32768
43 89 -103 286 -284 -32768 -32768 -32768 -32768
44 90 -103 292 -288 -32768 -32768 -32768 -32768
45 105 -118 277 -272 -32768 -32768 -32768 -32768
46 194 -202 198 -202 -32768 -32768 -32768 -32768
47 372 -381 78 -82 -32768 -32768 -32768 -32768
48 383 -400 68 -68 -32768 -32768 -32768 -32768
49 340 -367 155 -159 -32768 -32768 -32768 -32768
50 266 -291 262 -264 -32768 -32768 -32768 -32768
51 283 -317 305 -317 -32768 -32768 -32768 -32768
52 341 -370 341 -353 -32768 -32768 -32768 -32768
