OSINK 7B
1
12.11.20
Osova
0.0 0.0
0.0
0.00 0.00
-1.00 -1.00
0.00 0.00
20000.00
0.0
50
50
N
1
52
1 194 -199 186 -185 -32768 -32768 -32768 -32768
2 195 -199 187 -185 -32768 -32768 -32768 -32768
3 195 -199 187 -185 -32768 -32768 -32768 -32768
4 193 -199 189 -184 -32768 -32768 -32768 -32768
5 193 -199 189 -184 -32768 -32768 -32768 -32768
6 193 -199 189 -184 -32768 -32768 -32768 -32768
7 193 -204 189 -186 -32768 -32768 -32768 -32768
8 193 -204 189 -186 -32768 -32768 -32768 -32768
9 192 -204 188 -186 -32768 -32768 -32768 -32768
10 192 -245 188 -189 -32768 -32768 -32768 -32768
11 192 -206 188 -189 -32768 -32768 -32768 -32768
12 169 -188 227 -226 -32768 -32768 -32768 -32768
13 179 -193 236 -237 -32768 -32768 -32768 -32768
14 172 -190 224 -221 -32768 -32768 -32768 -32768
15 158 -174 200 -200 -32768 -32768 -32768 -32768
16 156 -172 197 -197 -32768 -32768 -32768 -32768
17 155 -172 210 -210 -32768 -32768 -32768 -32768
18 154 -171 215 -214 -32768 -32768 -32768 -32768
19 146 -164 185 -186 -32768 -32768 -32768 -32768
20 144 -161 146 -144 -32768 -32768 -32768 -32768
21 158 -176 141 -141 -32768 -32768 -32768 -32768
22 161 -178 153 -152 -32768 -32768 -32768 -32768
23 179 -195 167 -167 -32768 -32768 -32768 -32768
24 148 -165 167 -166 -32768 -32768 -32768 -32768
25 156 -172 154 -154 -32768 -32768 -32768 -32768
26 141 -160 134 -132 -32768 -32768 -32768 -32768
27 164 -182 128 -126 -32768 -32768 -32768 -32768
28 186 -203 139 -139 -32768 -32768 -32768 -32768
29 229 -249 157 -158 -32768 -32768 -32768 -32768
30 266 -285 172 -171 -32768 -32768 -32768 -32768
31 270 -288 155 -156 -32768 -32768 -32768 -32768
32 258 -274 131 -129 -32768 -32768 -32768 -32768
33 274 -289 140 -140 -32768 -32768 -32768 -32768
34 290 -307 153 -154 -32768 -32768 -32768 -32768
35 315 -332 164 -165 -32768 -32768 -32768 -32768
36 319 -334 179 -178 -32768 -32768 -32768 -32768
37 299 -319 192 -193 -32768 -32768 -32768 -32768
38 250 -268 207 -205 -32768 -32768 -32768 -32768
39 221 -238 209 -208 -32768 -32768 -32768 -32768
40 209 -226 228 -229 -32768 -32768 -32768 -32768
41 154 -170 239 -239 -32768 -32768 -32768 -32768
42 117 -136 257 -256 -32768 -32768 -32768 -32768
43 86 -105 287 -288 -32768 -32768 -32768 -32768
44 92 -112 292 -290 -32768 -32768 -32768 -32768
45 102 -124 269 -271 -32768 -32768 -32768 -32768
46 214 -222 183 -190 -32768 -32768 -32768 -32768
47 388 -404 71 -73 -32768 -32768 -32768 -32768
48 379 -399 79 -75 -32768 -32768 -32768 -32768
49 335 -353 175 -177 -32768 -32768 -32768 -32768
50 273 -290 271 -268 -32768 -32768 -32768 -32768
51 305 -318 320 -315 -32768 -32768 -32768 -32768
52 352 -368 348 -347 -32768 -32768 -32768 -32768
