OSINK 7B
1
10.12.20
Osova
0.0 0.0
0.0
0.00 0.00
-1.00 -1.00
0.00 0.00
20000.00
0.0
50
50
N
1
52
1 190 -182 201 -209 -32768 -32768 -32768 -32768
2 186 -186 201 -207 -32768 -32768 -32768 -32768
3 186 -186 204 -207 -32768 -32768 -32768 -32768
4 186 -183 204 -209 -32768 -32768 -32768 -32768
5 180 -182 205 -210 -32768 -32768 -32768 -32768
6 169 -182 204 -210 -32768 -32768 -32768 -32768
7 169 -201 204 -206 -32768 -32768 -32768 -32768
8 171 -201 206 -206 -32768 -32768 -32768 -32768
9 168 -205 206 -207 -32768 -32768 -32768 -32768
10 172 -200 206 -203 -32768 -32768 -32768 -32768
11 188 -176 204 -234 -32768 -32768 -32768 -32768
12 161 -192 232 -248 -32768 -32768 -32768 -32768
13 180 -188 247 -226 -32768 -32768 -32768 -32768
14 175 -170 229 -201 -32768 -32768 -32768 -32768
15 160 -168 202 -199 -32768 -32768 -32768 -32768
16 158 -168 198 -210 -32768 -32768 -32768 -32768
17 157 -168 209 -215 -32768 -32768 -32768 -32768
18 158 -163 215 -190 -32768 -32768 -32768 -32768
19 150 -156 189 -146 -32768 -32768 -32768 -32768
20 144 -172 147 -140 -32768 -32768 -32768 -32768
21 162 -174 141 -152 -32768 -32768 -32768 -32768
22 161 -194 151 -168 -32768 -32768 -32768 -32768
23 182 -164 168 -167 -32768 -32768 -32768 -32768
24 151 -172 168 -155 -32768 -32768 -32768 -32768
25 159 -156 154 -137 -32768 -32768 -32768 -32768
26 144 -176 136 -126 -32768 -32768 -32768 -32768
27 166 -196 127 -139 -32768 -32768 -32768 -32768
28 186 -240 138 -155 -32768 -32768 -32768 -32768
29 230 -279 156 -172 -32768 -32768 -32768 -32768
30 268 -294 173 -162 -32768 -32768 -32768 -32768
31 273 -272 162 -130 -32768 -32768 -32768 -32768
32 261 -288 131 -142 -32768 -32768 -32768 -32768
33 277 -304 141 -156 -32768 -32768 -32768 -32768
34 290 -328 152 -164 -32768 -32768 -32768 -32768
35 315 -333 165 -180 -32768 -32768 -32768 -32768
36 321 -317 180 -193 -32768 -32768 -32768 -32768
37 306 -267 189 -206 -32768 -32768 -32768 -32768
38 254 -267 208 -206 -32768 -32768 -32768 -32768
39 224 -235 209 -209 -32768 -32768 -32768 -32768
40 211 -226 229 -230 -32768 -32768 -32768 -32768
41 157 -171 240 -240 -32768 -32768 -32768 -32768
42 122 -133 256 -256 -32768 -32768 -32768 -32768
43 90 -104 287 -286 -32768 -32768 -32768 -32768
44 94 -106 291 -291 -32768 -32768 -32768 -32768
45 110 -120 272 -272 -32768 -32768 -32768 -32768
46 205 -214 193 -195 -32768 -32768 -32768 -32768
47 386 -393 74 -78 -32768 -32768 -32768 -32768
48 384 -397 76 -74 -32768 -32768 -32768 -32768
49 343 -358 168 -165 -32768 -32768 -32768 -32768
50 275 -287 269 -265 -32768 -32768 -32768 -32768
51 300 -312 316 -316 -32768 -32768 -32768 -32768
52 348 -362 344 -348 -32768 -32768 -32768 -32768
