OSINK 7B
1
31.03.21
Osova
0.0 0.0
0.0
0.00 0.00
-1.00 -1.00
0.00 0.00
20000.00
0.0
50
50
N
1
52
1 190 -144 106 -150 -32768 -32768 -32768 -32768
2 190 -159 106 -123 -32768 -32768 -32768 -32768
3 190 -159 106 -123 -32768 -32768 -32768 -32768
4 187 -159 118 -123 -32768 -32768 -32768 -32768
5 187 -171 118 -165 -32768 -32768 -32768 -32768
6 187 -171 118 -165 -32768 -32768 -32768 -32768
7 187 -165 119 -169 -32768 -32768 -32768 -32768
8 187 -165 119 -169 -32768 -32768 -32768 -32768
9 187 -165 119 -169 -32768 -32768 -32768 -32768
10 187 -167 118 -164 -32768 -32768 -32768 -32768
11 187 -167 118 -164 -32768 -32768 -32768 -32768
12 140 -164 219 -217 -32768 -32768 -32768 -32768
13 171 -193 270 -273 -32768 -32768 -32768 -32768
14 165 -189 236 -239 -32768 -32768 -32768 -32768
15 154 -174 203 -205 -32768 -32768 -32768 -32768
16 150 -173 198 -201 -32768 -32768 -32768 -32768
17 151 -174 210 -211 -32768 -32768 -32768 -32768
18 150 -172 215 -217 -32768 -32768 -32768 -32768
19 143 -165 185 -187 -32768 -32768 -32768 -32768
20 141 -162 146 -145 -32768 -32768 -32768 -32768
21 157 -178 142 -142 -32768 -32768 -32768 -32768
22 159 -182 152 -153 -32768 -32768 -32768 -32768
23 179 -201 169 -169 -32768 -32768 -32768 -32768
24 147 -169 168 -169 -32768 -32768 -32768 -32768
25 154 -177 154 -157 -32768 -32768 -32768 -32768
26 140 -163 135 -135 -32768 -32768 -32768 -32768
27 162 -183 129 -127 -32768 -32768 -32768 -32768
28 181 -203 139 -140 -32768 -32768 -32768 -32768
29 225 -248 157 -157 -32768 -32768 -32768 -32768
30 264 -284 173 -173 -32768 -32768 -32768 -32768
31 272 -295 155 -163 -32768 -32768 -32768 -32768
32 255 -278 131 -132 -32768 -32768 -32768 -32768
33 272 -293 142 -142 -32768 -32768 -32768 -32768
34 287 -308 155 -156 -32768 -32768 -32768 -32768
35 311 -333 167 -166 -32768 -32768 -32768 -32768
36 317 -338 180 -180 -32768 -32768 -32768 -32768
37 302 -324 187 -192 -32768 -32768 -32768 -32768
38 250 -274 208 -207 -32768 -32768 -32768 -32768
39 217 -239 210 -210 -32768 -32768 -32768 -32768
40 207 -230 229 -230 -32768 -32768 -32768 -32768
41 151 -172 240 -241 -32768 -32768 -32768 -32768
42 112 -136 257 -257 -32768 -32768 -32768 -32768
43 85 -108 288 -288 -32768 -32768 -32768 -32768
44 90 -112 293 -292 -32768 -32768 -32768 -32768
45 106 -126 270 -273 -32768 -32768 -32768 -32768
46 212 -227 182 -190 -32768 -32768 -32768 -32768
47 386 -403 72 -78 -32768 -32768 -32768 -32768
48 378 -401 78 -78 -32768 -32768 -32768 -32768
49 337 -361 169 -168 -32768 -32768 -32768 -32768
50 268 -292 272 -271 -32768 -32768 -32768 -32768
51 297 -320 320 -318 -32768 -32768 -32768 -32768
52 348 -368 350 -349 -32768 -32768 -32768 -32768
