OSINK 7B
1
17.02.21
Osova
0.0 0.0
0.0
0.00 0.00
-1.00 -1.00
0.00 0.00
20000.00
0.0
50
50
N
1
52
1 200 -203 195 -188 -32768 -32768 -32768 -32768
2 200 -203 196 -188 -32768 -32768 -32768 -32768
3 200 -203 196 -188 -32768 -32768 -32768 -32768
4 200 -203 196 -188 -32768 -32768 -32768 -32768
5 200 -203 196 -188 -32768 -32768 -32768 -32768
6 200 -203 196 -188 -32768 -32768 -32768 -32768
7 200 -202 196 -188 -32768 -32768 -32768 -32768
8 200 -202 196 -188 -32768 -32768 -32768 -32768
9 200 -202 196 -188 -32768 -32768 -32768 -32768
10 200 -202 196 -188 -32768 -32768 -32768 -32768
11 200 -203 196 -188 -32768 -32768 -32768 -32768
12 154 -160 225 -222 -32768 -32768 -32768 -32768
13 181 -186 268 -266 -32768 -32768 -32768 -32768
14 177 -182 236 -231 -32768 -32768 -32768 -32768
15 163 -166 205 -202 -32768 -32768 -32768 -32768
16 160 -164 200 -197 -32768 -32768 -32768 -32768
17 160 -165 212 -209 -32768 -32768 -32768 -32768
18 161 -164 218 -214 -32768 -32768 -32768 -32768
19 155 -156 191 -185 -32768 -32768 -32768 -32768
20 149 -153 148 -143 -32768 -32768 -32768 -32768
21 165 -168 142 -139 -32768 -32768 -32768 -32768
22 166 -172 152 -151 -32768 -32768 -32768 -32768
23 186 -191 170 -167 -32768 -32768 -32768 -32768
24 157 -160 171 -166 -32768 -32768 -32768 -32768
25 163 -169 156 -154 -32768 -32768 -32768 -32768
26 150 -153 137 -135 -32768 -32768 -32768 -32768
27 169 -174 130 -125 -32768 -32768 -32768 -32768
28 188 -194 141 -138 -32768 -32768 -32768 -32768
29 232 -237 157 -154 -32768 -32768 -32768 -32768
30 272 -274 175 -171 -32768 -32768 -32768 -32768
31 281 -285 161 -159 -32768 -32768 -32768 -32768
32 264 -268 132 -129 -32768 -32768 -32768 -32768
33 279 -283 143 -140 -32768 -32768 -32768 -32768
34 294 -299 155 -152 -32768 -32768 -32768 -32768
35 320 -325 168 -163 -32768 -32768 -32768 -32768
36 325 -331 182 -178 -32768 -32768 -32768 -32768
37 310 -317 189 -187 -32768 -32768 -32768 -32768
38 260 -267 209 -205 -32768 -32768 -32768 -32768
39 228 -232 211 -208 -32768 -32768 -32768 -32768
40 219 -222 229 -227 -32768 -32768 -32768 -32768
41 165 -169 240 -238 -32768 -32768 -32768 -32768
42 125 -130 256 -254 -32768 -32768 -32768 -32768
43 95 -100 287 -285 -32768 -32768 -32768 -32768
44 97 -102 293 -289 -32768 -32768 -32768 -32768
45 113 -116 277 -271 -32768 -32768 -32768 -32768
46 199 -214 202 -190 -32768 -32768 -32768 -32768
47 388 -394 77 -76 -32768 -32768 -32768 -32768
48 389 -394 77 -72 -32768 -32768 -32768 -32768
49 352 -355 163 -161 -32768 -32768 -32768 -32768
50 277 -284 268 -266 -32768 -32768 -32768 -32768
51 303 -308 319 -314 -32768 -32768 -32768 -32768
52 355 -359 350 -346 -32768 -32768 -32768 -32768
