OSINK 7B
1
28.04.21
Osova
0.0 0.0
0.0
0.00 0.00
-1.00 -1.00
0.00 0.00
20000.00
0.0
50
50
N
1
52
1 123 -148 162 -155 -32768 -32768 -32768 -32768
2 123 -147 162 -155 -32768 -32768 -32768 -32768
3 123 -147 162 -155 -32768 -32768 -32768 -32768
4 122 -147 176 -155 -32768 -32768 -32768 -32768
5 122 -147 176 -155 -32768 -32768 -32768 -32768
6 127 -148 177 -155 -32768 -32768 -32768 -32768
7 127 -148 177 -155 -32768 -32768 -32768 -32768
8 127 -148 177 -155 -32768 -32768 -32768 -32768
9 120 -154 171 -154 -32768 -32768 -32768 -32768
10 118 -154 171 -154 -32768 -32768 -32768 -32768
11 120 -154 172 -154 -32768 -32768 -32768 -32768
12 139 -165 228 -213 -32768 -32768 -32768 -32768
13 170 -193 279 -265 -32768 -32768 -32768 -32768
14 164 -189 248 -231 -32768 -32768 -32768 -32768
15 152 -176 212 -195 -32768 -32768 -32768 -32768
16 149 -173 208 -191 -32768 -32768 -32768 -32768
17 150 -173 220 -203 -32768 -32768 -32768 -32768
18 149 -173 225 -207 -32768 -32768 -32768 -32768
19 137 -167 188 -181 -32768 -32768 -32768 -32768
20 137 -162 151 -136 -32768 -32768 -32768 -32768
21 155 -178 149 -133 -32768 -32768 -32768 -32768
22 158 -181 160 -145 -32768 -32768 -32768 -32768
23 178 -202 178 -160 -32768 -32768 -32768 -32768
24 147 -170 176 -160 -32768 -32768 -32768 -32768
25 154 -179 162 -147 -32768 -32768 -32768 -32768
26 139 -164 142 -126 -32768 -32768 -32768 -32768
27 160 -185 137 -119 -32768 -32768 -32768 -32768
28 181 -203 148 -132 -32768 -32768 -32768 -32768
29 224 -246 165 -147 -32768 -32768 -32768 -32768
30 262 -285 182 -164 -32768 -32768 -32768 -32768
31 272 -294 163 -153 -32768 -32768 -32768 -32768
32 255 -278 139 -123 -32768 -32768 -32768 -32768
33 271 -294 151 -133 -32768 -32768 -32768 -32768
34 285 -312 163 -147 -32768 -32768 -32768 -32768
35 312 -335 176 -158 -32768 -32768 -32768 -32768
36 316 -339 190 -172 -32768 -32768 -32768 -32768
37 300 -323 197 -183 -32768 -32768 -32768 -32768
38 250 -276 216 -199 -32768 -32768 -32768 -32768
39 216 -240 219 -201 -32768 -32768 -32768 -32768
40 205 -230 239 -222 -32768 -32768 -32768 -32768
41 151 -174 248 -232 -32768 -32768 -32768 -32768
42 113 -137 265 -249 -32768 -32768 -32768 -32768
43 84 -107 296 -280 -32768 -32768 -32768 -32768
44 88 -113 300 -284 -32768 -32768 -32768 -32768
45 104 -128 281 -262 -32768 -32768 -32768 -32768
46 204 -229 196 -181 -32768 -32768 -32768 -32768
47 380 -410 81 -65 -32768 -32768 -32768 -32768
48 378 -402 85 -70 -32768 -32768 -32768 -32768
49 336 -357 178 -165 -32768 -32768 -32768 -32768
50 267 -292 276 -261 -32768 -32768 -32768 -32768
51 296 -321 328 -308 -32768 -32768 -32768 -32768
52 346 -372 358 -342 -32768 -32768 -32768 -32768
