OSINK 7B
1
08.10.20
Osova
0.0 0.0
0.0
0.00 0.00
-1.00 -1.00
0.00 0.00
20000.00
0.0
50
50
N
1
52
1 261 -270 174 -162 -32768 -32768 -32768 -32768
2 259 -270 173 -162 -32768 -32768 -32768 -32768
3 259 -270 173 -162 -32768 -32768 -32768 -32768
4 263 -271 178 -162 -32768 -32768 -32768 -32768
5 232 -245 174 -170 -32768 -32768 -32768 -32768
6 189 -201 154 -154 -32768 -32768 -32768 -32768
7 141 -156 154 -151 -32768 -32768 -32768 -32768
8 96 -110 162 -159 -32768 -32768 -32768 -32768
9 105 -117 176 -174 -32768 -32768 -32768 -32768
10 123 -140 191 -191 -32768 -32768 -32768 -32768
11 153 -168 208 -208 -32768 -32768 -32768 -32768
12 169 -181 222 -220 -32768 -32768 -32768 -32768
13 184 -198 219 -218 -32768 -32768 -32768 -32768
14 183 -196 228 -226 -32768 -32768 -32768 -32768
15 169 -181 204 -200 -32768 -32768 -32768 -32768
16 157 -170 198 -197 -32768 -32768 -32768 -32768
17 155 -171 206 -204 -32768 -32768 -32768 -32768
18 158 -173 216 -214 -32768 -32768 -32768 -32768
19 157 -171 198 -196 -32768 -32768 -32768 -32768
20 138 -153 155 -152 -32768 -32768 -32768 -32768
21 159 -172 141 -137 -32768 -32768 -32768 -32768
22 159 -172 147 -145 -32768 -32768 -32768 -32768
23 174 -189 166 -166 -32768 -32768 -32768 -32768
24 148 -161 169 -167 -32768 -32768 -32768 -32768
25 158 -175 156 -158 -32768 -32768 -32768 -32768
26 142 -145 140 -132 -32768 -32768 -32768 -32768
27 161 -175 127 -122 -32768 -32768 -32768 -32768
28 180 -196 138 -134 -32768 -32768 -32768 -32768
29 219 -233 153 -150 -32768 -32768 -32768 -32768
30 261 -275 172 -169 -32768 -32768 -32768 -32768
31 276 -291 165 -163 -32768 -32768 -32768 -32768
32 260 -273 132 -130 -32768 -32768 -32768 -32768
33 271 -285 141 -138 -32768 -32768 -32768 -32768
34 288 -301 151 -150 -32768 -32768 -32768 -32768
35 314 -326 166 -163 -32768 -32768 -32768 -32768
36 319 -333 181 -177 -32768 -32768 -32768 -32768
37 309 -323 186 -186 -32768 -32768 -32768 -32768
38 259 -272 208 -205 -32768 -32768 -32768 -32768
39 225 -237 209 -206 -32768 -32768 -32768 -32768
40 213 -226 228 -225 -32768 -32768 -32768 -32768
41 161 -176 239 -237 -32768 -32768 -32768 -32768
42 122 -134 256 -253 -32768 -32768 -32768 -32768
43 89 -104 287 -284 -32768 -32768 -32768 -32768
44 92 -105 292 -289 -32768 -32768 -32768 -32768
45 107 -120 276 -273 -32768 -32768 -32768 -32768
46 195 -207 200 -200 -32768 -32768 -32768 -32768
47 371 -388 83 -81 -32768 -32768 -32768 -32768
48 385 -398 74 -72 -32768 -32768 -32768 -32768
49 343 -358 165 -163 -32768 -32768 -32768 -32768
50 273 -287 268 -265 -32768 -32768 -32768 -32768
51 295 -312 317 -315 -32768 -32768 -32768 -32768
52 350 -363 348 -347 -32768 -32768 -32768 -32768
