OSINK 7B
1
17.12.20
Osova
0.0 0.0
0.0
0.00 0.00
-1.00 -1.00
0.00 0.00
20000.00
0.0
50
50
N
1
52
1 174 -193 208 -201 -32768 -32768 -32768 -32768
2 173 -193 206 -201 -32768 -32768 -32768 -32768
3 173 -193 206 -201 -32768 -32768 -32768 -32768
4 173 -193 206 -201 -32768 -32768 -32768 -32768
5 173 -196 206 -200 -32768 -32768 -32768 -32768
6 172 -196 206 -200 -32768 -32768 -32768 -32768
7 172 -189 206 -206 -32768 -32768 -32768 -32768
8 172 -189 206 -206 -32768 -32768 -32768 -32768
9 172 -201 206 -207 -32768 -32768 -32768 -32768
10 168 -196 206 -207 -32768 -32768 -32768 -32768
11 168 -178 206 -231 -32768 -32768 -32768 -32768
12 150 -199 233 -251 -32768 -32768 -32768 -32768
13 171 -195 251 -227 -32768 -32768 -32768 -32768
14 166 -177 229 -201 -32768 -32768 -32768 -32768
15 150 -176 201 -198 -32768 -32768 -32768 -32768
16 145 -177 196 -208 -32768 -32768 -32768 -32768
17 149 -177 210 -214 -32768 -32768 -32768 -32768
18 148 -171 216 -190 -32768 -32768 -32768 -32768
19 142 -164 189 -145 -32768 -32768 -32768 -32768
20 135 -180 148 -140 -32768 -32768 -32768 -32768
21 152 -183 141 -150 -32768 -32768 -32768 -32768
22 154 -201 153 -167 -32768 -32768 -32768 -32768
23 173 -171 168 -167 -32768 -32768 -32768 -32768
24 143 -180 169 -154 -32768 -32768 -32768 -32768
25 150 -164 155 -135 -32768 -32768 -32768 -32768
26 136 -185 137 -125 -32768 -32768 -32768 -32768
27 156 -205 128 -139 -32768 -32768 -32768 -32768
28 177 -247 139 -153 -32768 -32768 -32768 -32768
29 220 -287 156 -171 -32768 -32768 -32768 -32768
30 258 -295 174 -159 -32768 -32768 -32768 -32768
31 268 -279 159 -129 -32768 -32768 -32768 -32768
32 251 -295 131 -140 -32768 -32768 -32768 -32768
33 268 -311 141 -154 -32768 -32768 -32768 -32768
34 282 -335 154 -165 -32768 -32768 -32768 -32768
35 307 -341 166 -179 -32768 -32768 -32768 -32768
36 313 -327 181 -189 -32768 -32768 -32768 -32768
37 299 -277 188 -205 -32768 -32768 -32768 -32768
38 247 -277 209 -206 -32768 -32768 -32768 -32768
39 213 -245 211 -207 -32768 -32768 -32768 -32768
40 202 -230 228 -231 -32768 -32768 -32768 -32768
41 150 -179 240 -239 -32768 -32768 -32768 -32768
42 112 -143 255 -255 -32768 -32768 -32768 -32768
43 81 -111 287 -286 -32768 -32768 -32768 -32768
44 85 -114 292 -290 -32768 -32768 -32768 -32768
45 100 -129 274 -271 -32768 -32768 -32768 -32768
46 191 -219 197 -196 -32768 -32768 -32768 -32768
47 375 -405 75 -77 -32768 -32768 -32768 -32768
48 375 -408 76 -71 -32768 -32768 -32768 -32768
49 338 -363 163 -166 -32768 -32768 -32768 -32768
50 264 -295 266 -263 -32768 -32768 -32768 -32768
51 289 -320 316 -316 -32768 -32768 -32768 -32768
52 342 -369 347 -346 -32768 -32768 -32768 -32768
