OSINK 7B
1
16.10.20
Osova
0.0 0.0
0.0
0.00 0.00
-1.00 -1.00
0.00 0.00
20000.00
0.0
50
50
N
1
52
1 266 -268 160 -164 -32768 -32768 -32768 -32768
2 266 -268 159 -164 -32768 -32768 -32768 -32768
3 266 -268 159 -164 -32768 -32768 -32768 -32768
4 264 -268 156 -164 -32768 -32768 -32768 -32768
5 239 -237 168 -176 -32768 -32768 -32768 -32768
6 197 -194 148 -158 -32768 -32768 -32768 -32768
7 149 -148 149 -155 -32768 -32768 -32768 -32768
8 106 -103 156 -163 -32768 -32768 -32768 -32768
9 115 -109 171 -176 -32768 -32768 -32768 -32768
10 135 -131 188 -194 -32768 -32768 -32768 -32768
11 164 -159 205 -210 -32768 -32768 -32768 -32768
12 179 -174 216 -223 -32768 -32768 -32768 -32768
13 193 -191 215 -221 -32768 -32768 -32768 -32768
14 193 -188 222 -228 -32768 -32768 -32768 -32768
15 177 -174 198 -206 -32768 -32768 -32768 -32768
16 167 -161 194 -201 -32768 -32768 -32768 -32768
17 165 -162 204 -206 -32768 -32768 -32768 -32768
18 167 -164 218 -217 -32768 -32768 -32768 -32768
19 168 -162 193 -198 -32768 -32768 -32768 -32768
20 149 -146 149 -155 -32768 -32768 -32768 -32768
21 169 -166 136 -143 -32768 -32768 -32768 -32768
22 169 -165 144 -150 -32768 -32768 -32768 -32768
23 186 -183 162 -169 -32768 -32768 -32768 -32768
24 161 -155 164 -170 -32768 -32768 -32768 -32768
25 167 -165 151 -158 -32768 -32768 -32768 -32768
26 152 -149 135 -141 -32768 -32768 -32768 -32768
27 172 -168 123 -128 -32768 -32768 -32768 -32768
28 190 -187 133 -140 -32768 -32768 -32768 -32768
29 230 -227 148 -154 -32768 -32768 -32768 -32768
30 271 -268 168 -174 -32768 -32768 -32768 -32768
31 285 -282 158 -166 -32768 -32768 -32768 -32768
32 268 -265 127 -134 -32768 -32768 -32768 -32768
33 280 -277 136 -142 -32768 -32768 -32768 -32768
34 297 -293 147 -155 -32768 -32768 -32768 -32768
35 323 -319 162 -167 -32768 -32768 -32768 -32768
36 328 -325 176 -181 -32768 -32768 -32768 -32768
37 317 -316 182 -191 -32768 -32768 -32768 -32768
38 266 -264 204 -209 -32768 -32768 -32768 -32768
39 233 -229 204 -211 -32768 -32768 -32768 -32768
40 220 -218 222 -230 -32768 -32768 -32768 -32768
41 169 -166 235 -242 -32768 -32768 -32768 -32768
42 130 -126 251 -259 -32768 -32768 -32768 -32768
43 97 -96 283 -290 -32768 -32768 -32768 -32768
44 100 -98 288 -293 -32768 -32768 -32768 -32768
45 116 -112 272 -276 -32768 -32768 -32768 -32768
46 210 -205 191 -199 -32768 -32768 -32768 -32768
47 388 -384 73 -86 -32768 -32768 -32768 -32768
48 395 -391 69 -76 -32768 -32768 -32768 -32768
49 352 -350 161 -169 -32768 -32768 -32768 -32768
50 282 -281 265 -269 -32768 -32768 -32768 -32768
51 307 -305 312 -319 -32768 -32768 -32768 -32768
52 358 -356 343 -351 -32768 -32768 -32768 -32768
