OSINK 7B
1
26.11.20
Osova
0.0 0.0
0.0
0.00 0.00
-1.00 -1.00
0.00 0.00
20000.00
0.0
50
50
N
1
52
1 187 -220 217 -211 -32768 -32768 -32768 -32768
2 187 -216 216 -212 -32768 -32768 -32768 -32768
3 187 -216 216 -212 -32768 -32768 -32768 -32768
4 187 -217 216 -211 -32768 -32768 -32768 -32768
5 187 -217 216 -211 -32768 -32768 -32768 -32768
6 187 -216 216 -211 -32768 -32768 -32768 -32768
7 187 -215 216 -211 -32768 -32768 -32768 -32768
8 188 -215 217 -211 -32768 -32768 -32768 -32768
9 188 -215 217 -211 -32768 -32768 -32768 -32768
10 188 -217 217 -219 -32768 -32768 -32768 -32768
11 192 -217 215 -219 -32768 -32768 -32768 -32768
12 160 -181 236 -230 -32768 -32768 -32768 -32768
13 174 -200 242 -240 -32768 -32768 -32768 -32768
14 166 -194 226 -220 -32768 -32768 -32768 -32768
15 150 -179 201 -198 -32768 -32768 -32768 -32768
16 148 -177 200 -196 -32768 -32768 -32768 -32768
17 150 -177 213 -208 -32768 -32768 -32768 -32768
18 146 -176 215 -211 -32768 -32768 -32768 -32768
19 140 -169 186 -185 -32768 -32768 -32768 -32768
20 139 -165 147 -142 -32768 -32768 -32768 -32768
21 154 -181 142 -139 -32768 -32768 -32768 -32768
22 156 -183 155 -151 -32768 -32768 -32768 -32768
23 173 -200 170 -165 -32768 -32768 -32768 -32768
24 143 -171 168 -163 -32768 -32768 -32768 -32768
25 150 -178 156 -153 -32768 -32768 -32768 -32768
26 136 -165 134 -130 -32768 -32768 -32768 -32768
27 160 -187 130 -124 -32768 -32768 -32768 -32768
28 181 -211 141 -138 -32768 -32768 -32768 -32768
29 228 -249 161 -154 -32768 -32768 -32768 -32768
30 261 -288 175 -169 -32768 -32768 -32768 -32768
31 267 -292 156 -153 -32768 -32768 -32768 -32768
32 253 -280 133 -127 -32768 -32768 -32768 -32768
33 269 -294 142 -137 -32768 -32768 -32768 -32768
34 284 -313 156 -153 -32768 -32768 -32768 -32768
35 310 -337 168 -163 -32768 -32768 -32768 -32768
36 313 -339 182 -177 -32768 -32768 -32768 -32768
37 294 -325 194 -191 -32768 -32768 -32768 -32768
38 244 -272 209 -203 -32768 -32768 -32768 -32768
39 215 -242 211 -207 -32768 -32768 -32768 -32768
40 203 -231 232 -228 -32768 -32768 -32768 -32768
41 148 -176 241 -237 -32768 -32768 -32768 -32768
42 109 -139 259 -255 -32768 -32768 -32768 -32768
43 78 -111 292 -283 -32768 -32768 -32768 -32768
44 89 -117 294 -288 -32768 -32768 -32768 -32768
45 110 -131 270 -268 -32768 -32768 -32768 -32768
46 212 -237 182 -181 -32768 -32768 -32768 -32768
47 387 -410 71 -70 -32768 -32768 -32768 -32768
48 371 -401 87 -77 -32768 -32768 -32768 -32768
49 329 -357 177 -170 -32768 -32768 -32768 -32768
50 267 -294 276 -268 -32768 -32768 -32768 -32768
51 295 -323 320 -315 -32768 -32768 -32768 -32768
52 348 -374 351 -346 -32768 -32768 -32768 -32768
