OSINK 7B
1
19.11.20
Osova
0.0 0.0
0.0
0.00 0.00
-1.00 -1.00
0.00 0.00
20000.00
0.0
50
50
N
1
52
1 192 -206 204 -200 -32768 -32768 -32768 -32768
2 192 -206 204 -200 -32768 -32768 -32768 -32768
3 192 -206 204 -200 -32768 -32768 -32768 -32768
4 192 -206 204 -200 -32768 -32768 -32768 -32768
5 194 -206 205 -201 -32768 -32768 -32768 -32768
6 194 -206 205 -201 -32768 -32768 -32768 -32768
7 194 -206 205 -201 -32768 -32768 -32768 -32768
8 193 -207 205 -201 -32768 -32768 -32768 -32768
9 193 -205 205 -203 -32768 -32768 -32768 -32768
10 195 -205 204 -203 -32768 -32768 -32768 -32768
11 195 -217 204 -197 -32768 -32768 -32768 -32768
12 173 -186 237 -223 -32768 -32768 -32768 -32768
13 180 -194 246 -233 -32768 -32768 -32768 -32768
14 172 -188 232 -214 -32768 -32768 -32768 -32768
15 159 -172 208 -194 -32768 -32768 -32768 -32768
16 156 -171 205 -191 -32768 -32768 -32768 -32768
17 156 -172 217 -203 -32768 -32768 -32768 -32768
18 155 -169 221 -207 -32768 -32768 -32768 -32768
19 147 -161 193 -177 -32768 -32768 -32768 -32768
20 145 -158 153 -138 -32768 -32768 -32768 -32768
21 161 -174 147 -133 -32768 -32768 -32768 -32768
22 162 -176 160 -146 -32768 -32768 -32768 -32768
23 181 -194 175 -160 -32768 -32768 -32768 -32768
24 149 -164 173 -159 -32768 -32768 -32768 -32768
25 157 -172 161 -148 -32768 -32768 -32768 -32768
26 142 -158 140 -126 -32768 -32768 -32768 -32768
27 166 -179 135 -119 -32768 -32768 -32768 -32768
28 187 -200 146 -132 -32768 -32768 -32768 -32768
29 229 -246 164 -150 -32768 -32768 -32768 -32768
30 267 -280 179 -165 -32768 -32768 -32768 -32768
31 274 -288 163 -150 -32768 -32768 -32768 -32768
32 259 -273 137 -122 -32768 -32768 -32768 -32768
33 279 -289 148 -132 -32768 -32768 -32768 -32768
34 292 -306 162 -147 -32768 -32768 -32768 -32768
35 316 -330 174 -158 -32768 -32768 -32768 -32768
36 320 -333 186 -172 -32768 -32768 -32768 -32768
37 301 -315 198 -188 -32768 -32768 -32768 -32768
38 251 -266 214 -198 -32768 -32768 -32768 -32768
39 222 -235 216 -201 -32768 -32768 -32768 -32768
40 210 -223 236 -224 -32768 -32768 -32768 -32768
41 153 -166 247 -232 -32768 -32768 -32768 -32768
42 116 -131 265 -251 -32768 -32768 -32768 -32768
43 87 -103 296 -282 -32768 -32768 -32768 -32768
44 95 -111 300 -285 -32768 -32768 -32768 -32768
45 111 -125 277 -261 -32768 -32768 -32768 -32768
46 213 -226 191 -178 -32768 -32768 -32768 -32768
47 390 -400 77 -65 -32768 -32768 -32768 -32768
48 378 -396 87 -71 -32768 -32768 -32768 -32768
49 332 -350 187 -168 -32768 -32768 -32768 -32768
50 272 -289 279 -262 -32768 -32768 -32768 -32768
51 306 -316 329 -310 -32768 -32768 -32768 -32768
52 351 -368 355 -341 -32768 -32768 -32768 -32768
