OSINK 7B
1
01.10.20
Osova
0.0 0.0
0.0
0.00 0.00
-1.00 -1.00
0.00 0.00
20000.00
0.0
50
50
N
1
52
1 258 -263 171 -169 -32768 -32768 -32768 -32768
2 258 -264 171 -169 -32768 -32768 -32768 -32768
3 258 -264 171 -169 -32768 -32768 -32768 -32768
4 259 -264 174 -169 -32768 -32768 -32768 -32768
5 235 -238 172 -172 -32768 -32768 -32768 -32768
6 193 -198 152 -156 -32768 -32768 -32768 -32768
7 146 -150 153 -152 -32768 -32768 -32768 -32768
8 101 -106 161 -160 -32768 -32768 -32768 -32768
9 107 -111 176 -174 -32768 -32768 -32768 -32768
10 129 -133 190 -191 -32768 -32768 -32768 -32768
11 157 -162 208 -209 -32768 -32768 -32768 -32768
12 174 -176 221 -220 -32768 -32768 -32768 -32768
13 188 -192 219 -218 -32768 -32768 -32768 -32768
14 187 -191 227 -226 -32768 -32768 -32768 -32768
15 172 -174 202 -201 -32768 -32768 -32768 -32768
16 161 -164 197 -198 -32768 -32768 -32768 -32768
17 161 -165 204 -204 -32768 -32768 -32768 -32768
18 162 -166 214 -215 -32768 -32768 -32768 -32768
19 161 -164 195 -196 -32768 -32768 -32768 -32768
20 143 -148 153 -153 -32768 -32768 -32768 -32768
21 162 -165 139 -139 -32768 -32768 -32768 -32768
22 163 -166 146 -148 -32768 -32768 -32768 -32768
23 176 -180 165 -165 -32768 -32768 -32768 -32768
24 151 -154 167 -167 -32768 -32768 -32768 -32768
25 163 -168 154 -155 -32768 -32768 -32768 -32768
26 147 -151 139 -138 -32768 -32768 -32768 -32768
27 168 -170 126 -125 -32768 -32768 -32768 -32768
28 185 -190 137 -139 -32768 -32768 -32768 -32768
29 226 -230 152 -152 -32768 -32768 -32768 -32768
30 268 -271 170 -171 -32768 -32768 -32768 -32768
31 281 -285 163 -163 -32768 -32768 -32768 -32768
32 265 -267 131 -131 -32768 -32768 -32768 -32768
33 275 -279 141 -140 -32768 -32768 -32768 -32768
34 292 -297 151 -152 -32768 -32768 -32768 -32768
35 318 -322 164 -164 -32768 -32768 -32768 -32768
36 324 -328 179 -179 -32768 -32768 -32768 -32768
37 313 -318 186 -187 -32768 -32768 -32768 -32768
38 263 -267 207 -206 -32768 -32768 -32768 -32768
39 229 -233 209 -208 -32768 -32768 -32768 -32768
40 217 -221 227 -227 -32768 -32768 -32768 -32768
41 165 -170 239 -239 -32768 -32768 -32768 -32768
42 126 -130 255 -255 -32768 -32768 -32768 -32768
43 94 -98 286 -286 -32768 -32768 -32768 -32768
44 96 -101 292 -290 -32768 -32768 -32768 -32768
45 112 -115 275 -274 -32768 -32768 -32768 -32768
46 202 -206 198 -198 -32768 -32768 -32768 -32768
47 381 -386 79 -81 -32768 -32768 -32768 -32768
48 390 -395 73 -73 -32768 -32768 -32768 -32768
49 350 -354 163 -166 -32768 -32768 -32768 -32768
50 278 -283 268 -266 -32768 -32768 -32768 -32768
51 301 -308 318 -317 -32768 -32768 -32768 -32768
52 354 -358 348 -348 -32768 -32768 -32768 -32768
