OSINK 7B
1
22.10.20
Osova
0.0 0.0
0.0
0.00 0.00
-1.00 -1.00
0.00 0.00
20000.00
0.0
50
50
N
1
52
1 260 -277 156 -157 -32768 -32768 -32768 -32768
2 260 -277 156 -158 -32768 -32768 -32768 -32768
3 260 -277 156 -158 -32768 -32768 -32768 -32768
4 260 -277 156 -158 -32768 -32768 -32768 -32768
5 230 -247 171 -170 -32768 -32768 -32768 -32768
6 190 -205 152 -155 -32768 -32768 -32768 -32768
7 140 -156 153 -151 -32768 -32768 -32768 -32768
8 97 -114 160 -159 -32768 -32768 -32768 -32768
9 105 -122 175 -174 -32768 -32768 -32768 -32768
10 126 -141 191 -191 -32768 -32768 -32768 -32768
11 156 -172 208 -208 -32768 -32768 -32768 -32768
12 172 -185 220 -219 -32768 -32768 -32768 -32768
13 185 -201 218 -218 -32768 -32768 -32768 -32768
14 183 -199 226 -226 -32768 -32768 -32768 -32768
15 167 -183 201 -200 -32768 -32768 -32768 -32768
16 156 -173 197 -198 -32768 -32768 -32768 -32768
17 158 -173 203 -203 -32768 -32768 -32768 -32768
18 158 -174 215 -214 -32768 -32768 -32768 -32768
19 157 -172 194 -196 -32768 -32768 -32768 -32768
20 141 -155 153 -152 -32768 -32768 -32768 -32768
21 160 -176 139 -139 -32768 -32768 -32768 -32768
22 159 -176 146 -148 -32768 -32768 -32768 -32768
23 179 -194 165 -165 -32768 -32768 -32768 -32768
24 153 -168 166 -167 -32768 -32768 -32768 -32768
25 158 -176 154 -155 -32768 -32768 -32768 -32768
26 142 -158 138 -138 -32768 -32768 -32768 -32768
27 162 -176 125 -124 -32768 -32768 -32768 -32768
28 181 -195 136 -137 -32768 -32768 -32768 -32768
29 221 -234 152 -151 -32768 -32768 -32768 -32768
30 262 -277 170 -171 -32768 -32768 -32768 -32768
31 275 -292 162 -164 -32768 -32768 -32768 -32768
32 259 -274 130 -131 -32768 -32768 -32768 -32768
33 269 -286 140 -139 -32768 -32768 -32768 -32768
34 286 -302 151 -151 -32768 -32768 -32768 -32768
35 314 -328 165 -164 -32768 -32768 -32768 -32768
36 318 -335 179 -179 -32768 -32768 -32768 -32768
37 307 -324 186 -187 -32768 -32768 -32768 -32768
38 257 -273 207 -205 -32768 -32768 -32768 -32768
39 223 -239 208 -208 -32768 -32768 -32768 -32768
40 210 -227 227 -227 -32768 -32768 -32768 -32768
41 158 -176 239 -239 -32768 -32768 -32768 -32768
42 119 -136 255 -254 -32768 -32768 -32768 -32768
43 88 -105 285 -285 -32768 -32768 -32768 -32768
44 91 -106 291 -290 -32768 -32768 -32768 -32768
45 107 -121 273 -274 -32768 -32768 -32768 -32768
46 202 -214 193 -196 -32768 -32768 -32768 -32768
47 379 -393 76 -80 -32768 -32768 -32768 -32768
48 382 -400 74 -73 -32768 -32768 -32768 -32768
49 340 -358 167 -166 -32768 -32768 -32768 -32768
50 272 -288 270 -266 -32768 -32768 -32768 -32768
51 299 -315 317 -316 -32768 -32768 -32768 -32768
52 349 -364 347 -348 -32768 -32768 -32768 -32768
