OSINK 7B
1
10.09.20
Osova
0.0 0.0
0.0
0.00 0.00
-1.00 -1.00
0.00 0.00
20000.00
0.0
50
50
N
1
52
1 251 -277 150 -163 -32768 -32768 -32768 -32768
2 251 -277 150 -163 -32768 -32768 -32768 -32768
3 256 -277 150 -163 -32768 -32768 -32768 -32768
4 252 -272 151 -163 -32768 -32768 -32768 -32768
5 226 -247 166 -177 -32768 -32768 -32768 -32768
6 188 -206 147 -160 -32768 -32768 -32768 -32768
7 142 -162 146 -158 -32768 -32768 -32768 -32768
8 94 -114 156 -166 -32768 -32768 -32768 -32768
9 99 -120 171 -180 -32768 -32768 -32768 -32768
10 121 -139 184 -195 -32768 -32768 -32768 -32768
11 149 -167 203 -214 -32768 -32768 -32768 -32768
12 166 -182 215 -227 -32768 -32768 -32768 -32768
13 181 -199 213 -224 -32768 -32768 -32768 -32768
14 179 -198 221 -232 -32768 -32768 -32768 -32768
15 164 -182 197 -206 -32768 -32768 -32768 -32768
16 152 -171 191 -203 -32768 -32768 -32768 -32768
17 153 -171 199 -209 -32768 -32768 -32768 -32768
18 153 -173 209 -220 -32768 -32768 -32768 -32768
19 152 -170 191 -202 -32768 -32768 -32768 -32768
20 135 -153 148 -158 -32768 -32768 -32768 -32768
21 150 -168 133 -144 -32768 -32768 -32768 -32768
22 152 -170 140 -152 -32768 -32768 -32768 -32768
23 162 -181 158 -170 -32768 -32768 -32768 -32768
24 138 -156 161 -171 -32768 -32768 -32768 -32768
25 153 -173 149 -160 -32768 -32768 -32768 -32768
26 138 -156 133 -145 -32768 -32768 -32768 -32768
27 160 -176 120 -129 -32768 -32768 -32768 -32768
28 178 -195 131 -142 -32768 -32768 -32768 -32768
29 216 -236 145 -156 -32768 -32768 -32768 -32768
30 260 -277 165 -176 -32768 -32768 -32768 -32768
31 273 -291 157 -169 -32768 -32768 -32768 -32768
32 257 -275 125 -136 -32768 -32768 -32768 -32768
33 267 -285 134 -145 -32768 -32768 -32768 -32768
34 284 -302 144 -155 -32768 -32768 -32768 -32768
35 311 -328 159 -170 -32768 -32768 -32768 -32768
36 316 -335 173 -183 -32768 -32768 -32768 -32768
37 305 -325 180 -191 -32768 -32768 -32768 -32768
38 256 -276 202 -211 -32768 -32768 -32768 -32768
39 222 -240 203 -212 -32768 -32768 -32768 -32768
40 209 -229 220 -231 -32768 -32768 -32768 -32768
41 158 -178 233 -244 -32768 -32768 -32768 -32768
42 119 -138 249 -259 -32768 -32768 -32768 -32768
43 92 -106 280 -291 -32768 -32768 -32768 -32768
44 90 -107 287 -296 -32768 -32768 -32768 -32768
45 106 -123 269 -280 -32768 -32768 -32768 -32768
46 198 -212 189 -203 -32768 -32768 -32768 -32768
47 376 -390 71 -86 -32768 -32768 -32768 -32768
48 387 -401 72 -77 -32768 -32768 -32768 -32768
49 344 -361 153 -169 -32768 -32768 -32768 -32768
50 269 -290 271 -270 -32768 -32768 -32768 -32768
51 296 -314 315 -321 -32768 -32768 -32768 -32768
52 347 -366 341 -353 -32768 -32768 -32768 -32768
