OSINK 7B
1
17.09.20
Osova
0.0 0.0
0.0
0.00 0.00
-1.00 -1.00
0.00 0.00
20000.00
0.0
50
50
N
1
52
1 246 -274 160 -145 -32768 -32768 -32768 -32768
2 246 -274 160 -145 -32768 -32768 -32768 -32768
3 246 -274 160 -145 -32768 -32768 -32768 -32768
4 244 -275 160 -146 -32768 -32768 -32768 -32768
5 223 -246 172 -167 -32768 -32768 -32768 -32768
6 184 -206 155 -152 -32768 -32768 -32768 -32768
7 139 -162 155 -150 -32768 -32768 -32768 -32768
8 90 -115 164 -159 -32768 -32768 -32768 -32768
9 100 -121 180 -173 -32768 -32768 -32768 -32768
10 119 -141 194 -189 -32768 -32768 -32768 -32768
11 146 -169 212 -208 -32768 -32768 -32768 -32768
12 161 -186 225 -219 -32768 -32768 -32768 -32768
13 178 -201 222 -217 -32768 -32768 -32768 -32768
14 177 -199 230 -224 -32768 -32768 -32768 -32768
15 162 -184 206 -198 -32768 -32768 -32768 -32768
16 151 -173 200 -195 -32768 -32768 -32768 -32768
17 151 -173 207 -202 -32768 -32768 -32768 -32768
18 151 -174 218 -212 -32768 -32768 -32768 -32768
19 151 -172 200 -194 -32768 -32768 -32768 -32768
20 133 -156 156 -152 -32768 -32768 -32768 -32768
21 148 -170 143 -135 -32768 -32768 -32768 -32768
22 150 -172 149 -144 -32768 -32768 -32768 -32768
23 160 -182 167 -162 -32768 -32768 -32768 -32768
24 137 -158 169 -164 -32768 -32768 -32768 -32768
25 151 -174 157 -153 -32768 -32768 -32768 -32768
26 135 -158 141 -137 -32768 -32768 -32768 -32768
27 156 -177 129 -122 -32768 -32768 -32768 -32768
28 175 -198 140 -135 -32768 -32768 -32768 -32768
29 213 -238 154 -149 -32768 -32768 -32768 -32768
30 255 -279 174 -169 -32768 -32768 -32768 -32768
31 273 -293 168 -161 -32768 -32768 -32768 -32768
32 254 -276 134 -127 -32768 -32768 -32768 -32768
33 266 -288 143 -137 -32768 -32768 -32768 -32768
34 282 -304 153 -148 -32768 -32768 -32768 -32768
35 311 -331 168 -162 -32768 -32768 -32768 -32768
36 315 -336 182 -176 -32768 -32768 -32768 -32768
37 305 -328 188 -184 -32768 -32768 -32768 -32768
38 254 -277 211 -203 -32768 -32768 -32768 -32768
39 220 -242 212 -204 -32768 -32768 -32768 -32768
40 208 -231 228 -223 -32768 -32768 -32768 -32768
41 157 -179 242 -237 -32768 -32768 -32768 -32768
42 117 -139 257 -252 -32768 -32768 -32768 -32768
43 86 -107 288 -284 -32768 -32768 -32768 -32768
44 87 -110 294 -288 -32768 -32768 -32768 -32768
45 102 -125 279 -272 -32768 -32768 -32768 -32768
46 189 -211 203 -197 -32768 -32768 -32768 -32768
47 369 -392 82 -78 -32768 -32768 -32768 -32768
48 379 -405 80 -70 -32768 -32768 -32768 -32768
49 340 -363 167 -161 -32768 -32768 -32768 -32768
50 268 -291 270 -263 -32768 -32768 -32768 -32768
51 292 -317 320 -313 -32768 -32768 -32768 -32768
52 345 -368 349 -345 -32768 -32768 -32768 -32768
