OSINK 7B
1
12.01.21
Osova
0.0 0.0
0.0
0.00 0.00
-1.00 -1.00
0.00 0.00
20000.00
0.0
50
50
N
1
52
1 138 -151 160 -166 -32768 -32768 -32768 -32768
2 138 -151 160 -166 -32768 -32768 -32768 -32768
3 138 -151 160 -166 -32768 -32768 -32768 -32768
4 138 -151 159 -166 -32768 -32768 -32768 -32768
5 138 -151 159 -166 -32768 -32768 -32768 -32768
6 138 -151 159 -166 -32768 -32768 -32768 -32768
7 138 -151 160 -166 -32768 -32768 -32768 -32768
8 138 -152 160 -163 -32768 -32768 -32768 -32768
9 138 -152 160 -163 -32768 -32768 -32768 -32768
10 139 -152 160 -166 -32768 -32768 -32768 -32768
11 139 -152 160 -166 -32768 -32768 -32768 -32768
12 150 -166 227 -234 -32768 -32768 -32768 -32768
13 178 -191 257 -264 -32768 -32768 -32768 -32768
14 172 -181 227 -231 -32768 -32768 -32768 -32768
15 157 -172 199 -204 -32768 -32768 -32768 -32768
16 155 -168 197 -203 -32768 -32768 -32768 -32768
17 154 -169 208 -213 -32768 -32768 -32768 -32768
18 155 -168 213 -219 -32768 -32768 -32768 -32768
19 148 -161 185 -193 -32768 -32768 -32768 -32768
20 144 -154 145 -149 -32768 -32768 -32768 -32768
21 160 -173 139 -143 -32768 -32768 -32768 -32768
22 162 -176 151 -155 -32768 -32768 -32768 -32768
23 181 -194 166 -171 -32768 -32768 -32768 -32768
24 150 -165 165 -171 -32768 -32768 -32768 -32768
25 158 -174 151 -158 -32768 -32768 -32768 -32768
26 144 -157 133 -138 -32768 -32768 -32768 -32768
27 166 -178 125 -129 -32768 -32768 -32768 -32768
28 186 -198 135 -142 -32768 -32768 -32768 -32768
29 229 -240 154 -158 -32768 -32768 -32768 -32768
30 267 -279 171 -175 -32768 -32768 -32768 -32768
31 275 -287 153 -164 -32768 -32768 -32768 -32768
32 259 -272 130 -133 -32768 -32768 -32768 -32768
33 276 -288 139 -143 -32768 -32768 -32768 -32768
34 290 -304 152 -158 -32768 -32768 -32768 -32768
35 316 -329 164 -169 -32768 -32768 -32768 -32768
36 319 -334 178 -183 -32768 -32768 -32768 -32768
37 305 -320 187 -192 -32768 -32768 -32768 -32768
38 256 -269 206 -208 -32768 -32768 -32768 -32768
39 222 -236 208 -211 -32768 -32768 -32768 -32768
40 211 -225 226 -232 -32768 -32768 -32768 -32768
41 154 -170 238 -242 -32768 -32768 -32768 -32768
42 118 -133 253 -259 -32768 -32768 -32768 -32768
43 86 -104 286 -289 -32768 -32768 -32768 -32768
44 94 -106 290 -293 -32768 -32768 -32768 -32768
45 110 -122 267 -275 -32768 -32768 -32768 -32768
46 208 -219 186 -194 -32768 -32768 -32768 -32768
47 391 -399 68 -80 -32768 -32768 -32768 -32768
48 383 -397 81 -79 -32768 -32768 -32768 -32768
49 326 -351 160 -175 -32768 -32768 -32768 -32768
50 272 -287 264 -269 -32768 -32768 -32768 -32768
51 299 -313 316 -321 -32768 -32768 -32768 -32768
52 352 -364 347 -352 -32768 -32768 -32768 -32768
