OSINK 7B
1
14.04.21
Osova
0.0 0.0
0.0
0.00 0.00
-1.00 -1.00
0.00 0.00
20000.00
0.0
50
50
N
1
52
1 150 -148 147 -157 -32768 -32768 -32768 -32768
2 150 -148 147 -157 -32768 -32768 -32768 -32768
3 150 -148 151 -157 -32768 -32768 -32768 -32768
4 150 -148 151 -157 -32768 -32768 -32768 -32768
5 150 -148 151 -157 -32768 -32768 -32768 -32768
6 148 -146 149 -157 -32768 -32768 -32768 -32768
7 148 -146 151 -157 -32768 -32768 -32768 -32768
8 148 -146 151 -157 -32768 -32768 -32768 -32768
9 148 -146 151 -157 -32768 -32768 -32768 -32768
10 147 -144 153 -157 -32768 -32768 -32768 -32768
11 132 -144 164 -157 -32768 -32768 -32768 -32768
12 141 -163 223 -216 -32768 -32768 -32768 -32768
13 173 -192 274 -268 -32768 -32768 -32768 -32768
14 168 -186 243 -232 -32768 -32768 -32768 -32768
15 155 -173 207 -199 -32768 -32768 -32768 -32768
16 152 -171 202 -195 -32768 -32768 -32768 -32768
17 152 -172 215 -206 -32768 -32768 -32768 -32768
18 153 -171 219 -212 -32768 -32768 -32768 -32768
19 144 -164 189 -183 -32768 -32768 -32768 -32768
20 141 -162 150 -140 -32768 -32768 -32768 -32768
21 155 -177 142 -137 -32768 -32768 -32768 -32768
22 157 -180 157 -149 -32768 -32768 -32768 -32768
23 180 -200 173 -165 -32768 -32768 -32768 -32768
24 148 -168 170 -163 -32768 -32768 -32768 -32768
25 156 -177 158 -151 -32768 -32768 -32768 -32768
26 143 -162 139 -131 -32768 -32768 -32768 -32768
27 164 -182 132 -122 -32768 -32768 -32768 -32768
28 183 -203 142 -133 -32768 -32768 -32768 -32768
29 225 -246 159 -154 -32768 -32768 -32768 -32768
30 266 -284 177 -168 -32768 -32768 -32768 -32768
31 272 -293 157 -158 -32768 -32768 -32768 -32768
32 257 -276 135 -126 -32768 -32768 -32768 -32768
33 273 -291 145 -137 -32768 -32768 -32768 -32768
34 289 -308 159 -151 -32768 -32768 -32768 -32768
35 314 -334 171 -162 -32768 -32768 -32768 -32768
36 318 -338 184 -176 -32768 -32768 -32768 -32768
37 303 -321 191 -188 -32768 -32768 -32768 -32768
38 251 -272 211 -202 -32768 -32768 -32768 -32768
39 218 -238 214 -205 -32768 -32768 -32768 -32768
40 206 -228 234 -226 -32768 -32768 -32768 -32768
41 151 -172 245 -236 -32768 -32768 -32768 -32768
42 112 -136 262 -252 -32768 -32768 -32768 -32768
43 86 -107 290 -282 -32768 -32768 -32768 -32768
44 90 -111 294 -287 -32768 -32768 -32768 -32768
45 105 -126 276 -266 -32768 -32768 -32768 -32768
46 203 -222 194 -185 -32768 -32768 -32768 -32768
47 380 -409 79 -74 -32768 -32768 -32768 -32768
48 381 -398 80 -73 -32768 -32768 -32768 -32768
49 336 -352 175 -175 -32768 -32768 -32768 -32768
50 271 -292 270 -260 -32768 -32768 -32768 -32768
51 294 -319 320 -313 -32768 -32768 -32768 -32768
52 342 -367 343 -344 -32768 -32768 -32768 -32768
