OSINK 7B
1
12.05.21
Osova
0.0 0.0
0.0
0.00 0.00
-1.00 -1.00
0.00 0.00
20000.00
0.0
50
50
N
1
52
1 122 -140 150 -146 -32768 -32768 -32768 -32768
2 122 -139 150 -148 -32768 -32768 -32768 -32768
3 121 -139 157 -148 -32768 -32768 -32768 -32768
4 121 -139 157 -148 -32768 -32768 -32768 -32768
5 104 -141 164 -150 -32768 -32768 -32768 -32768
6 104 -141 164 -150 -32768 -32768 -32768 -32768
7 104 -141 164 -150 -32768 -32768 -32768 -32768
8 108 -139 167 -146 -32768 -32768 -32768 -32768
9 108 -139 167 -146 -32768 -32768 -32768 -32768
10 109 -135 168 -148 -32768 -32768 -32768 -32768
11 109 -139 168 -153 -32768 -32768 -32768 -32768
12 142 -166 234 -214 -32768 -32768 -32768 -32768
13 170 -194 281 -264 -32768 -32768 -32768 -32768
14 164 -188 249 -229 -32768 -32768 -32768 -32768
15 153 -175 213 -194 -32768 -32768 -32768 -32768
16 149 -174 209 -190 -32768 -32768 -32768 -32768
17 150 -174 222 -201 -32768 -32768 -32768 -32768
18 150 -173 225 -206 -32768 -32768 -32768 -32768
19 141 -165 192 -175 -32768 -32768 -32768 -32768
20 141 -163 154 -135 -32768 -32768 -32768 -32768
21 154 -180 151 -131 -32768 -32768 -32768 -32768
22 157 -182 164 -144 -32768 -32768 -32768 -32768
23 177 -201 179 -159 -32768 -32768 -32768 -32768
24 144 -169 178 -158 -32768 -32768 -32768 -32768
25 154 -177 164 -146 -32768 -32768 -32768 -32768
26 140 -165 144 -124 -32768 -32768 -32768 -32768
27 161 -185 139 -117 -32768 -32768 -32768 -32768
28 181 -205 150 -131 -32768 -32768 -32768 -32768
29 224 -249 167 -147 -32768 -32768 -32768 -32768
30 263 -286 184 -163 -32768 -32768 -32768 -32768
31 270 -293 163 -149 -32768 -32768 -32768 -32768
32 254 -278 142 -121 -32768 -32768 -32768 -32768
33 273 -295 153 -132 -32768 -32768 -32768 -32768
34 287 -302 166 -140 -32768 -32768 -32768 -32768
35 312 -339 177 -161 -32768 -32768 -32768 -32768
36 316 -334 191 -171 -32768 -32768 -32768 -32768
37 300 -322 198 -184 -32768 -32768 -32768 -32768
38 247 -272 217 -197 -32768 -32768 -32768 -32768
39 217 -240 221 -200 -32768 -32768 -32768 -32768
40 204 -228 241 -222 -32768 -32768 -32768 -32768
41 150 -173 251 -231 -32768 -32768 -32768 -32768
42 111 -137 268 -248 -32768 -32768 -32768 -32768
43 81 -107 299 -279 -32768 -32768 -32768 -32768
44 88 -109 302 -283 -32768 -32768 -32768 -32768
45 105 -129 281 -259 -32768 -32768 -32768 -32768
46 213 -232 191 -177 -32768 -32768 -32768 -32768
47 384 -411 82 -63 -32768 -32768 -32768 -32768
48 376 -417 91 -71 -32768 -32768 -32768 -32768
49 332 -355 185 -166 -32768 -32768 -32768 -32768
50 267 -292 283 -261 -32768 -32768 -32768 -32768
51 297 -322 331 -308 -32768 -32768 -32768 -32768
52 345 -373 360 -341 -32768 -32768 -32768 -32768
