OSINK 7B
1
05.11.20
Osova
0.0 0.0
0.0
0.00 0.00
-1.00 -1.00
0.00 0.00
20000.00
0.0
50
50
N
1
52
1 160 -172 218 -207 -32768 -32768 -32768 -32768
2 155 -172 211 -207 -32768 -32768 -32768 -32768
3 155 -172 211 -207 -32768 -32768 -32768 -32768
4 155 -174 211 -208 -32768 -32768 -32768 -32768
5 158 -174 210 -208 -32768 -32768 -32768 -32768
6 158 -174 210 -208 -32768 -32768 -32768 -32768
7 157 -170 208 -206 -32768 -32768 -32768 -32768
8 155 -170 208 -206 -32768 -32768 -32768 -32768
9 155 -170 208 -206 -32768 -32768 -32768 -32768
10 166 -170 191 -206 -32768 -32768 -32768 -32768
11 166 -173 191 -208 -32768 -32768 -32768 -32768
12 168 -179 228 -222 -32768 -32768 -32768 -32768
13 181 -192 236 -233 -32768 -32768 -32768 -32768
14 175 -186 225 -218 -32768 -32768 -32768 -32768
15 160 -170 203 -198 -32768 -32768 -32768 -32768
16 158 -169 201 -196 -32768 -32768 -32768 -32768
17 157 -170 213 -208 -32768 -32768 -32768 -32768
18 157 -167 218 -213 -32768 -32768 -32768 -32768
19 150 -160 189 -185 -32768 -32768 -32768 -32768
20 146 -156 149 -142 -32768 -32768 -32768 -32768
21 162 -171 143 -138 -32768 -32768 -32768 -32768
22 162 -174 156 -150 -32768 -32768 -32768 -32768
23 181 -191 170 -165 -32768 -32768 -32768 -32768
24 150 -161 169 -164 -32768 -32768 -32768 -32768
25 158 -169 157 -153 -32768 -32768 -32768 -32768
26 145 -156 136 -131 -32768 -32768 -32768 -32768
27 168 -176 130 -124 -32768 -32768 -32768 -32768
28 188 -199 141 -137 -32768 -32768 -32768 -32768
29 233 -243 161 -154 -32768 -32768 -32768 -32768
30 271 -282 175 -171 -32768 -32768 -32768 -32768
31 275 -283 158 -153 -32768 -32768 -32768 -32768
32 261 -273 134 -121 -32768 -32768 -32768 -32768
33 277 -288 143 -139 -32768 -32768 -32768 -32768
34 295 -309 158 -158 -32768 -32768 -32768 -32768
35 317 -329 169 -164 -32768 -32768 -32768 -32768
36 322 -333 183 -177 -32768 -32768 -32768 -32768
37 304 -317 193 -191 -32768 -32768 -32768 -32768
38 253 -265 211 -204 -32768 -32768 -32768 -32768
39 223 -234 212 -208 -32768 -32768 -32768 -32768
40 210 -222 232 -228 -32768 -32768 -32768 -32768
41 153 -167 243 -237 -32768 -32768 -32768 -32768
42 117 -131 261 -254 -32768 -32768 -32768 -32768
43 88 -100 291 -285 -32768 -32768 -32768 -32768
44 95 -105 294 -288 -32768 -32768 -32768 -32768
45 114 -121 271 -269 -32768 -32768 -32768 -32768
46 216 -224 187 -184 -32768 -32768 -32768 -32768
47 390 -398 76 -74 -32768 -32768 -32768 -32768
48 382 -394 81 -76 -32768 -32768 -32768 -32768
49 340 -349 176 -172 -32768 -32768 -32768 -32768
50 274 -285 275 -266 -32768 -32768 -32768 -32768
51 304 -315 323 -316 -32768 -32768 -32768 -32768
52 351 -364 351 -346 -32768 -32768 -32768 -32768
