OSINK 5B
1
21.10.20
Osova
0.0 0.0
0.0
0.00 0.00
-1.00 -1.00
0.00 0.00
20000.00
0.0
50
50
N
1
52
1 467 -476 -40 43 -32768 -32768 -32768 -32768
2 467 -475 -40 43 -32768 -32768 -32768 -32768
3 467 -475 -40 43 -32768 -32768 -32768 -32768
4 413 -421 -60 65 -32768 -32768 -32768 -32768
5 308 -314 28 -19 -32768 -32768 -32768 -32768
6 207 -213 119 -116 -32768 -32768 -32768 -32768
7 167 -172 127 -123 -32768 -32768 -32768 -32768
8 159 -165 72 -68 -32768 -32768 -32768 -32768
9 180 -186 38 -36 -32768 -32768 -32768 -32768
10 186 -192 23 -16 -32768 -32768 -32768 -32768
11 155 -159 31 -25 -32768 -32768 -32768 -32768
12 131 -136 35 -31 -32768 -32768 -32768 -32768
13 113 -120 51 -46 -32768 -32768 -32768 -32768
14 80 -86 66 -62 -32768 -32768 -32768 -32768
15 66 -72 45 -41 -32768 -32768 -32768 -32768
16 73 -77 21 -16 -32768 -32768 -32768 -32768
17 56 -61 0 4 -32768 -32768 -32768 -32768
18 49 -54 1 2 -32768 -32768 -32768 -32768
19 22 -27 9 -4 -32768 -32768 -32768 -32768
20 -12 7 -3 8 -32768 -32768 -32768 -32768
21 18 -24 -22 25 -32768 -32768 -32768 -32768
22 55 -62 -11 17 -32768 -32768 -32768 -32768
23 118 -124 -68 73 -32768 -32768 -32768 -32768
24 100 -104 -115 119 -32768 -32768 -32768 -32768
25 -5 0 -32 35 -32768 -32768 -32768 -32768
26 -12 7 -39 44 -32768 -32768 -32768 -32768
27 38 -44 -48 51 -32768 -32768 -32768 -32768
28 81 -87 -86 92 -32768 -32768 -32768 -32768
29 116 -120 -94 98 -32768 -32768 -32768 -32768
30 150 -154 -110 115 -32768 -32768 -32768 -32768
31 164 -170 -127 132 -32768 -32768 -32768 -32768
32 166 -171 -135 141 -32768 -32768 -32768 -32768
33 227 -233 -136 138 -32768 -32768 -32768 -32768
34 265 -269 -131 138 -32768 -32768 -32768 -32768
35 290 -296 -109 114 -32768 -32768 -32768 -32768
36 260 -265 -110 113 -32768 -32768 -32768 -32768
37 269 -274 -10 17 -32768 -32768 -32768 -32768
38 273 -277 78 -73 -32768 -32768 -32768 -32768
39 235 -239 78 -73 -32768 -32768 -32768 -32768
40 221 -225 25 -18 -32768 -32768 -32768 -32768
41 177 -180 5 -2 -32768 -32768 -32768 -32768
42 142 -146 41 -38 -32768 -32768 -32768 -32768
43 79 -82 62 -57 -32768 -32768 -32768 -32768
44 41 -48 82 -82 -32768 -32768 -32768 -32768
45 95 -103 157 -153 -32768 -32768 -32768 -32768
46 69 -71 110 -99 -32768 -32768 -32768 -32768
47 82 -88 62 -58 -32768 -32768 -32768 -32768
48 109 -114 70 -66 -32768 -32768 -32768 -32768
49 156 -162 44 -40 -32768 -32768 -32768 -32768
50 169 -176 37 -32 -32768 -32768 -32768 -32768
51 164 -170 70 -63 -32768 -32768 -32768 -32768
52 215 -219 64 -60 -32768 -32768 -32768 -32768
