OSINK 5B
1
27.01.21
Osova
0.0 0.0
0.0
0.00 0.00
-1.00 -1.00
0.00 0.00
20000.00
0.0
50
50
N
1
52
1 402 -423 -70 68 -32768 -32768 -32768 -32768
2 402 -423 -70 68 -32768 -32768 -32768 -32768
3 402 -422 -70 68 -32768 -32768 -32768 -32768
4 364 -393 -38 51 -32768 -32768 -32768 -32768
5 253 -279 76 -65 -32768 -32768 -32768 -32768
6 173 -196 134 -129 -32768 -32768 -32768 -32768
7 156 -179 111 -106 -32768 -32768 -32768 -32768
8 143 -165 57 -52 -32768 -32768 -32768 -32768
9 182 -206 33 -28 -32768 -32768 -32768 -32768
10 162 -187 25 -16 -32768 -32768 -32768 -32768
11 135 -159 31 -27 -32768 -32768 -32768 -32768
12 116 -139 39 -35 -32768 -32768 -32768 -32768
13 99 -123 58 -51 -32768 -32768 -32768 -32768
14 66 -88 68 -63 -32768 -32768 -32768 -32768
15 64 -88 37 -31 -32768 -32768 -32768 -32768
16 67 -88 18 -10 -32768 -32768 -32768 -32768
17 54 -77 -2 8 -32768 -32768 -32768 -32768
18 48 -70 4 0 -32768 -32768 -32768 -32768
19 13 -35 8 -2 -32768 -32768 -32768 -32768
20 -9 -12 -7 13 -32768 -32768 -32768 -32768
21 38 -63 -21 27 -32768 -32768 -32768 -32768
22 70 -91 -10 18 -32768 -32768 -32768 -32768
23 132 -159 -77 89 -32768 -32768 -32768 -32768
24 92 -114 -107 110 -32768 -32768 -32768 -32768
25 -3 -20 -21 27 -32768 -32768 -32768 -32768
26 -8 -13 -36 42 -32768 -32768 -32768 -32768
27 51 -72 -53 52 -32768 -32768 -32768 -32768
28 88 -111 -86 94 -32768 -32768 -32768 -32768
29 124 -150 -92 97 -32768 -32768 -32768 -32768
30 157 -178 -112 116 -32768 -32768 -32768 -32768
31 170 -192 -130 135 -32768 -32768 -32768 -32768
32 171 -193 -133 140 -32768 -32768 -32768 -32768
33 239 -259 -137 138 -32768 -32768 -32768 -32768
34 268 -290 -130 139 -32768 -32768 -32768 -32768
35 292 -315 -107 114 -32768 -32768 -32768 -32768
36 260 -283 -108 110 -32768 -32768 -32768 -32768
37 270 -294 0 2 -32768 -32768 -32768 -32768
38 268 -293 87 -81 -32768 -32768 -32768 -32768
39 231 -254 77 -73 -32768 -32768 -32768 -32768
40 217 -240 22 -17 -32768 -32768 -32768 -32768
41 170 -193 7 -4 -32768 -32768 -32768 -32768
42 136 -160 45 -40 -32768 -32768 -32768 -32768
43 67 -90 61 -55 -32768 -32768 -32768 -32768
44 36 -60 78 -78 -32768 -32768 -32768 -32768
45 92 -117 158 -154 -32768 -32768 -32768 -32768
46 62 -83 107 -94 -32768 -32768 -32768 -32768
47 77 -101 61 -58 -32768 -32768 -32768 -32768
48 102 -125 70 -65 -32768 -32768 -32768 -32768
49 149 -174 45 -38 -32768 -32768 -32768 -32768
50 162 -186 37 -33 -32768 -32768 -32768 -32768
51 159 -183 69 -63 -32768 -32768 -32768 -32768
52 208 -233 64 -60 -32768 -32768 -32768 -32768
