OSINK 5B
1
02.12.20
Osova
0.0 0.0
0.0
0.00 0.00
-1.00 -1.00
0.00 0.00
20000.00
0.0
50
50
N
1
52
1 454 -467 -48 52 -32768 -32768 -32768 -32768
2 454 -467 -48 52 -32768 -32768 -32768 -32768
3 454 -467 -48 52 -32768 -32768 -32768 -32768
4 375 -386 -42 51 -32768 -32768 -32768 -32768
5 255 -272 74 -61 -32768 -32768 -32768 -32768
6 179 -191 132 -127 -32768 -32768 -32768 -32768
7 160 -172 114 -109 -32768 -32768 -32768 -32768
8 149 -161 58 -52 -32768 -32768 -32768 -32768
9 188 -199 34 -28 -32768 -32768 -32768 -32768
10 168 -178 27 -17 -32768 -32768 -32768 -32768
11 145 -155 32 -26 -32768 -32768 -32768 -32768
12 122 -133 38 -33 -32768 -32768 -32768 -32768
13 105 -118 56 -49 -32768 -32768 -32768 -32768
14 72 -79 68 -63 -32768 -32768 -32768 -32768
15 67 -77 31 -30 -32768 -32768 -32768 -32768
16 68 -79 17 -9 -32768 -32768 -32768 -32768
17 52 -64 -1 7 -32768 -32768 -32768 -32768
18 46 -58 3 1 -32768 -32768 -32768 -32768
19 13 -26 9 -4 -32768 -32768 -32768 -32768
20 -14 2 -7 13 -32768 -32768 -32768 -32768
21 35 -45 -21 28 -32768 -32768 -32768 -32768
22 66 -75 -11 19 -32768 -32768 -32768 -32768
23 126 -138 -80 85 -32768 -32768 -32768 -32768
24 89 -100 -110 114 -32768 -32768 -32768 -32768
25 -9 0 -26 31 -32768 -32768 -32768 -32768
26 -12 0 -38 44 -32768 -32768 -32768 -32768
27 46 -55 -51 55 -32768 -32768 -32768 -32768
28 82 -94 -88 95 -32768 -32768 -32768 -32768
29 121 -133 -95 100 -32768 -32768 -32768 -32768
30 150 -161 -113 117 -32768 -32768 -32768 -32768
31 161 -174 -125 136 -32768 -32768 -32768 -32768
32 165 -174 -133 141 -32768 -32768 -32768 -32768
33 229 -239 -137 139 -32768 -32768 -32768 -32768
34 263 -272 -130 139 -32768 -32768 -32768 -32768
35 289 -301 -109 116 -32768 -32768 -32768 -32768
36 259 -268 -108 113 -32768 -32768 -32768 -32768
37 267 -280 -8 9 -32768 -32768 -32768 -32768
38 269 -281 82 -75 -32768 -32768 -32768 -32768
39 232 -243 77 -72 -32768 -32768 -32768 -32768
40 218 -230 20 -15 -32768 -32768 -32768 -32768
41 173 -183 7 -2 -32768 -32768 -32768 -32768
42 139 -149 42 -38 -32768 -32768 -32768 -32768
43 72 -86 60 -55 -32768 -32768 -32768 -32768
44 40 -52 82 -78 -32768 -32768 -32768 -32768
45 96 -107 158 -152 -32768 -32768 -32768 -32768
46 62 -73 91 -98 -32768 -32768 -32768 -32768
47 82 -94 62 -57 -32768 -32768 -32768 -32768
48 109 -117 69 -62 -32768 -32768 -32768 -32768
49 154 -164 43 -50 -32768 -32768 -32768 -32768
50 166 -178 37 -31 -32768 -32768 -32768 -32768
51 164 -174 68 -62 -32768 -32768 -32768 -32768
52 215 -224 64 -59 -32768 -32768 -32768 -32768
