OSINK 5B
1
25.11.20
Osova
0.0 0.0
0.0
0.00 0.00
-1.00 -1.00
0.00 0.00
20000.00
0.0
50
50
N
1
52
1 459 -464 -42 48 -32768 -32768 -32768 -32768
2 459 -464 -42 48 -32768 -32768 -32768 -32768
3 459 -464 -42 48 -32768 -32768 -32768 -32768
4 374 -359 -39 30 -32768 -32768 -32768 -32768
5 258 -266 74 -64 -32768 -32768 -32768 -32768
6 184 -188 131 -126 -32768 -32768 -32768 -32768
7 164 -168 114 -108 -32768 -32768 -32768 -32768
8 153 -156 55 -51 -32768 -32768 -32768 -32768
9 195 -197 33 -27 -32768 -32768 -32768 -32768
10 169 -173 26 -18 -32768 -32768 -32768 -32768
11 145 -149 31 -25 -32768 -32768 -32768 -32768
12 127 -129 37 -31 -32768 -32768 -32768 -32768
13 109 -112 56 -48 -32768 -32768 -32768 -32768
14 72 -70 68 -60 -32768 -32768 -32768 -32768
15 74 -75 37 -25 -32768 -32768 -32768 -32768
16 72 -77 18 -6 -32768 -32768 -32768 -32768
17 57 -58 -2 8 -32768 -32768 -32768 -32768
18 51 -55 3 1 -32768 -32768 -32768 -32768
19 16 -22 10 -3 -32768 -32768 -32768 -32768
20 -11 5 -8 12 -32768 -32768 -32768 -32768
21 33 -38 -20 27 -32768 -32768 -32768 -32768
22 68 -71 -11 18 -32768 -32768 -32768 -32768
23 130 -135 -82 89 -32768 -32768 -32768 -32768
24 84 -99 -104 115 -32768 -32768 -32768 -32768
25 -9 4 -21 31 -32768 -32768 -32768 -32768
26 -1 6 -37 44 -32768 -32768 -32768 -32768
27 42 -51 -53 54 -32768 -32768 -32768 -32768
28 84 -89 -91 95 -32768 -32768 -32768 -32768
29 124 -131 -96 100 -32768 -32768 -32768 -32768
30 153 -156 -114 118 -32768 -32768 -32768 -32768
31 167 -169 -129 136 -32768 -32768 -32768 -32768
32 169 -172 -134 140 -32768 -32768 -32768 -32768
33 234 -243 -138 139 -32768 -32768 -32768 -32768
34 268 -270 -131 139 -32768 -32768 -32768 -32768
35 290 -294 -109 116 -32768 -32768 -32768 -32768
36 262 -265 -108 111 -32768 -32768 -32768 -32768
37 271 -275 -7 12 -32768 -32768 -32768 -32768
38 273 -278 81 -75 -32768 -32768 -32768 -32768
39 235 -240 77 -73 -32768 -32768 -32768 -32768
40 221 -223 22 -14 -32768 -32768 -32768 -32768
41 175 -177 5 -4 -32768 -32768 -32768 -32768
42 142 -141 42 -41 -32768 -32768 -32768 -32768
43 77 -75 60 -56 -32768 -32768 -32768 -32768
44 45 -46 85 -78 -32768 -32768 -32768 -32768
45 100 -104 158 -153 -32768 -32768 -32768 -32768
46 69 -72 103 -95 -32768 -32768 -32768 -32768
47 87 -87 60 -57 -32768 -32768 -32768 -32768
48 110 -113 69 -65 -32768 -32768 -32768 -32768
49 157 -164 44 -37 -32768 -32768 -32768 -32768
50 170 -178 36 -32 -32768 -32768 -32768 -32768
51 167 -170 68 -63 -32768 -32768 -32768 -32768
52 221 -227 66 -60 -32768 -32768 -32768 -32768
