OSINK 5B
1
27.10.20
Osova
0.0 0.0
0.0
0.00 0.00
-1.00 -1.00
0.00 0.00
20000.00
0.0
50
50
N
1
52
1 466 -473 -41 45 -32768 -32768 -32768 -32768
2 466 -473 -41 45 -32768 -32768 -32768 -32768
3 470 -473 -37 45 -32768 -32768 -32768 -32768
4 414 -420 -61 64 -32768 -32768 -32768 -32768
5 309 -318 24 -15 -32768 -32768 -32768 -32768
6 205 -215 120 -114 -32768 -32768 -32768 -32768
7 166 -173 130 -123 -32768 -32768 -32768 -32768
8 158 -165 74 -67 -32768 -32768 -32768 -32768
9 176 -183 40 -38 -32768 -32768 -32768 -32768
10 185 -192 24 -17 -32768 -32768 -32768 -32768
11 155 -160 32 -25 -32768 -32768 -32768 -32768
12 130 -136 35 -31 -32768 -32768 -32768 -32768
13 114 -122 51 -46 -32768 -32768 -32768 -32768
14 82 -88 66 -62 -32768 -32768 -32768 -32768
15 65 -71 46 -41 -32768 -32768 -32768 -32768
16 72 -79 22 -17 -32768 -32768 -32768 -32768
17 55 -62 1 3 -32768 -32768 -32768 -32768
18 49 -56 2 1 -32768 -32768 -32768 -32768
19 23 -31 9 -5 -32768 -32768 -32768 -32768
20 -13 4 -2 7 -32768 -32768 -32768 -32768
21 17 -25 -21 25 -32768 -32768 -32768 -32768
22 54 -62 -11 17 -32768 -32768 -32768 -32768
23 118 -123 -69 69 -32768 -32768 -32768 -32768
24 99 -109 -115 120 -32768 -32768 -32768 -32768
25 -5 -2 -33 36 -32768 -32768 -32768 -32768
26 -13 6 -38 42 -32768 -32768 -32768 -32768
27 37 -42 -48 49 -32768 -32768 -32768 -32768
28 79 -87 -86 90 -32768 -32768 -32768 -32768
29 114 -119 -93 98 -32768 -32768 -32768 -32768
30 148 -156 -109 114 -32768 -32768 -32768 -32768
31 164 -170 -127 131 -32768 -32768 -32768 -32768
32 165 -171 -135 141 -32768 -32768 -32768 -32768
33 225 -232 -136 137 -32768 -32768 -32768 -32768
34 263 -270 -131 137 -32768 -32768 -32768 -32768
35 289 -297 -109 115 -32768 -32768 -32768 -32768
36 259 -266 -112 111 -32768 -32768 -32768 -32768
37 268 -275 -10 15 -32768 -32768 -32768 -32768
38 270 -279 80 -74 -32768 -32768 -32768 -32768
39 234 -240 78 -74 -32768 -32768 -32768 -32768
40 219 -226 24 -19 -32768 -32768 -32768 -32768
41 175 -181 7 -2 -32768 -32768 -32768 -32768
42 140 -148 41 -37 -32768 -32768 -32768 -32768
43 75 -83 62 -56 -32768 -32768 -32768 -32768
44 41 -49 85 -81 -32768 -32768 -32768 -32768
45 96 -105 157 -153 -32768 -32768 -32768 -32768
46 66 -73 108 -100 -32768 -32768 -32768 -32768
47 82 -88 62 -57 -32768 -32768 -32768 -32768
48 108 -115 70 -67 -32768 -32768 -32768 -32768
49 152 -162 46 -39 -32768 -32768 -32768 -32768
50 168 -177 37 -32 -32768 -32768 -32768 -32768
51 163 -170 69 -63 -32768 -32768 -32768 -32768
52 211 -220 64 -60 -32768 -32768 -32768 -32768
