OSINK 5B
1
23.09.20
Osova
0.0 0.0
0.0
0.00 0.00
-1.00 -1.00
0.00 0.00
20000.00
0.0
50
50
N
1
52
1 473 -487 -35 43 -32768 -32768 -32768 -32768
2 473 -487 -35 43 -32768 -32768 -32768 -32768
3 475 -487 -36 43 -32768 -32768 -32768 -32768
4 419 -435 -57 62 -32768 -32768 -32768 -32768
5 319 -334 21 -14 -32768 -32768 -32768 -32768
6 214 -230 119 -115 -32768 -32768 -32768 -32768
7 173 -189 129 -121 -32768 -32768 -32768 -32768
8 161 -180 74 -69 -32768 -32768 -32768 -32768
9 180 -197 42 -37 -32768 -32768 -32768 -32768
10 190 -206 24 -17 -32768 -32768 -32768 -32768
11 155 -171 31 -23 -32768 -32768 -32768 -32768
12 130 -144 36 -31 -32768 -32768 -32768 -32768
13 110 -126 51 -44 -32768 -32768 -32768 -32768
14 76 -91 66 -61 -32768 -32768 -32768 -32768
15 56 -72 45 -40 -32768 -32768 -32768 -32768
16 62 -78 20 -13 -32768 -32768 -32768 -32768
17 43 -59 0 5 -32768 -32768 -32768 -32768
18 34 -51 0 3 -32768 -32768 -32768 -32768
19 10 -27 9 -3 -32768 -32768 -32768 -32768
20 -22 6 -3 8 -32768 -32768 -32768 -32768
21 5 -20 -21 26 -32768 -32768 -32768 -32768
22 43 -60 -11 19 -32768 -32768 -32768 -32768
23 104 -121 -65 71 -32768 -32768 -32768 -32768
24 87 -102 -115 120 -32768 -32768 -32768 -32768
25 -16 0 -35 40 -32768 -32768 -32768 -32768
26 -22 5 -41 45 -32768 -32768 -32768 -32768
27 31 -47 -49 52 -32768 -32768 -32768 -32768
28 71 -89 -86 93 -32768 -32768 -32768 -32768
29 105 -121 -94 100 -32768 -32768 -32768 -32768
30 139 -155 -111 116 -32768 -32768 -32768 -32768
31 155 -172 -127 133 -32768 -32768 -32768 -32768
32 158 -174 -135 142 -32768 -32768 -32768 -32768
33 219 -236 -136 139 -32768 -32768 -32768 -32768
34 257 -272 -131 139 -32768 -32768 -32768 -32768
35 283 -298 -110 116 -32768 -32768 -32768 -32768
36 253 -270 -111 113 -32768 -32768 -32768 -32768
37 262 -277 -13 19 -32768 -32768 -32768 -32768
38 265 -282 77 -70 -32768 -32768 -32768 -32768
39 228 -245 77 -72 -32768 -32768 -32768 -32768
40 212 -230 25 -19 -32768 -32768 -32768 -32768
41 170 -187 6 0 -32768 -32768 -32768 -32768
42 137 -152 38 -34 -32768 -32768 -32768 -32768
43 73 -88 63 -57 -32768 -32768 -32768 -32768
44 38 -54 88 -81 -32768 -32768 -32768 -32768
45 91 -107 158 -150 -32768 -32768 -32768 -32768
46 62 -79 110 -103 -32768 -32768 -32768 -32768
47 75 -91 62 -57 -32768 -32768 -32768 -32768
48 103 -120 71 -65 -32768 -32768 -32768 -32768
49 147 -166 47 -39 -32768 -32768 -32768 -32768
50 165 -181 35 -31 -32768 -32768 -32768 -32768
51 160 -176 71 -63 -32768 -32768 -32768 -32768
52 207 -225 65 -59 -32768 -32768 -32768 -32768
