OSINK 5B
1
29.06.21
Osova
0.0 0.0
0.0
0.00 0.00
-1.00 -1.00
0.00 0.00
20000.00
0.0
50
50
N
1
52
1 398 -424 -66 60 -32768 -32768 -32768 -32768
2 398 -424 -66 58 -32768 -32768 -32768 -32768
3 398 -424 -66 58 -32768 -32768 -32768 -32768
4 362 -382 -38 39 -32768 -32768 -32768 -32768
5 250 -278 69 -59 -32768 -32768 -32768 -32768
6 167 -195 136 -132 -32768 -32768 -32768 -32768
7 153 -178 107 -110 -32768 -32768 -32768 -32768
8 140 -164 58 -53 -32768 -32768 -32768 -32768
9 179 -204 31 -29 -32768 -32768 -32768 -32768
10 157 -178 24 -17 -32768 -32768 -32768 -32768
11 130 -155 30 -28 -32768 -32768 -32768 -32768
12 114 -138 39 -39 -32768 -32768 -32768 -32768
13 98 -127 58 -55 -32768 -32768 -32768 -32768
14 66 -91 66 -62 -32768 -32768 -32768 -32768
15 73 -93 33 -34 -32768 -32768 -32768 -32768
16 70 -94 20 -11 -32768 -32768 -32768 -32768
17 65 -89 -4 7 -32768 -32768 -32768 -32768
18 59 -81 3 0 -32768 -32768 -32768 -32768
19 19 -42 7 -4 -32768 -32768 -32768 -32768
20 0 -25 -11 13 -32768 -32768 -32768 -32768
21 53 -80 -24 26 -32768 -32768 -32768 -32768
22 83 -104 -11 16 -32768 -32768 -32768 -32768
23 147 -169 -91 88 -32768 -32768 -32768 -32768
24 91 -110 -103 101 -32768 -32768 -32768 -32768
25 0 -23 -17 21 -32768 -32768 -32768 -32768
26 -6 -15 -43 35 -32768 -32768 -32768 -32768
27 53 -77 -57 55 -32768 -32768 -32768 -32768
28 90 -115 -88 94 -32768 -32768 -32768 -32768
29 129 -152 -92 96 -32768 -32768 -32768 -32768
30 162 -186 -114 118 -32768 -32768 -32768 -32768
31 174 -199 -132 135 -32768 -32768 -32768 -32768
32 174 -199 -133 137 -32768 -32768 -32768 -32768
33 243 -268 -137 137 -32768 -32768 -32768 -32768
34 274 -297 -130 135 -32768 -32768 -32768 -32768
35 294 -316 -107 111 -32768 -32768 -32768 -32768
36 263 -285 -105 109 -32768 -32768 -32768 -32768
37 274 -303 3 2 -32768 -32768 -32768 -32768
38 271 -306 91 -86 -32768 -32768 -32768 -32768
39 231 -256 78 -79 -32768 -32768 -32768 -32768
40 219 -242 22 -16 -32768 -32768 -32768 -32768
41 169 -197 9 -3 -32768 -32768 -32768 -32768
42 138 -163 46 -43 -32768 -32768 -32768 -32768
43 68 -93 59 -56 -32768 -32768 -32768 -32768
44 36 -61 78 -75 -32768 -32768 -32768 -32768
45 92 -120 155 -155 -32768 -32768 -32768 -32768
46 59 -83 100 -92 -32768 -32768 -32768 -32768
47 81 -103 62 -60 -32768 -32768 -32768 -32768
48 104 -129 69 -65 -32768 -32768 -32768 -32768
49 149 -175 44 -39 -32768 -32768 -32768 -32768
50 162 -186 38 -34 -32768 -32768 -32768 -32768
51 159 -184 68 -65 -32768 -32768 -32768 -32768
52 210 -233 64 -62 -32768 -32768 -32768 -32768
