OSINK 5B
1
09.06.21
Osova
0.0 0.0
0.0
0.00 0.00
-1.00 -1.00
0.00 0.00
20000.00
0.0
50
50
N
1
52
1 398 -423 -55 52 -32768 -32768 -32768 -32768
2 398 -423 -55 52 -32768 -32768 -32768 -32768
3 398 -423 -55 52 -32768 -32768 -32768 -32768
4 362 -381 -39 38 -32768 -32768 -32768 -32768
5 253 -273 66 -66 -32768 -32768 -32768 -32768
6 170 -191 133 -133 -32768 -32768 -32768 -32768
7 155 -176 108 -111 -32768 -32768 -32768 -32768
8 142 -162 54 -54 -32768 -32768 -32768 -32768
9 180 -203 25 -30 -32768 -32768 -32768 -32768
10 157 -179 24 -19 -32768 -32768 -32768 -32768
11 130 -151 29 -29 -32768 -32768 -32768 -32768
12 115 -136 39 -38 -32768 -32768 -32768 -32768
13 100 -124 56 -54 -32768 -32768 -32768 -32768
14 67 -90 67 -65 -32768 -32768 -32768 -32768
15 72 -94 30 -34 -32768 -32768 -32768 -32768
16 74 -94 17 -11 -32768 -32768 -32768 -32768
17 65 -86 -5 7 -32768 -32768 -32768 -32768
18 58 -78 3 -2 -32768 -32768 -32768 -32768
19 19 -40 7 -5 -32768 -32768 -32768 -32768
20 0 -22 -11 11 -32768 -32768 -32768 -32768
21 54 -75 -26 23 -32768 -32768 -32768 -32768
22 81 -105 -11 16 -32768 -32768 -32768 -32768
23 150 -171 -94 94 -32768 -32768 -32768 -32768
24 84 -111 -99 102 -32768 -32768 -32768 -32768
25 0 -21 -19 20 -32768 -32768 -32768 -32768
26 -4 -16 -38 37 -32768 -32768 -32768 -32768
27 56 -75 -51 53 -32768 -32768 -32768 -32768
28 92 -114 -90 94 -32768 -32768 -32768 -32768
29 132 -151 -94 95 -32768 -32768 -32768 -32768
30 163 -185 -115 117 -32768 -32768 -32768 -32768
31 174 -197 -132 133 -32768 -32768 -32768 -32768
32 177 -197 -138 136 -32768 -32768 -32768 -32768
33 245 -266 -132 136 -32768 -32768 -32768 -32768
34 276 -295 -130 134 -32768 -32768 -32768 -32768
35 295 -316 -108 110 -32768 -32768 -32768 -32768
36 263 -284 -110 106 -32768 -32768 -32768 -32768
37 275 -296 5 -3 -32768 -32768 -32768 -32768
38 267 -289 86 -88 -32768 -32768 -32768 -32768
39 232 -253 79 -76 -32768 -32768 -32768 -32768
40 217 -238 19 -15 -32768 -32768 -32768 -32768
41 171 -193 8 -6 -32768 -32768 -32768 -32768
42 139 -156 44 -46 -32768 -32768 -32768 -32768
43 65 -90 58 -56 -32768 -32768 -32768 -32768
44 39 -60 77 -77 -32768 -32768 -32768 -32768
45 94 -117 158 -155 -32768 -32768 -32768 -32768
46 60 -81 94 -91 -32768 -32768 -32768 -32768
47 82 -102 62 -62 -32768 -32768 -32768 -32768
48 104 -127 68 -66 -32768 -32768 -32768 -32768
49 154 -174 40 -41 -32768 -32768 -32768 -32768
50 163 -186 37 -37 -32768 -32768 -32768 -32768
51 163 -183 74 -69 -32768 -32768 -32768 -32768
52 215 -236 65 -64 -32768 -32768 -32768 -32768
