OSINK 5B
1
06.05.21
Osova
0.0 0.0
0.0
0.00 0.00
-1.00 -1.00
0.00 0.00
20000.00
0.0
50
50
N
1
52
1 411 -413 -53 76 -32768 -32768 -32768 -32768
2 411 -413 -53 76 -32768 -32768 -32768 -32768
3 411 -415 -53 74 -32768 -32768 -32768 -32768
4 363 -374 -32 44 -32768 -32768 -32768 -32768
5 252 -274 78 -65 -32768 -32768 -32768 -32768
6 170 -192 140 -123 -32768 -32768 -32768 -32768
7 154 -172 116 -103 -32768 -32768 -32768 -32768
8 142 -160 66 -48 -32768 -32768 -32768 -32768
9 181 -198 32 -23 -32768 -32768 -32768 -32768
10 159 -178 31 -10 -32768 -32768 -32768 -32768
11 133 -150 37 -22 -32768 -32768 -32768 -32768
12 115 -133 47 -29 -32768 -32768 -32768 -32768
13 96 -120 64 -46 -32768 -32768 -32768 -32768
14 67 -86 74 -58 -32768 -32768 -32768 -32768
15 74 -88 36 -27 -32768 -32768 -32768 -32768
16 72 -92 24 -5 -32768 -32768 -32768 -32768
17 64 -82 2 13 -32768 -32768 -32768 -32768
18 58 -76 9 5 -32768 -32768 -32768 -32768
19 20 -37 14 2 -32768 -32768 -32768 -32768
20 1 -20 -4 19 -32768 -32768 -32768 -32768
21 54 -70 -18 32 -32768 -32768 -32768 -32768
22 84 -99 -4 22 -32768 -32768 -32768 -32768
23 149 -170 -85 104 -32768 -32768 -32768 -32768
24 85 -98 -90 101 -32768 -32768 -32768 -32768
25 0 -18 -11 28 -32768 -32768 -32768 -32768
26 -5 -13 -34 45 -32768 -32768 -32768 -32768
27 62 -79 -50 68 -32768 -32768 -32768 -32768
28 92 -111 -82 100 -32768 -32768 -32768 -32768
29 131 -150 -86 103 -32768 -32768 -32768 -32768
30 164 -182 -108 124 -32768 -32768 -32768 -32768
31 175 -194 -125 141 -32768 -32768 -32768 -32768
32 178 -194 -132 143 -32768 -32768 -32768 -32768
33 246 -266 -126 143 -32768 -32768 -32768 -32768
34 275 -292 -123 141 -32768 -32768 -32768 -32768
35 291 -311 -100 116 -32768 -32768 -32768 -32768
36 264 -284 -97 111 -32768 -32768 -32768 -32768
37 275 -293 18 1 -32768 -32768 -32768 -32768
38 267 -289 92 -80 -32768 -32768 -32768 -32768
39 232 -254 82 -68 -32768 -32768 -32768 -32768
40 217 -236 25 -8 -32768 -32768 -32768 -32768
41 171 -190 14 1 -32768 -32768 -32768 -32768
42 137 -159 53 -36 -32768 -32768 -32768 -32768
43 66 -86 65 -50 -32768 -32768 -32768 -32768
44 37 -58 86 -70 -32768 -32768 -32768 -32768
45 94 -116 165 -148 -32768 -32768 -32768 -32768
46 60 -80 104 -88 -32768 -32768 -32768 -32768
47 80 -100 69 -55 -32768 -32768 -32768 -32768
48 103 -123 76 -59 -32768 -32768 -32768 -32768
49 151 -170 48 -33 -32768 -32768 -32768 -32768
50 160 -183 44 -30 -32768 -32768 -32768 -32768
51 159 -178 78 -61 -32768 -32768 -32768 -32768
52 209 -231 70 -56 -32768 -32768 -32768 -32768
