OSINK 5B
1
11.11.20
Osova
0.0 0.0
0.0
0.00 0.00
-1.00 -1.00
0.00 0.00
20000.00
0.0
50
50
N
1
52
1 450 -476 -50 53 -32768 -32768 -32768 -32768
2 450 -476 -50 53 -32768 -32768 -32768 -32768
3 450 -476 -50 43 -32768 -32768 -32768 -32768
4 365 -392 -46 43 -32768 -32768 -32768 -32768
5 254 -275 66 -67 -32768 -32768 -32768 -32768
6 175 -194 126 -133 -32768 -32768 -32768 -32768
7 155 -174 107 -117 -32768 -32768 -32768 -32768
8 145 -168 50 -64 -32768 -32768 -32768 -32768
9 184 -203 28 -35 -32768 -32768 -32768 -32768
10 164 -188 20 -20 -32768 -32768 -32768 -32768
11 138 -160 24 -29 -32768 -32768 -32768 -32768
12 116 -141 32 -39 -32768 -32768 -32768 -32768
13 100 -122 50 -55 -32768 -32768 -32768 -32768
14 63 -87 62 -70 -32768 -32768 -32768 -32768
15 60 -82 26 -36 -32768 -32768 -32768 -32768
16 62 -86 11 -16 -32768 -32768 -32768 -32768
17 46 -69 -7 0 -32768 -32768 -32768 -32768
18 40 -61 -2 -4 -32768 -32768 -32768 -32768
19 6 -31 3 -10 -32768 -32768 -32768 -32768
20 -20 -1 -14 6 -32768 -32768 -32768 -32768
21 24 -48 -28 19 -32768 -32768 -32768 -32768
22 57 -78 -18 13 -32768 -32768 -32768 -32768
23 111 -142 -74 72 -32768 -32768 -32768 -32768
24 78 -99 -113 109 -32768 -32768 -32768 -32768
25 -16 -5 -33 24 -32768 -32768 -32768 -32768
26 -19 -2 -46 36 -32768 -32768 -32768 -32768
27 39 -56 -58 47 -32768 -32768 -32768 -32768
28 76 -98 -91 91 -32768 -32768 -32768 -32768
29 114 -134 -103 97 -32768 -32768 -32768 -32768
30 142 -162 -119 113 -32768 -32768 -32768 -32768
31 156 -178 -137 131 -32768 -32768 -32768 -32768
32 159 -181 -140 133 -32768 -32768 -32768 -32768
33 222 -245 -144 134 -32768 -32768 -32768 -32768
34 255 -280 -137 132 -32768 -32768 -32768 -32768
35 282 -301 -115 110 -32768 -32768 -32768 -32768
36 251 -273 -116 106 -32768 -32768 -32768 -32768
37 261 -283 -14 7 -32768 -32768 -32768 -32768
38 262 -287 74 -80 -32768 -32768 -32768 -32768
39 226 -249 71 -78 -32768 -32768 -32768 -32768
40 211 -232 15 -21 -32768 -32768 -32768 -32768
41 168 -188 0 -7 -32768 -32768 -32768 -32768
42 134 -154 34 -44 -32768 -32768 -32768 -32768
43 66 -94 55 -61 -32768 -32768 -32768 -32768
44 35 -56 79 -87 -32768 -32768 -32768 -32768
45 89 -115 151 -159 -32768 -32768 -32768 -32768
46 60 -81 100 -105 -32768 -32768 -32768 -32768
47 75 -98 56 -62 -32768 -32768 -32768 -32768
48 100 -124 65 -71 -32768 -32768 -32768 -32768
49 147 -170 38 -45 -32768 -32768 -32768 -32768
50 160 -185 29 -38 -32768 -32768 -32768 -32768
51 157 -181 62 -70 -32768 -32768 -32768 -32768
52 206 -228 57 -64 -32768 -32768 -32768 -32768
