OSINK 5B
1
07.04.21
Osova
0.0 0.0
0.0
0.00 0.00
-1.00 -1.00
0.00 0.00
20000.00
0.0
50
50
N
1
52
1 389 -405 -47 50 -32768 -32768 -32768 -32768
2 389 -405 -47 50 -32768 -32768 -32768 -32768
3 389 -403 -48 51 -32768 -32768 -32768 -32768
4 370 -383 -46 45 -32768 -32768 -32768 -32768
5 259 -277 62 -64 -32768 -32768 -32768 -32768
6 176 -193 130 -130 -32768 -32768 -32768 -32768
7 157 -171 110 -114 -32768 -32768 -32768 -32768
8 145 -160 54 -58 -32768 -32768 -32768 -32768
9 183 -195 30 -32 -32768 -32768 -32768 -32768
10 165 -178 23 -19 -32768 -32768 -32768 -32768
11 136 -152 28 -32 -32768 -32768 -32768 -32768
12 118 -133 36 -37 -32768 -32768 -32768 -32768
13 103 -119 54 -55 -32768 -32768 -32768 -32768
14 71 -86 65 -66 -32768 -32768 -32768 -32768
15 70 -86 30 -35 -32768 -32768 -32768 -32768
16 74 -89 15 -13 -32768 -32768 -32768 -32768
17 65 -80 -6 4 -32768 -32768 -32768 -32768
18 60 -73 1 -2 -32768 -32768 -32768 -32768
19 23 -37 5 -6 -32768 -32768 -32768 -32768
20 2 -17 -12 11 -32768 -32768 -32768 -32768
21 53 -67 -26 24 -32768 -32768 -32768 -32768
22 83 -95 -13 14 -32768 -32768 -32768 -32768
23 148 -165 -90 88 -32768 -32768 -32768 -32768
24 97 -107 -106 103 -32768 -32768 -32768 -32768
25 3 -17 -20 21 -32768 -32768 -32768 -32768
26 -1 -13 -39 37 -32768 -32768 -32768 -32768
27 53 -71 -52 52 -32768 -32768 -32768 -32768
28 95 -110 -90 93 -32768 -32768 -32768 -32768
29 133 -148 -95 93 -32768 -32768 -32768 -32768
30 164 -182 -116 113 -32768 -32768 -32768 -32768
31 179 -191 -132 133 -32768 -32768 -32768 -32768
32 179 -191 -135 134 -32768 -32768 -32768 -32768
33 247 -264 -140 134 -32768 -32768 -32768 -32768
34 276 -292 -133 132 -32768 -32768 -32768 -32768
35 299 -313 -108 109 -32768 -32768 -32768 -32768
36 266 -280 -110 106 -32768 -32768 -32768 -32768
37 277 -292 0 -2 -32768 -32768 -32768 -32768
38 278 -290 88 -88 -32768 -32768 -32768 -32768
39 236 -250 76 -76 -32768 -32768 -32768 -32768
40 222 -236 19 -17 -32768 -32768 -32768 -32768
41 176 -191 4 -5 -32768 -32768 -32768 -32768
42 143 -157 43 -45 -32768 -32768 -32768 -32768
43 74 -89 58 -58 -32768 -32768 -32768 -32768
44 41 -55 75 -77 -32768 -32768 -32768 -32768
45 95 -115 154 -156 -32768 -32768 -32768 -32768
46 65 -79 99 -95 -32768 -32768 -32768 -32768
47 84 -98 54 -61 -32768 -32768 -32768 -32768
48 108 -122 67 -68 -32768 -32768 -32768 -32768
49 154 -169 41 -42 -32768 -32768 -32768 -32768
50 167 -182 35 -36 -32768 -32768 -32768 -32768
51 163 -178 67 -66 -32768 -32768 -32768 -32768
52 213 -233 61 -62 -32768 -32768 -32768 -32768
