OSINK 5B
1
02.07.20
Osova
0.0 0.0
0.0
0.00 0.00
-1.00 -1.00
0.00 0.00
20000.00
0.0
50
50
N
1
52
1 487 -497 -47 43 -56 49 -489 488
2 487 -496 -47 43 -56 49 -489 488
3 488 -490 -45 43 -56 48 -489 491
4 426 -433 -69 66 -74 70 -429 428
5 322 -327 22 -19 12 -20 -325 322
6 222 -229 115 -118 110 -115 -225 222
7 181 -187 122 -124 117 -124 -183 181
8 169 -176 69 -72 67 -73 -172 170
9 186 -193 36 -39 33 -40 -187 184
10 195 -202 18 -19 13 -20 -200 198
11 160 -158 25 -26 22 -28 -163 162
12 135 -142 30 -32 29 -36 -138 134
13 115 -123 46 -48 38 -44 -122 117
14 83 -89 63 -64 58 -65 -84 82
15 62 -68 42 -45 34 -42 -65 61
16 68 -75 17 -18 14 -20 -72 70
17 49 -56 -2 0 -3 -1 -52 51
18 36 -44 -1 -1 2 -2 -40 38
19 14 -22 4 -6 1 -8 -20 16
20 -18 8 -7 4 -6 0 8 -12
21 5 -14 -23 19 -20 13 -15 12
22 44 -52 -16 16 -21 14 -51 50
23 78 -85 -56 53 -59 52 -84 80
24 50 -58 -86 83 -90 83 -57 52
25 7 -15 -65 63 -69 62 -14 10
26 11 -19 -63 61 -68 61 -14 11
27 45 -53 -62 58 -71 63 -51 47
28 73 -81 -81 79 -84 74 -79 79
29 107 -117 -96 93 -100 93 -111 108
30 131 -139 -116 112 -118 112 -138 135
31 155 -160 -132 130 -137 130 -162 159
32 168 -178 -142 142 -145 138 -181 177
33 224 -234 -139 135 -145 137 -224 222
34 262 -271 -129 128 -136 128 -271 269
35 280 -288 -114 112 -117 111 -289 286
36 259 -266 -111 108 -116 111 -265 261
37 263 -269 -29 28 -36 29 -266 263
38 264 -273 41 -43 32 -38 -270 267
39 238 -246 50 -53 43 -48 -244 240
40 210 -219 21 -22 16 -13 -215 214
41 173 -181 14 -16 11 -17 -178 175
42 133 -141 45 -47 41 -47 -135 133
43 78 -86 79 -81 75 -81 -84 81
44 43 -52 104 -105 104 -110 -52 49
45 82 -91 137 -140 136 -142 -83 79
46 64 -73 115 -113 110 -116 -69 68
47 78 -86 77 -80 73 -80 -83 82
48 110 -119 67 -69 63 -70 -116 112
49 151 -160 43 -44 37 -45 -157 153
50 171 -181 31 -33 21 -29 -180 176
51 165 -173 70 -71 64 -71 -173 170
52 202 -211 68 -69 64 -70 -206 202
