OSINK 5B
1
09.09.20
Osova
0.0 0.0
0.0
0.00 0.00
-1.00 -1.00
0.00 0.00
20000.00
0.0
50
50
N
1
52
1 476 -484 -46 36 -32768 -32768 -32768 -32768
2 476 -505 -46 36 -32768 -32768 -32768 -32768
3 472 -482 -41 32 -32768 -32768 -32768 -32768
4 422 -432 -65 57 -32768 -32768 -32768 -32768
5 319 -331 19 -21 -32768 -32768 -32768 -32768
6 216 -228 114 -121 -32768 -32768 -32768 -32768
7 177 -188 122 -129 -32768 -32768 -32768 -32768
8 166 -177 67 -75 -32768 -32768 -32768 -32768
9 183 -195 36 -43 -32768 -32768 -32768 -32768
10 192 -202 16 -22 -32768 -32768 -32768 -32768
11 159 -169 25 -30 -32768 -32768 -32768 -32768
12 132 -142 29 -36 -32768 -32768 -32768 -32768
13 113 -124 44 -51 -32768 -32768 -32768 -32768
14 79 -89 60 -67 -32768 -32768 -32768 -32768
15 59 -69 39 -45 -32768 -32768 -32768 -32768
16 66 -76 14 -22 -32768 -32768 -32768 -32768
17 46 -56 -5 -1 -32768 -32768 -32768 -32768
18 37 -47 -6 -1 -32768 -32768 -32768 -32768
19 14 -23 3 -9 -32768 -32768 -32768 -32768
20 -18 7 -9 2 -32768 -32768 -32768 -32768
21 5 -15 -26 20 -32768 -32768 -32768 -32768
22 46 -56 -18 12 -32768 -32768 -32768 -32768
23 106 -116 -71 64 -32768 -32768 -32768 -32768
24 89 -99 -121 113 -32768 -32768 -32768 -32768
25 -12 0 -42 35 -32768 -32768 -32768 -32768
26 -17 7 -46 40 -32768 -32768 -32768 -32768
27 34 -45 -54 45 -32768 -32768 -32768 -32768
28 74 -85 -92 86 -32768 -32768 -32768 -32768
29 109 -117 -100 94 -32768 -32768 -32768 -32768
30 143 -153 -117 109 -32768 -32768 -32768 -32768
31 157 -167 -134 128 -32768 -32768 -32768 -32768
32 161 -170 -142 137 -32768 -32768 -32768 -32768
33 221 -232 -142 133 -32768 -32768 -32768 -32768
34 259 -270 -137 133 -32768 -32768 -32768 -32768
35 286 -295 -116 109 -32768 -32768 -32768 -32768
36 256 -266 -117 108 -32768 -32768 -32768 -32768
37 264 -274 -19 14 -32768 -32768 -32768 -32768
38 268 -279 69 -74 -32768 -32768 -32768 -32768
39 232 -242 70 -76 -32768 -32768 -32768 -32768
40 215 -227 18 -24 -32768 -32768 -32768 -32768
41 174 -183 1 -7 -32768 -32768 -32768 -32768
42 140 -148 33 -40 -32768 -32768 -32768 -32768
43 76 -86 58 -64 -32768 -32768 -32768 -32768
44 41 -51 83 -89 -32768 -32768 -32768 -32768
45 94 -104 150 -158 -32768 -32768 -32768 -32768
46 65 -75 102 -107 -32768 -32768 -32768 -32768
47 78 -88 57 -64 -32768 -32768 -32768 -32768
48 105 -117 65 -71 -32768 -32768 -32768 -32768
49 152 -164 40 -45 -32768 -32768 -32768 -32768
50 168 -178 30 -36 -32768 -32768 -32768 -32768
51 160 -173 62 -69 -32768 -32768 -32768 -32768
52 209 -221 57 -65 -32768 -32768 -32768 -32768
