OSINK 5B
1
18.11.20
Osova
0.0 0.0
0.0
0.00 0.00
-1.00 -1.00
0.00 0.00
20000.00
0.0
50
50
N
1
52
1 453 -465 -45 56 -32768 -32768 -32768 -32768
2 453 -465 -45 56 -32768 -32768 -32768 -32768
3 453 -464 -45 57 -32768 -32768 -32768 -32768
4 373 -386 -38 53 -32768 -32768 -32768 -32768
5 260 -268 72 -62 -32768 -32768 -32768 -32768
6 182 -193 135 -123 -32768 -32768 -32768 -32768
7 162 -173 118 -106 -32768 -32768 -32768 -32768
8 149 -162 61 -50 -32768 -32768 -32768 -32768
9 188 -201 37 -24 -32768 -32768 -32768 -32768
10 170 -180 29 -13 -32768 -32768 -32768 -32768
11 144 -155 34 -23 -32768 -32768 -32768 -32768
12 121 -133 42 -28 -32768 -32768 -32768 -32768
13 105 -120 60 -45 -32768 -32768 -32768 -32768
14 69 -84 73 -59 -32768 -32768 -32768 -32768
15 66 -75 38 -29 -32768 -32768 -32768 -32768
16 66 -80 21 -6 -32768 -32768 -32768 -32768
17 51 -63 1 10 -32768 -32768 -32768 -32768
18 45 -58 7 5 -32768 -32768 -32768 -32768
19 12 -23 13 0 -32768 -32768 -32768 -32768
20 -15 2 -4 16 -32768 -32768 -32768 -32768
21 29 -45 -17 29 -32768 -32768 -32768 -32768
22 63 -75 -7 22 -32768 -32768 -32768 -32768
23 126 -142 -80 94 -32768 -32768 -32768 -32768
24 80 -87 -101 109 -32768 -32768 -32768 -32768
25 -12 -1 -22 35 -32768 -32768 -32768 -32768
26 -14 2 -36 49 -32768 -32768 -32768 -32768
27 41 -54 -47 57 -32768 -32768 -32768 -32768
28 80 -94 -84 100 -32768 -32768 -32768 -32768
29 119 -132 -91 104 -32768 -32768 -32768 -32768
30 148 -161 -109 122 -32768 -32768 -32768 -32768
31 161 -173 -126 140 -32768 -32768 -32768 -32768
32 165 -176 -130 145 -32768 -32768 -32768 -32768
33 228 -242 -134 143 -32768 -32768 -32768 -32768
34 263 -275 -127 143 -32768 -32768 -32768 -32768
35 286 -294 -105 117 -32768 -32768 -32768 -32768
36 258 -269 -106 116 -32768 -32768 -32768 -32768
37 266 -280 -10 21 -32768 -32768 -32768 -32768
38 269 -281 84 -71 -32768 -32768 -32768 -32768
39 231 -243 82 -69 -32768 -32768 -32768 -32768
40 215 -231 26 -15 -32768 -32768 -32768 -32768
41 174 -185 9 2 -32768 -32768 -32768 -32768
42 138 -152 45 -33 -32768 -32768 -32768 -32768
43 79 -84 64 -51 -32768 -32768 -32768 -32768
44 39 -51 88 -76 -32768 -32768 -32768 -32768
45 95 -107 160 -148 -32768 -32768 -32768 -32768
46 66 -79 115 -101 -32768 -32768 -32768 -32768
47 79 -91 65 -53 -32768 -32768 -32768 -32768
48 104 -118 75 -61 -32768 -32768 -32768 -32768
49 152 -169 49 -32 -32768 -32768 -32768 -32768
50 169 -178 40 -28 -32768 -32768 -32768 -32768
51 162 -174 72 -58 -32768 -32768 -32768 -32768
52 210 -221 65 -54 -32768 -32768 -32768 -32768
