OSINK 5B
1
07.10.20
Osova
0.0 0.0
0.0
0.00 0.00
-1.00 -1.00
0.00 0.00
20000.00
0.0
50
50
N
1
52
1 471 -487 -43 41 -32768 -32768 -32768 -32768
2 471 -487 -43 41 -32768 -32768 -32768 -32768
3 471 -487 -43 41 -32768 -32768 -32768 -32768
4 416 -429 -61 60 -32768 -32768 -32768 -32768
5 311 -324 23 -20 -32768 -32768 -32768 -32768
6 211 -221 117 -118 -32768 -32768 -32768 -32768
7 171 -181 126 -126 -32768 -32768 -32768 -32768
8 160 -171 70 -72 -32768 -32768 -32768 -32768
9 181 -188 37 -40 -32768 -32768 -32768 -32768
10 190 -199 21 -19 -32768 -32768 -32768 -32768
11 156 -166 29 -27 -32768 -32768 -32768 -32768
12 130 -140 32 -33 -32768 -32768 -32768 -32768
13 113 -123 49 -49 -32768 -32768 -32768 -32768
14 79 -89 64 -64 -32768 -32768 -32768 -32768
15 61 -71 43 -43 -32768 -32768 -32768 -32768
16 68 -78 19 -17 -32768 -32768 -32768 -32768
17 49 -59 -1 2 -32768 -32768 -32768 -32768
18 41 -51 -2 1 -32768 -32768 -32768 -32768
19 18 -27 6 -6 -32768 -32768 -32768 -32768
20 -18 8 -5 6 -32768 -32768 -32768 -32768
21 8 -19 -24 23 -32768 -32768 -32768 -32768
22 48 -57 -14 15 -32768 -32768 -32768 -32768
23 108 -119 -67 68 -32768 -32768 -32768 -32768
24 95 -104 -119 118 -32768 -32768 -32768 -32768
25 -10 0 -38 36 -32768 -32768 -32768 -32768
26 -17 8 -43 42 -32768 -32768 -32768 -32768
27 32 -43 -50 49 -32768 -32768 -32768 -32768
28 76 -86 -88 89 -32768 -32768 -32768 -32768
29 110 -119 -96 97 -32768 -32768 -32768 -32768
30 144 -153 -114 113 -32768 -32768 -32768 -32768
31 159 -170 -130 130 -32768 -32768 -32768 -32768
32 162 -172 -138 139 -32768 -32768 -32768 -32768
33 222 -233 -139 136 -32768 -32768 -32768 -32768
34 260 -270 -134 135 -32768 -32768 -32768 -32768
35 287 -296 -112 113 -32768 -32768 -32768 -32768
36 257 -266 -114 111 -32768 -32768 -32768 -32768
37 266 -275 -13 17 -32768 -32768 -32768 -32768
38 269 -279 75 -74 -32768 -32768 -32768 -32768
39 233 -243 76 -76 -32768 -32768 -32768 -32768
40 219 -227 24 -21 -32768 -32768 -32768 -32768
41 174 -183 4 -3 -32768 -32768 -32768 -32768
42 139 -149 38 -37 -32768 -32768 -32768 -32768
43 77 -88 60 -59 -32768 -32768 -32768 -32768
44 39 -49 84 -84 -32768 -32768 -32768 -32768
45 94 -105 155 -155 -32768 -32768 -32768 -32768
46 65 -75 106 -104 -32768 -32768 -32768 -32768
47 79 -88 59 -59 -32768 -32768 -32768 -32768
48 106 -116 67 -69 -32768 -32768 -32768 -32768
49 153 -163 43 -43 -32768 -32768 -32768 -32768
50 168 -178 33 -34 -32768 -32768 -32768 -32768
51 162 -172 67 -65 -32768 -32768 -32768 -32768
52 210 -220 62 -62 -32768 -32768 -32768 -32768
