OSINK 5B
1
10.03.21
Osova
0.0 0.0
0.0
0.00 0.00
-1.00 -1.00
0.00 0.00
20000.00
0.0
50
50
N
1
52
1 398 -407 -54 50 -32768 -32768 -32768 -32768
2 398 -407 -53 50 -32768 -32768 -32768 -32768
3 398 -407 -53 50 -32768 -32768 -32768 -32768
4 370 -384 -40 51 -32768 -32768 -32768 -32768
5 261 -275 71 -58 -32768 -32768 -32768 -32768
6 177 -190 135 -125 -32768 -32768 -32768 -32768
7 157 -171 115 -104 -32768 -32768 -32768 -32768
8 145 -158 58 -50 -32768 -32768 -32768 -32768
9 186 -200 34 -25 -32768 -32768 -32768 -32768
10 165 -178 28 -13 -32768 -32768 -32768 -32768
11 137 -151 33 -24 -32768 -32768 -32768 -32768
12 119 -132 41 -32 -32768 -32768 -32768 -32768
13 104 -117 59 -49 -32768 -32768 -32768 -32768
14 71 -84 70 -60 -32768 -32768 -32768 -32768
15 69 -87 35 -28 -32768 -32768 -32768 -32768
16 73 -87 21 -6 -32768 -32768 -32768 -32768
17 63 -76 0 10 -32768 -32768 -32768 -32768
18 59 -71 6 2 -32768 -32768 -32768 -32768
19 20 -33 11 0 -32768 -32768 -32768 -32768
20 0 -14 -5 16 -32768 -32768 -32768 -32768
21 50 -66 -20 29 -32768 -32768 -32768 -32768
22 81 -97 -7 21 -32768 -32768 -32768 -32768
23 148 -164 -87 99 -32768 -32768 -32768 -32768
24 93 -107 -99 110 -32768 -32768 -32768 -32768
25 2 -15 -16 27 -32768 -32768 -32768 -32768
26 -2 -12 -33 43 -32768 -32768 -32768 -32768
27 56 -72 -49 58 -32768 -32768 -32768 -32768
28 95 -111 -84 98 -32768 -32768 -32768 -32768
29 133 -149 -89 99 -32768 -32768 -32768 -32768
30 166 -180 -110 120 -32768 -32768 -32768 -32768
31 178 -192 -127 138 -32768 -32768 -32768 -32768
32 178 -193 -130 140 -32768 -32768 -32768 -32768
33 248 -262 -135 141 -32768 -32768 -32768 -32768
34 276 -290 -126 139 -32768 -32768 -32768 -32768
35 299 -311 -103 114 -32768 -32768 -32768 -32768
36 266 -280 -105 114 -32768 -32768 -32768 -32768
37 277 -293 9 8 -32768 -32768 -32768 -32768
38 275 -291 93 -81 -32768 -32768 -32768 -32768
39 237 -250 81 -72 -32768 -32768 -32768 -32768
40 223 -237 26 -14 -32768 -32768 -32768 -32768
41 177 -189 10 0 -32768 -32768 -32768 -32768
42 143 -157 48 -38 -32768 -32768 -32768 -32768
43 74 -89 63 -53 -32768 -32768 -32768 -32768
44 41 -57 81 -74 -32768 -32768 -32768 -32768
45 97 -114 160 -150 -32768 -32768 -32768 -32768
46 65 -77 107 -91 -32768 -32768 -32768 -32768
47 84 -97 65 -56 -32768 -32768 -32768 -32768
48 107 -121 73 -63 -32768 -32768 -32768 -32768
49 155 -171 47 -35 -32768 -32768 -32768 -32768
50 167 -182 41 -31 -32768 -32768 -32768 -32768
51 164 -177 72 -61 -32768 -32768 -32768 -32768
52 211 -227 67 -57 -32768 -32768 -32768 -32768
