OSINK 5B
1
13.09.21
Osova
0.0 0.0
0.0
0.00 0.00
-1.00 -1.00
0.00 0.00
20000.00
0.0
50
50
N
1
52
1 430 -465 -65 61 -32768 -32768 -32768 -32768
2 434 -464 -62 61 -32768 -32768 -32768 -32768
3 434 -464 -62 61 -32768 -32768 -32768 -32768
4 376 -406 -30 46 -32768 -32768 -32768 -32768
5 270 -288 71 -56 -32768 -32768 -32768 -32768
6 186 -210 135 -124 -32768 -32768 -32768 -32768
7 163 -186 113 -108 -32768 -32768 -32768 -32768
8 149 -172 55 -50 -32768 -32768 -32768 -32768
9 187 -208 26 -26 -32768 -32768 -32768 -32768
10 167 -189 27 -13 -32768 -32768 -32768 -32768
11 136 -159 33 -25 -32768 -32768 -32768 -32768
12 119 -142 43 -33 -32768 -32768 -32768 -32768
13 101 -126 60 -49 -32768 -32768 -32768 -32768
14 68 -89 70 -60 -32768 -32768 -32768 -32768
15 72 -92 32 -29 -32768 -32768 -32768 -32768
16 71 -95 18 -8 -32768 -32768 -32768 -32768
17 60 -82 -2 11 -32768 -32768 -32768 -32768
18 55 -75 4 2 -32768 -32768 -32768 -32768
19 17 -38 10 -1 -32768 -32768 -32768 -32768
20 -1 -22 -9 17 -32768 -32768 -32768 -32768
21 51 -74 -20 27 -32768 -32768 -32768 -32768
22 82 -103 -7 18 -32768 -32768 -32768 -32768
23 148 -176 -88 103 -32768 -32768 -32768 -32768
24 90 -105 -100 99 -32768 -32768 -32768 -32768
25 0 -21 -13 22 -32768 -32768 -32768 -32768
26 -7 -15 -32 40 -32768 -32768 -32768 -32768
27 56 -76 -50 58 -32768 -32768 -32768 -32768
28 90 -153 -85 99 -32768 -32768 -32768 -32768
29 131 -153 -89 98 -32768 -32768 -32768 -32768
30 163 -187 -111 122 -32768 -32768 -32768 -32768
31 176 -200 -128 137 -32768 -32768 -32768 -32768
32 176 -199 -132 139 -32768 -32768 -32768 -32768
33 236 -270 -129 139 -32768 -32768 -32768 -32768
34 276 -298 -127 137 -32768 -32768 -32768 -32768
35 296 -316 -104 113 -32768 -32768 -32768 -32768
36 263 -287 -106 110 -32768 -32768 -32768 -32768
37 276 -299 17 -7 -32768 -32768 -32768 -32768
38 269 -295 92 -86 -32768 -32768 -32768 -32768
39 232 -256 79 -73 -32768 -32768 -32768 -32768
40 220 -242 27 -14 -32768 -32768 -32768 -32768
41 172 -193 11 -3 -32768 -32768 -32768 -32768
42 137 -163 50 -41 -32768 -32768 -32768 -32768
43 67 -88 62 -52 -32768 -32768 -32768 -32768
44 36 -56 77 -67 -32768 -32768 -32768 -32768
45 94 -118 159 -154 -32768 -32768 -32768 -32768
46 60 -84 98 -90 -32768 -32768 -32768 -32768
47 81 -104 64 -57 -32768 -32768 -32768 -32768
48 104 -128 72 -63 -32768 -32768 -32768 -32768
49 151 -175 46 -36 -32768 -32768 -32768 -32768
50 159 -187 37 -33 -32768 -32768 -32768 -32768
51 160 -183 71 -62 -32768 -32768 -32768 -32768
52 214 -237 68 -60 -32768 -32768 -32768 -32768
