OSINK 5B
1
06.01.21
Osova
0.0 0.0
0.0
0.00 0.00
-1.00 -1.00
0.00 0.00
20000.00
0.0
50
50
N
1
52
1 404 -407 -72 76 -32768 -32768 -32768 -32768
2 407 -407 -64 80 -32768 -32768 -32768 -32768
3 407 -407 -64 80 -32768 -32768 -32768 -32768
4 368 -374 -35 42 -32768 -32768 -32768 -32768
5 259 -265 70 -65 -32768 -32768 -32768 -32768
6 181 -182 131 -130 -32768 -32768 -32768 -32768
7 162 -164 111 -106 -32768 -32768 -32768 -32768
8 151 -154 54 -53 -32768 -32768 -32768 -32768
9 194 -198 32 -30 -32768 -32768 -32768 -32768
10 173 -175 25 -20 -32768 -32768 -32768 -32768
11 146 -151 29 -29 -32768 -32768 -32768 -32768
12 126 -127 37 -36 -32768 -32768 -32768 -32768
13 110 -107 55 -53 -32768 -32768 -32768 -32768
14 67 -74 60 -64 -32768 -32768 -32768 -32768
15 72 -75 30 -31 -32768 -32768 -32768 -32768
16 73 -76 16 -11 -32768 -32768 -32768 -32768
17 59 -61 -3 4 -32768 -32768 -32768 -32768
18 56 -55 1 -2 -32768 -32768 -32768 -32768
19 14 -19 8 -5 -32768 -32768 -32768 -32768
20 -8 5 -9 12 -32768 -32768 -32768 -32768
21 37 -44 -23 24 -32768 -32768 -32768 -32768
22 70 -75 -11 17 -32768 -32768 -32768 -32768
23 134 -143 -84 96 -32768 -32768 -32768 -32768
24 86 -78 -105 98 -32768 -32768 -32768 -32768
25 -5 5 -26 27 -32768 -32768 -32768 -32768
26 -8 5 -41 42 -32768 -32768 -32768 -32768
27 53 -55 -55 54 -32768 -32768 -32768 -32768
28 88 -90 -89 92 -32768 -32768 -32768 -32768
29 126 -129 -95 97 -32768 -32768 -32768 -32768
30 158 -158 -115 117 -32768 -32768 -32768 -32768
31 168 -171 -130 133 -32768 -32768 -32768 -32768
32 173 -174 -135 137 -32768 -32768 -32768 -32768
33 238 -235 -138 136 -32768 -32768 -32768 -32768
34 269 -272 -130 134 -32768 -32768 -32768 -32768
35 291 -293 -108 110 -32768 -32768 -32768 -32768
36 263 -266 -107 107 -32768 -32768 -32768 -32768
37 273 -277 6 1 -32768 -32768 -32768 -32768
38 272 -276 83 -80 -32768 -32768 -32768 -32768
39 234 -240 77 -72 -32768 -32768 -32768 -32768
40 220 -221 19 -16 -32768 -32768 -32768 -32768
41 176 -177 6 -7 -32768 -32768 -32768 -32768
42 142 -145 43 -43 -32768 -32768 -32768 -32768
43 77 -72 59 -57 -32768 -32768 -32768 -32768
44 44 -47 81 -81 -32768 -32768 -32768 -32768
45 100 -105 156 -156 -32768 -32768 -32768 -32768
46 68 -69 102 -95 -32768 -32768 -32768 -32768
47 87 -89 61 -62 -32768 -32768 -32768 -32768
48 111 -114 69 -67 -32768 -32768 -32768 -32768
49 158 -162 43 -41 -32768 -32768 -32768 -32768
50 170 -174 35 -36 -32768 -32768 -32768 -32768
51 167 -170 68 -65 -32768 -32768 -32768 -32768
52 218 -220 64 -62 -32768 -32768 -32768 -32768
