OSINK 5B
1
15.10.20
Osova
0.0 0.0
0.0
0.00 0.00
-1.00 -1.00
0.00 0.00
20000.00
0.0
50
50
N
1
52
1 469 -480 -47 39 -32768 -32768 -32768 -32768
2 469 -480 -47 39 -32768 -32768 -32768 -32768
3 469 -480 -47 39 -32768 -32768 -32768 -32768
4 411 -421 -64 69 -32768 -32768 -32768 -32768
5 306 -317 25 -22 -32768 -32768 -32768 -32768
6 204 -216 115 -116 -32768 -32768 -32768 -32768
7 165 -177 125 -123 -32768 -32768 -32768 -32768
8 157 -168 68 -66 -32768 -32768 -32768 -32768
9 179 -189 36 -35 -32768 -32768 -32768 -32768
10 185 -195 20 -20 -32768 -32768 -32768 -32768
11 151 -163 28 -26 -32768 -32768 -32768 -32768
12 128 -139 32 -33 -32768 -32768 -32768 -32768
13 112 -124 48 -48 -32768 -32768 -32768 -32768
14 79 -90 63 -64 -32768 -32768 -32768 -32768
15 63 -75 42 -43 -32768 -32768 -32768 -32768
16 70 -81 19 -17 -32768 -32768 -32768 -32768
17 54 -64 -2 2 -32768 -32768 -32768 -32768
18 45 -57 -1 0 -32768 -32768 -32768 -32768
19 19 -31 7 -7 -32768 -32768 -32768 -32768
20 -18 5 -6 6 -32768 -32768 -32768 -32768
21 13 -25 -24 23 -32768 -32768 -32768 -32768
22 52 -63 -14 15 -32768 -32768 -32768 -32768
23 113 -125 -69 70 -32768 -32768 -32768 -32768
24 97 -107 -118 117 -32768 -32768 -32768 -32768
25 -7 -2 -35 34 -32768 -32768 -32768 -32768
26 -15 4 -42 41 -32768 -32768 -32768 -32768
27 34 -47 -50 49 -32768 -32768 -32768 -32768
28 77 -90 -88 90 -32768 -32768 -32768 -32768
29 113 -123 -96 96 -32768 -32768 -32768 -32768
30 146 -156 -113 112 -32768 -32768 -32768 -32768
31 161 -172 -130 130 -32768 -32768 -32768 -32768
32 161 -173 -138 139 -32768 -32768 -32768 -32768
33 223 -236 -139 135 -32768 -32768 -32768 -32768
34 261 -272 -133 136 -32768 -32768 -32768 -32768
35 287 -299 -111 112 -32768 -32768 -32768 -32768
36 257 -268 -113 111 -32768 -32768 -32768 -32768
37 267 -277 -13 15 -32768 -32768 -32768 -32768
38 268 -281 76 -75 -32768 -32768 -32768 -32768
39 232 -243 76 -76 -32768 -32768 -32768 -32768
40 218 -229 22 -20 -32768 -32768 -32768 -32768
41 174 -183 3 -4 -32768 -32768 -32768 -32768
42 138 -150 37 -38 -32768 -32768 -32768 -32768
43 74 -86 59 -59 -32768 -32768 -32768 -32768
44 39 -51 81 -84 -32768 -32768 -32768 -32768
45 94 -106 155 -155 -32768 -32768 -32768 -32768
46 64 -75 105 -102 -32768 -32768 -32768 -32768
47 79 -90 59 -60 -32768 -32768 -32768 -32768
48 106 -118 68 -68 -32768 -32768 -32768 -32768
49 154 -165 42 -42 -32768 -32768 -32768 -32768
50 167 -179 34 -34 -32768 -32768 -32768 -32768
51 160 -174 66 -65 -32768 -32768 -32768 -32768
52 211 -223 61 -62 -32768 -32768 -32768 -32768
