OSINK 5B
1
06.11.20
Osova
0.0 0.0
0.0
0.00 0.00
-1.00 -1.00
0.00 0.00
20000.00
0.0
50
50
N
1
52
1 457 -467 -50 48 -32768 -32768 -32768 -32768
2 457 -467 -50 48 -32768 -32768 -32768 -32768
3 457 -467 -50 48 -32768 -32768 -32768 -32768
4 380 -387 -48 49 -32768 -32768 -32768 -32768
5 272 -279 60 -60 -32768 -32768 -32768 -32768
6 182 -192 131 -129 -32768 -32768 -32768 -32768
7 163 -172 113 -110 -32768 -32768 -32768 -32768
8 152 -160 57 -55 -32768 -32768 -32768 -32768
9 191 -201 31 -31 -32768 -32768 -32768 -32768
10 174 -183 24 -18 -32768 -32768 -32768 -32768
11 146 -154 29 -29 -32768 -32768 -32768 -32768
12 123 -132 36 -36 -32768 -32768 -32768 -32768
13 107 -116 54 -52 -32768 -32768 -32768 -32768
14 69 -79 67 -66 -32768 -32768 -32768 -32768
15 68 -79 31 -31 -32768 -32768 -32768 -32768
16 68 -77 15 -11 -32768 -32768 -32768 -32768
17 51 -61 -3 4 -32768 -32768 -32768 -32768
18 46 -54 1 -1 -32768 -32768 -32768 -32768
19 16 -22 7 -5 -32768 -32768 -32768 -32768
20 -13 4 -9 10 -32768 -32768 -32768 -32768
21 30 -38 -23 24 -32768 -32768 -32768 -32768
22 63 -72 -13 17 -32768 -32768 -32768 -32768
23 123 -136 -79 85 -32768 -32768 -32768 -32768
24 84 -91 -109 108 -32768 -32768 -32768 -32768
25 -10 4 -29 29 -32768 -32768 -32768 -32768
26 -13 4 -41 41 -32768 -32768 -32768 -32768
27 39 -49 -52 50 -32768 -32768 -32768 -32768
28 82 -91 -89 92 -32768 -32768 -32768 -32768
29 121 -125 -96 97 -32768 -32768 -32768 -32768
30 150 -159 -114 115 -32768 -32768 -32768 -32768
31 163 -172 -131 133 -32768 -32768 -32768 -32768
32 167 -175 -135 138 -32768 -32768 -32768 -32768
33 229 -239 -139 138 -32768 -32768 -32768 -32768
34 263 -272 -132 136 -32768 -32768 -32768 -32768
35 288 -297 -109 112 -32768 -32768 -32768 -32768
36 258 -267 -114 110 -32768 -32768 -32768 -32768
37 266 -276 -9 12 -32768 -32768 -32768 -32768
38 269 -280 80 -77 -32768 -32768 -32768 -32768
39 232 -241 76 -75 -32768 -32768 -32768 -32768
40 217 -229 22 -20 -32768 -32768 -32768 -32768
41 173 -183 5 -3 -32768 -32768 -32768 -32768
42 138 -150 41 -38 -32768 -32768 -32768 -32768
43 73 -86 60 -57 -32768 -32768 -32768 -32768
44 41 -50 83 -81 -32768 -32768 -32768 -32768
45 95 -104 156 -154 -32768 -32768 -32768 -32768
46 65 -74 105 -103 -32768 -32768 -32768 -32768
47 81 -89 60 -59 -32768 -32768 -32768 -32768
48 107 -117 68 -68 -32768 -32768 -32768 -32768
49 154 -163 43 -42 -32768 -32768 -32768 -32768
50 168 -177 35 -34 -32768 -32768 -32768 -32768
51 162 -172 67 -65 -32768 -32768 -32768 -32768
52 210 -221 61 -62 -32768 -32768 -32768 -32768
