OSINK 5B
1
23.08.21
Osova
0.0 0.0
0.0
0.00 0.00
-1.00 -1.00
0.00 0.00
20000.00
0.0
50
50
N
1
52
1 419 -447 -77 83 -32768 -32768 -32768 -32768
2 418 -447 -76 83 -32768 -32768 -32768 -32768
3 418 -451 -76 83 -32768 -32768 -32768 -32768
4 372 -398 -32 43 -32768 -32768 -32768 -32768
5 268 -285 63 -58 -32768 -32768 -32768 -32768
6 181 -206 136 -127 -32768 -32768 -32768 -32768
7 160 -185 114 -106 -32768 -32768 -32768 -32768
8 145 -170 60 -47 -32768 -32768 -32768 -32768
9 183 -207 31 -26 -32768 -32768 -32768 -32768
10 165 -188 27 -14 -32768 -32768 -32768 -32768
11 135 -159 33 -24 -32768 -32768 -32768 -32768
12 117 -143 42 -32 -32768 -32768 -32768 -32768
13 99 -126 59 -50 -32768 -32768 -32768 -32768
14 68 -92 70 -60 -32768 -32768 -32768 -32768
15 71 -94 34 -28 -32768 -32768 -32768 -32768
16 70 -96 19 -7 -32768 -32768 -32768 -32768
17 59 -83 -2 12 -32768 -32768 -32768 -32768
18 53 -77 5 3 -32768 -32768 -32768 -32768
19 16 -37 10 0 -32768 -32768 -32768 -32768
20 -1 -23 -9 16 -32768 -32768 -32768 -32768
21 54 -75 -21 27 -32768 -32768 -32768 -32768
22 80 -107 -7 20 -32768 -32768 -32768 -32768
23 146 -176 -87 105 -32768 -32768 -32768 -32768
24 81 -109 -92 103 -32768 -32768 -32768 -32768
25 -4 -22 -13 23 -32768 -32768 -32768 -32768
26 -10 -14 -39 37 -32768 -32768 -32768 -32768
27 55 -78 -49 58 -32768 -32768 -32768 -32768
28 91 -116 -86 98 -32768 -32768 -32768 -32768
29 131 -155 -89 99 -32768 -32768 -32768 -32768
30 163 -187 -111 120 -32768 -32768 -32768 -32768
31 175 -200 -127 137 -32768 -32768 -32768 -32768
32 176 -200 -129 139 -32768 -32768 -32768 -32768
33 244 -274 -135 141 -32768 -32768 -32768 -32768
34 275 -299 -126 137 -32768 -32768 -32768 -32768
35 295 -315 -104 113 -32768 -32768 -32768 -32768
36 264 -288 -102 108 -32768 -32768 -32768 -32768
37 275 -299 13 1 -32768 -32768 -32768 -32768
38 266 -295 94 -86 -32768 -32768 -32768 -32768
39 231 -259 84 -72 -32768 -32768 -32768 -32768
40 216 -241 23 -13 -32768 -32768 -32768 -32768
41 170 -195 12 -2 -32768 -32768 -32768 -32768
42 138 -163 50 -41 -32768 -32768 -32768 -32768
43 66 -87 62 -52 -32768 -32768 -32768 -32768
44 36 -64 78 -69 -32768 -32768 -32768 -32768
45 94 -119 160 -155 -32768 -32768 -32768 -32768
46 59 -83 96 -85 -32768 -32768 -32768 -32768
47 81 -104 65 -58 -32768 -32768 -32768 -32768
48 103 -128 72 -62 -32768 -32768 -32768 -32768
49 150 -180 45 -34 -32768 -32768 -32768 -32768
50 161 -187 42 -33 -32768 -32768 -32768 -32768
51 162 -184 77 -63 -32768 -32768 -32768 -32768
52 212 -235 69 -60 -32768 -32768 -32768 -32768
