OSINK 5B
1
16.09.20
Osova
0.0 0.0
0.0
0.00 0.00
-1.00 -1.00
0.00 0.00
20000.00
0.0
50
50
N
1
52
1 480 -482 -37 40 -32768 -32768 -32768 -32768
2 480 -482 -37 40 -32768 -32768 -32768 -32768
3 480 -482 -37 40 -32768 -32768 -32768 -32768
4 426 -429 -57 62 -32768 -32768 -32768 -32768
5 322 -323 29 -21 -32768 -32768 -32768 -32768
6 221 -223 121 -116 -32768 -32768 -32768 -32768
7 181 -183 129 -124 -32768 -32768 -32768 -32768
8 170 -171 73 -68 -32768 -32768 -32768 -32768
9 190 -189 40 -37 -32768 -32768 -32768 -32768
10 195 -197 24 -17 -32768 -32768 -32768 -32768
11 163 -164 31 -25 -32768 -32768 -32768 -32768
12 136 -139 35 -30 -32768 -32768 -32768 -32768
13 117 -119 51 -45 -32768 -32768 -32768 -32768
14 82 -85 67 -61 -32768 -32768 -32768 -32768
15 63 -64 45 -41 -32768 -32768 -32768 -32768
16 70 -71 20 -14 -32768 -32768 -32768 -32768
17 50 -53 0 6 -32768 -32768 -32768 -32768
18 42 -43 0 2 -32768 -32768 -32768 -32768
19 19 -19 9 -4 -32768 -32768 -32768 -32768
20 -14 13 -3 9 -32768 -32768 -32768 -32768
21 11 -12 -21 26 -32768 -32768 -32768 -32768
22 50 -52 -12 20 -32768 -32768 -32768 -32768
23 111 -112 -66 70 -32768 -32768 -32768 -32768
24 93 -95 -115 119 -32768 -32768 -32768 -32768
25 -9 6 -35 40 -32768 -32768 -32768 -32768
26 -14 12 -41 46 -32768 -32768 -32768 -32768
27 38 -41 -47 52 -32768 -32768 -32768 -32768
28 79 -81 -86 93 -32768 -32768 -32768 -32768
29 114 -114 -94 100 -32768 -32768 -32768 -32768
30 146 -148 -111 115 -32768 -32768 -32768 -32768
31 162 -165 -128 132 -32768 -32768 -32768 -32768
32 165 -167 -136 142 -32768 -32768 -32768 -32768
33 225 -229 -136 139 -32768 -32768 -32768 -32768
34 264 -266 -128 139 -32768 -32768 -32768 -32768
35 290 -291 -110 115 -32768 -32768 -32768 -32768
36 261 -262 -110 114 -32768 -32768 -32768 -32768
37 268 -271 -12 18 -32768 -32768 -32768 -32768
38 272 -275 76 -69 -32768 -32768 -32768 -32768
39 236 -239 78 -72 -32768 -32768 -32768 -32768
40 220 -221 25 -17 -32768 -32768 -32768 -32768
41 177 -178 7 -2 -32768 -32768 -32768 -32768
42 142 -143 40 -35 -32768 -32768 -32768 -32768
43 82 -81 63 -57 -32768 -32768 -32768 -32768
44 44 -46 88 -83 -32768 -32768 -32768 -32768
45 97 -100 156 -152 -32768 -32768 -32768 -32768
46 68 -72 108 -101 -32768 -32768 -32768 -32768
47 82 -86 62 -59 -32768 -32768 -32768 -32768
48 110 -111 71 -66 -32768 -32768 -32768 -32768
49 155 -160 46 -40 -32768 -32768 -32768 -32768
50 172 -174 36 -31 -32768 -32768 -32768 -32768
51 165 -169 70 -63 -32768 -32768 -32768 -32768
52 215 -217 65 -59 -32768 -32768 -32768 -32768
