OSINK 5B
1
10.02.21
Osova
0.0 0.0
0.0
0.00 0.00
-1.00 -1.00
0.00 0.00
20000.00
0.0
50
50
N
1
52
1 442 -424 -81 88 -32768 -32768 -32768 -32768
2 442 -424 -80 88 -32768 -32768 -32768 -32768
3 442 -424 -80 88 -32768 -32768 -32768 -32768
4 375 -389 -44 55 -32768 -32768 -32768 -32768
5 269 -284 60 -52 -32768 -32768 -32768 -32768
6 182 -196 132 -124 -32768 -32768 -32768 -32768
7 157 -174 119 -110 -32768 -32768 -32768 -32768
8 149 -164 65 -55 -32768 -32768 -32768 -32768
9 181 -198 39 -28 -32768 -32768 -32768 -32768
10 167 -185 29 -14 -32768 -32768 -32768 -32768
11 138 -157 35 -24 -32768 -32768 -32768 -32768
12 119 -138 41 -31 -32768 -32768 -32768 -32768
13 104 -123 60 -48 -32768 -32768 -32768 -32768
14 71 -88 70 -61 -32768 -32768 -32768 -32768
15 69 -84 41 -32 -32768 -32768 -32768 -32768
16 71 -91 23 -10 -32768 -32768 -32768 -32768
17 62 -77 1 9 -32768 -32768 -32768 -32768
18 57 -73 5 3 -32768 -32768 -32768 -32768
19 21 -41 12 -1 -32768 -32768 -32768 -32768
20 -4 -14 -2 6 -32768 -32768 -32768 -32768
21 42 -60 -19 36 -32768 -32768 -32768 -32768
22 73 -91 -6 17 -32768 -32768 -32768 -32768
23 137 -158 -74 88 -32768 -32768 -32768 -32768
24 106 -113 -109 113 -32768 -32768 -32768 -32768
25 0 -19 -18 29 -32768 -32768 -32768 -32768
26 -7 -11 -32 43 -32768 -32768 -32768 -32768
27 46 -58 -45 51 -32768 -32768 -32768 -32768
28 91 -110 -83 95 -32768 -32768 -32768 -32768
29 128 -143 -88 98 -32768 -32768 -32768 -32768
30 159 -179 -108 117 -32768 -32768 -32768 -32768
31 174 -193 -127 134 -32768 -32768 -32768 -32768
32 174 -191 -129 142 -32768 -32768 -32768 -32768
33 239 -255 -134 139 -32768 -32768 -32768 -32768
34 269 -288 -126 139 -32768 -32768 -32768 -32768
35 297 -312 -103 114 -32768 -32768 -32768 -32768
36 262 -279 -109 116 -32768 -32768 -32768 -32768
37 273 -292 -6 19 -32768 -32768 -32768 -32768
38 276 -294 91 -80 -32768 -32768 -32768 -32768
39 235 -251 84 -74 -32768 -32768 -32768 -32768
40 224 -241 32 -19 -32768 -32768 -32768 -32768
41 176 -194 10 0 -32768 -32768 -32768 -32768
42 143 -162 45 -36 -32768 -32768 -32768 -32768
43 78 -98 64 -53 -32768 -32768 -32768 -32768
44 37 -57 79 -67 -32768 -32768 -32768 -32768
45 92 -111 156 -147 -32768 -32768 -32768 -32768
46 65 -84 117 -103 -32768 -32768 -32768 -32768
47 80 -95 57 -55 -32768 -32768 -32768 -32768
48 102 -120 75 -65 -32768 -32768 -32768 -32768
49 145 -163 52 -41 -32768 -32768 -32768 -32768
50 166 -186 39 -29 -32768 -32768 -32768 -32768
51 159 -176 72 -60 -32768 -32768 -32768 -32768
52 204 -222 65 -56 -32768 -32768 -32768 -32768
