OSINK 5B
1
03.02.21
Osova
0.0 0.0
0.0
0.00 0.00
-1.00 -1.00
0.00 0.00
20000.00
0.0
50
50
N
1
52
1 407 -430 -86 87 -32768 -32768 -32768 -32768
2 407 -430 -86 87 -32768 -32768 -32768 -32768
3 399 -430 -86 87 -32768 -32768 -32768 -32768
4 369 -402 -48 60 -32768 -32768 -32768 -32768
5 264 -291 65 -53 -32768 -32768 -32768 -32768
6 175 -201 132 -125 -32768 -32768 -32768 -32768
7 152 -180 116 -109 -32768 -32768 -32768 -32768
8 142 -168 62 -53 -32768 -32768 -32768 -32768
9 176 -203 36 -29 -32768 -32768 -32768 -32768
10 164 -190 26 -15 -32768 -32768 -32768 -32768
11 136 -163 33 -24 -32768 -32768 -32768 -32768
12 116 -142 38 -31 -32768 -32768 -32768 -32768
13 99 -130 57 -46 -32768 -32768 -32768 -32768
14 66 -92 68 -58 -32768 -32768 -32768 -32768
15 62 -93 35 -32 -32768 -32768 -32768 -32768
16 65 -94 19 -12 -32768 -32768 -32768 -32768
17 56 -81 -1 8 -32768 -32768 -32768 -32768
18 50 -79 4 2 -32768 -32768 -32768 -32768
19 16 -43 9 -1 -32768 -32768 -32768 -32768
20 -10 -17 -4 12 -32768 -32768 -32768 -32768
21 36 -64 -21 28 -32768 -32768 -32768 -32768
22 65 -93 -8 18 -32768 -32768 -32768 -32768
23 134 -161 -80 84 -32768 -32768 -32768 -32768
24 94 -129 -108 120 -32768 -32768 -32768 -32768
25 -4 -22 -20 27 -32768 -32768 -32768 -32768
26 -10 -16 -34 42 -32768 -32768 -32768 -32768
27 46 -72 -49 54 -32768 -32768 -32768 -32768
28 85 -114 -85 94 -32768 -32768 -32768 -32768
29 125 -148 -90 98 -32768 -32768 -32768 -32768
30 156 -180 -110 116 -32768 -32768 -32768 -32768
31 168 -197 -128 135 -32768 -32768 -32768 -32768
32 170 -195 -132 141 -32768 -32768 -32768 -32768
33 235 -261 -136 139 -32768 -32768 -32768 -32768
34 266 -291 -128 139 -32768 -32768 -32768 -32768
35 291 -320 -105 114 -32768 -32768 -32768 -32768
36 258 -284 -111 116 -32768 -32768 -32768 -32768
37 268 -297 -3 17 -32768 -32768 -32768 -32768
38 270 -304 89 -77 -32768 -32768 -32768 -32768
39 230 -258 81 -75 -32768 -32768 -32768 -32768
40 219 -245 28 -21 -32768 -32768 -32768 -32768
41 172 -198 7 0 -32768 -32768 -32768 -32768
42 139 -167 44 -35 -32768 -32768 -32768 -32768
43 73 -100 61 -54 -32768 -32768 -32768 -32768
44 33 -59 78 -67 -32768 -32768 -32768 -32768
45 89 -116 157 -147 -32768 -32768 -32768 -32768
46 62 -90 113 -106 -32768 -32768 -32768 -32768
47 76 -100 63 -55 -32768 -32768 -32768 -32768
48 99 -125 73 -66 -32768 -32768 -32768 -32768
49 144 -170 48 -41 -32768 -32768 -32768 -32768
50 162 -190 38 -30 -32768 -32768 -32768 -32768
51 156 -181 70 -61 -32768 -32768 -32768 -32768
52 204 -226 65 -56 -32768 -32768 -32768 -32768
