OSINK 5B
1
20.01.21
Osova
0.0 0.0
0.0
0.00 0.00
-1.00 -1.00
0.00 0.00
20000.00
0.0
50
50
N
1
52
1 416 -416 -65 67 -32768 -32768 -32768 -32768
2 416 -416 -65 67 -32768 -32768 -32768 -32768
3 416 -416 -65 67 -32768 -32768 -32768 -32768
4 370 -380 -38 49 -32768 -32768 -32768 -32768
5 259 -272 70 -59 -32768 -32768 -32768 -32768
6 179 -187 131 -127 -32768 -32768 -32768 -32768
7 161 -166 109 -109 -32768 -32768 -32768 -32768
8 150 -154 54 -53 -32768 -32768 -32768 -32768
9 192 -196 32 -30 -32768 -32768 -32768 -32768
10 172 -179 25 -17 -32768 -32768 -32768 -32768
11 145 -151 30 -27 -32768 -32768 -32768 -32768
12 124 -128 38 -35 -32768 -32768 -32768 -32768
13 106 -113 56 -51 -32768 -32768 -32768 -32768
14 63 -79 66 -64 -32768 -32768 -32768 -32768
15 73 -79 31 -32 -32768 -32768 -32768 -32768
16 72 -77 16 -9 -32768 -32768 -32768 -32768
17 59 -63 -4 7 -32768 -32768 -32768 -32768
18 54 -57 2 0 -32768 -32768 -32768 -32768
19 19 -21 8 -4 -32768 -32768 -32768 -32768
20 -5 1 -10 12 -32768 -32768 -32768 -32768
21 39 -42 -23 26 -32768 -32768 -32768 -32768
22 74 -75 -12 17 -32768 -32768 -32768 -32768
23 138 -146 -86 97 -32768 -32768 -32768 -32768
24 88 -87 -104 103 -32768 -32768 -32768 -32768
25 -3 2 -24 28 -32768 -32768 -32768 -32768
26 -5 2 -40 43 -32768 -32768 -32768 -32768
27 54 -56 -56 54 -32768 -32768 -32768 -32768
28 89 -92 -88 93 -32768 -32768 -32768 -32768
29 129 -129 -95 97 -32768 -32768 -32768 -32768
30 159 -161 -115 116 -32768 -32768 -32768 -32768
31 170 -174 -131 134 -32768 -32768 -32768 -32768
32 173 -177 -135 139 -32768 -32768 -32768 -32768
33 241 -244 -139 138 -32768 -32768 -32768 -32768
34 270 -274 -130 136 -32768 -32768 -32768 -32768
35 293 -296 -108 111 -32768 -32768 -32768 -32768
36 264 -268 -108 108 -32768 -32768 -32768 -32768
37 274 -280 2 4 -32768 -32768 -32768 -32768
38 272 -276 85 -80 -32768 -32768 -32768 -32768
39 237 -240 76 -73 -32768 -32768 -32768 -32768
40 221 -225 20 -15 -32768 -32768 -32768 -32768
41 177 -180 6 -5 -32768 -32768 -32768 -32768
42 143 -147 44 -42 -32768 -32768 -32768 -32768
43 76 -83 59 -56 -32768 -32768 -32768 -32768
44 45 -50 80 -80 -32768 -32768 -32768 -32768
45 100 -106 157 -154 -32768 -32768 -32768 -32768
46 68 -72 101 -98 -32768 -32768 -32768 -32768
47 86 -88 61 -57 -32768 -32768 -32768 -32768
48 112 -115 69 -67 -32768 -32768 -32768 -32768
49 157 -161 45 -40 -32768 -32768 -32768 -32768
50 172 -176 36 -34 -32768 -32768 -32768 -32768
51 166 -172 68 -64 -32768 -32768 -32768 -32768
52 218 -223 63 -60 -32768 -32768 -32768 -32768
