OSINK 5B
1
23.03.21
Osova
0.0 0.0
0.0
0.00 0.00
-1.00 -1.00
0.00 0.00
20000.00
0.0
50
50
N
1
52
1 391 -409 -70 41 -32768 -32768 -32768 -32768
2 391 -409 -70 41 -32768 -32768 -32768 -32768
3 391 -409 -70 41 -32768 -32768 -32768 -32768
4 368 -385 -53 38 -32768 -32768 -32768 -32768
5 264 -277 52 -69 -32768 -32768 -32768 -32768
6 178 -190 119 -140 -32768 -32768 -32768 -32768
7 158 -170 102 -122 -32768 -32768 -32768 -32768
8 146 -158 45 -66 -32768 -32768 -32768 -32768
9 183 -198 19 -40 -32768 -32768 -32768 -32768
10 166 -178 12 -29 -32768 -32768 -32768 -32768
11 137 -149 17 -41 -32768 -32768 -32768 -32768
12 119 -132 26 -47 -32768 -32768 -32768 -32768
13 104 -118 43 -64 -32768 -32768 -32768 -32768
14 71 -84 54 -76 -32768 -32768 -32768 -32768
15 72 -84 21 -45 -32768 -32768 -32768 -32768
16 74 -88 5 -23 -32768 -32768 -32768 -32768
17 65 -78 -15 -5 -32768 -32768 -32768 -32768
18 59 -73 -10 -12 -32768 -32768 -32768 -32768
19 22 -35 -4 -16 -32768 -32768 -32768 -32768
20 2 -15 -22 0 -32768 -32768 -32768 -32768
21 52 -62 -36 14 -32768 -32768 -32768 -32768
22 81 -94 -23 3 -32768 -32768 -32768 -32768
23 147 -160 -99 74 -32768 -32768 -32768 -32768
24 98 -111 -118 97 -32768 -32768 -32768 -32768
25 4 -16 -32 10 -32768 -32768 -32768 -32768
26 -1 -11 -49 27 -32768 -32768 -32768 -32768
27 54 -68 -64 40 -32768 -32768 -32768 -32768
28 95 -109 -100 82 -32768 -32768 -32768 -32768
29 133 -145 -105 83 -32768 -32768 -32768 -32768
30 166 -178 -125 102 -32768 -32768 -32768 -32768
31 178 -192 -142 122 -32768 -32768 -32768 -32768
32 178 -192 -146 124 -32768 -32768 -32768 -32768
33 246 -258 -150 125 -32768 -32768 -32768 -32768
34 276 -290 -143 123 -32768 -32768 -32768 -32768
35 298 -311 -123 99 -32768 -32768 -32768 -32768
36 266 -280 -123 97 -32768 -32768 -32768 -32768
37 277 -292 -10 -8 -32768 -32768 -32768 -32768
38 278 -291 77 -97 -32768 -32768 -32768 -32768
39 237 -249 65 -87 -32768 -32768 -32768 -32768
40 224 -236 9 -29 -32768 -32768 -32768 -32768
41 175 -190 -4 -16 -32768 -32768 -32768 -32768
42 143 -155 32 -54 -32768 -32768 -32768 -32768
43 76 -85 47 -68 -32768 -32768 -32768 -32768
44 41 -54 64 -87 -32768 -32768 -32768 -32768
45 96 -111 143 -165 -32768 -32768 -32768 -32768
46 66 -78 92 -107 -32768 -32768 -32768 -32768
47 85 -96 50 -71 -32768 -32768 -32768 -32768
48 106 -121 56 -78 -32768 -32768 -32768 -32768
49 152 -167 31 -53 -32768 -32768 -32768 -32768
50 167 -182 26 -47 -32768 -32768 -32768 -32768
51 163 -176 56 -77 -32768 -32768 -32768 -32768
52 217 -227 52 -73 -32768 -32768 -32768 -32768
