OSINK 5B
1
17.02.21
Osova
0.0 0.0
0.0
0.00 0.00
-1.00 -1.00
0.00 0.00
20000.00
0.0
50
50
N
1
52
1 451 -448 -109 99 -32768 -32768 -32768 -32768
2 451 -448 -108 99 -32768 -32768 -32768 -32768
3 451 -448 -108 99 -32768 -32768 -32768 -32768
4 380 -389 -50 60 -32768 -32768 -32768 -32768
5 264 -271 67 -62 -32768 -32768 -32768 -32768
6 182 -188 131 -128 -32768 -32768 -32768 -32768
7 162 -169 112 -106 -32768 -32768 -32768 -32768
8 151 -157 57 -52 -32768 -32768 -32768 -32768
9 190 -197 31 -28 -32768 -32768 -32768 -32768
10 171 -178 24 -16 -32768 -32768 -32768 -32768
11 144 -150 30 -27 -32768 -32768 -32768 -32768
12 124 -130 37 -35 -32768 -32768 -32768 -32768
13 109 -116 56 -50 -32768 -32768 -32768 -32768
14 75 -82 66 -63 -32768 -32768 -32768 -32768
15 69 -79 34 -34 -32768 -32768 -32768 -32768
16 77 -84 17 -11 -32768 -32768 -32768 -32768
17 66 -71 -3 7 -32768 -32768 -32768 -32768
18 60 -67 2 0 -32768 -32768 -32768 -32768
19 25 -31 7 -3 -32768 -32768 -32768 -32768
20 1 -9 -9 11 -32768 -32768 -32768 -32768
21 49 -56 -24 27 -32768 -32768 -32768 -32768
22 80 -87 -11 16 -32768 -32768 -32768 -32768
23 142 -154 -77 89 -32768 -32768 -32768 -32768
24 105 -102 -110 106 -32768 -32768 -32768 -32768
25 6 -11 -21 25 -32768 -32768 -32768 -32768
26 0 -6 -37 40 -32768 -32768 -32768 -32768
27 49 -65 -51 53 -32768 -32768 -32768 -32768
28 98 -104 -88 93 -32768 -32768 -32768 -32768
29 134 -140 -93 96 -32768 -32768 -32768 -32768
30 166 -173 -113 115 -32768 -32768 -32768 -32768
31 180 -187 -129 133 -32768 -32768 -32768 -32768
32 179 -186 -135 138 -32768 -32768 -32768 -32768
33 247 -251 -139 137 -32768 -32768 -32768 -32768
34 276 -282 -130 136 -32768 -32768 -32768 -32768
35 302 -309 -107 111 -32768 -32768 -32768 -32768
36 269 -276 -110 111 -32768 -32768 -32768 -32768
37 280 -288 0 7 -32768 -32768 -32768 -32768
38 279 -286 88 -84 -32768 -32768 -32768 -32768
39 239 -246 77 -74 -32768 -32768 -32768 -32768
40 226 -233 22 -18 -32768 -32768 -32768 -32768
41 181 -185 6 -3 -32768 -32768 -32768 -32768
42 146 -153 43 -42 -32768 -32768 -32768 -32768
43 79 -84 60 -55 -32768 -32768 -32768 -32768
44 44 -51 77 -75 -32768 -32768 -32768 -32768
45 101 -107 157 -152 -32768 -32768 -32768 -32768
46 68 -74 99 -97 -32768 -32768 -32768 -32768
47 86 -92 60 -58 -32768 -32768 -32768 -32768
48 110 -116 69 -67 -32768 -32768 -32768 -32768
49 156 -164 44 -42 -32768 -32768 -32768 -32768
50 176 -180 36 -33 -32768 -32768 -32768 -32768
51 165 -175 68 -61 -32768 -32768 -32768 -32768
52 216 -230 63 -58 -32768 -32768 -32768 -32768
