OSINK 5B
1
09.12.20
Osova
0.0 0.0
0.0
0.00 0.00
-1.00 -1.00
0.00 0.00
20000.00
0.0
50
50
N
1
52
1 413 -450 -57 70 -32768 -32768 -32768 -32768
2 413 -450 -57 70 -32768 -32768 -32768 -32768
3 413 -450 -57 70 -32768 -32768 -32768 -32768
4 366 -392 -41 54 -32768 -32768 -32768 -32768
5 248 -268 75 -68 -32768 -32768 -32768 -32768
6 176 -195 130 -122 -32768 -32768 -32768 -32768
7 152 -177 113 -102 -32768 -32768 -32768 -32768
8 142 -166 60 -47 -32768 -32768 -32768 -32768
9 178 -204 35 -25 -32768 -32768 -32768 -32768
10 163 -186 26 -12 -32768 -32768 -32768 -32768
11 136 -160 31 -21 -32768 -32768 -32768 -32768
12 111 -139 38 -28 -32768 -32768 -32768 -32768
13 97 -124 57 -45 -32768 -32768 -32768 -32768
14 61 -87 68 -58 -32768 -32768 -32768 -32768
15 56 -82 38 -29 -32768 -32768 -32768 -32768
16 60 -83 17 -6 -32768 -32768 -32768 -32768
17 46 -69 -1 11 -32768 -32768 -32768 -32768
18 41 -65 3 5 -32768 -32768 -32768 -32768
19 4 -31 10 0 -32768 -32768 -32768 -32768
20 -22 -4 -8 19 -32768 -32768 -32768 -32768
21 26 -51 -22 32 -32768 -32768 -32768 -32768
22 58 -80 -12 24 -32768 -32768 -32768 -32768
23 118 -135 -75 75 -32768 -32768 -32768 -32768
24 71 -102 -104 116 -32768 -32768 -32768 -32768
25 -24 -6 -27 36 -32768 -32768 -32768 -32768
26 -20 -4 -39 48 -32768 -32768 -32768 -32768
27 34 -54 -50 59 -32768 -32768 -32768 -32768
28 82 -102 -92 102 -32768 -32768 -32768 -32768
29 112 -136 -95 104 -32768 -32768 -32768 -32768
30 143 -173 -114 127 -32768 -32768 -32768 -32768
31 156 -181 -130 140 -32768 -32768 -32768 -32768
32 160 -184 -133 144 -32768 -32768 -32768 -32768
33 224 -247 -138 144 -32768 -32768 -32768 -32768
34 255 -282 -131 142 -32768 -32768 -32768 -32768
35 278 -298 -108 118 -32768 -32768 -32768 -32768
36 250 -275 -109 119 -32768 -32768 -32768 -32768
37 263 -289 -7 3 -32768 -32768 -32768 -32768
38 260 -286 82 -71 -32768 -32768 -32768 -32768
39 223 -248 76 -68 -32768 -32768 -32768 -32768
40 206 -236 19 -14 -32768 -32768 -32768 -32768
41 162 -190 9 2 -32768 -32768 -32768 -32768
42 128 -157 45 -33 -32768 -32768 -32768 -32768
43 61 -93 62 -51 -32768 -32768 -32768 -32768
44 34 -59 87 -76 -32768 -32768 -32768 -32768
45 90 -115 160 -148 -32768 -32768 -32768 -32768
46 57 -83 99 -95 -32768 -32768 -32768 -32768
47 75 -98 63 -52 -32768 -32768 -32768 -32768
48 100 -124 70 -61 -32768 -32768 -32768 -32768
49 148 -173 43 -33 -32768 -32768 -32768 -32768
50 158 -184 38 -28 -32768 -32768 -32768 -32768
51 155 -180 69 -58 -32768 -32768 -32768 -32768
52 205 -231 63 -54 -32768 -32768 -32768 -32768
