OSINK 5B
1
21.04.21
Osova
0.0 0.0
0.0
0.00 0.00
-1.00 -1.00
0.00 0.00
20000.00
0.0
50
50
N
1
52
1 386 -412 -69 84 -32768 -32768 -32768 -32768
2 385 -411 -69 84 -32768 -32768 -32768 -32768
3 385 -411 -69 84 -32768 -32768 -32768 -32768
4 360 -385 -29 54 -32768 -32768 -32768 -32768
5 255 -274 76 -57 -32768 -32768 -32768 -32768
6 170 -192 143 -121 -32768 -32768 -32768 -32768
7 154 -175 120 -99 -32768 -32768 -32768 -32768
8 140 -162 64 -43 -32768 -32768 -32768 -32768
9 180 -203 40 -20 -32768 -32768 -32768 -32768
10 161 -181 33 -8 -32768 -32768 -32768 -32768
11 131 -154 40 -19 -32768 -32768 -32768 -32768
12 113 -113 49 -26 -32768 -32768 -32768 -32768
13 100 -122 66 -43 -32768 -32768 -32768 -32768
14 66 -90 77 -55 -32768 -32768 -32768 -32768
15 71 -91 41 -24 -32768 -32768 -32768 -32768
16 71 -93 27 -2 -32768 -32768 -32768 -32768
17 62 -83 6 15 -32768 -32768 -32768 -32768
18 57 -78 12 8 -32768 -32768 -32768 -32768
19 19 -41 17 5 -32768 -32768 -32768 -32768
20 0 -22 -1 21 -32768 -32768 -32768 -32768
21 51 -77 -15 36 -32768 -32768 -32768 -32768
22 80 -101 -2 24 -32768 -32768 -32768 -32768
23 146 -168 -79 100 -32768 -32768 -32768 -32768
24 91 -115 -94 116 -32768 -32768 -32768 -32768
25 0 -20 -9 31 -32768 -32768 -32768 -32768
26 -5 -17 -28 50 -32768 -32768 -32768 -32768
27 55 -76 -42 63 -32768 -32768 -32768 -32768
28 91 -113 -79 103 -32768 -32768 -32768 -32768
29 128 -152 -82 105 -32768 -32768 -32768 -32768
30 163 -185 -104 126 -32768 -32768 -32768 -32768
31 175 -197 -122 143 -32768 -32768 -32768 -32768
32 178 -197 -128 146 -32768 -32768 -32768 -32768
33 244 -267 -130 145 -32768 -32768 -32768 -32768
34 273 -296 -120 145 -32768 -32768 -32768 -32768
35 295 -315 -97 120 -32768 -32768 -32768 -32768
36 262 -284 -99 119 -32768 -32768 -32768 -32768
37 274 -295 18 8 -32768 -32768 -32768 -32768
38 271 -294 98 -77 -32768 -32768 -32768 -32768
39 231 -257 85 -67 -32768 -32768 -32768 -32768
40 216 -238 30 -5 -32768 -32768 -32768 -32768
41 174 -193 15 5 -32768 -32768 -32768 -32768
42 143 -159 53 -35 -32768 -32768 -32768 -32768
43 61 -92 69 -47 -32768 -32768 -32768 -32768
44 32 -62 84 -66 -32768 -32768 -32768 -32768
45 93 -116 164 -145 -32768 -32768 -32768 -32768
46 61 -83 110 -89 -32768 -32768 -32768 -32768
47 81 -101 74 -50 -32768 -32768 -32768 -32768
48 103 -126 79 -56 -32768 -32768 -32768 -32768
49 150 -173 52 -30 -32768 -32768 -32768 -32768
50 163 -186 47 -26 -32768 -32768 -32768 -32768
51 160 -181 77 -56 -32768 -32768 -32768 -32768
52 209 -231 71 -52 -32768 -32768 -32768 -32768
