OSINK 5B
1
03.03.21
Osova
0.0 0.0
0.0
0.00 0.00
-1.00 -1.00
0.00 0.00
20000.00
0.0
50
50
N
1
52
1 393 -419 -77 62 -32768 -32768 -32768 -32768
2 395 -419 -76 62 -32768 -32768 -32768 -32768
3 395 -418 -76 62 -32768 -32768 -32768 -32768
4 365 -387 -40 50 -32768 -32768 -32768 -32768
5 255 -278 71 -60 -32768 -32768 -32768 -32768
6 172 -193 134 -127 -32768 -32768 -32768 -32768
7 154 -175 111 -103 -32768 -32768 -32768 -32768
8 143 -163 59 -52 -32768 -32768 -32768 -32768
9 183 -204 33 -27 -32768 -32768 -32768 -32768
10 162 -181 26 -13 -32768 -32768 -32768 -32768
11 134 -155 30 -27 -32768 -32768 -32768 -32768
12 117 -136 39 -33 -32768 -32768 -32768 -32768
13 102 -122 58 -49 -32768 -32768 -32768 -32768
14 68 -88 69 -61 -32768 -32768 -32768 -32768
15 67 -87 33 -29 -32768 -32768 -32768 -32768
16 70 -90 18 -9 -32768 -32768 -32768 -32768
17 60 -79 -2 9 -32768 -32768 -32768 -32768
18 55 -74 4 2 -32768 -32768 -32768 -32768
19 15 -36 9 -1 -32768 -32768 -32768 -32768
20 -4 -18 -7 15 -32768 -32768 -32768 -32768
21 46 -71 -21 30 -32768 -32768 -32768 -32768
22 80 -99 -9 19 -32768 -32768 -32768 -32768
23 145 -163 -90 94 -32768 -32768 -32768 -32768
24 90 -108 -101 106 -32768 -32768 -32768 -32768
25 -1 -17 -17 26 -32768 -32768 -32768 -32768
26 -4 -14 -36 42 -32768 -32768 -32768 -32768
27 51 -76 -49 59 -32768 -32768 -32768 -32768
28 92 -114 -86 97 -32768 -32768 -32768 -32768
29 131 -151 -91 98 -32768 -32768 -32768 -32768
30 162 -181 -113 119 -32768 -32768 -32768 -32768
31 174 -194 -129 137 -32768 -32768 -32768 -32768
32 175 -195 -132 140 -32768 -32768 -32768 -32768
33 244 -264 -136 139 -32768 -32768 -32768 -32768
34 275 -292 -128 136 -32768 -32768 -32768 -32768
35 295 -314 -106 113 -32768 -32768 -32768 -32768
36 262 -283 -106 111 -32768 -32768 -32768 -32768
37 273 -296 4 2 -32768 -32768 -32768 -32768
38 272 -291 90 -83 -32768 -32768 -32768 -32768
39 234 -253 79 -72 -32768 -32768 -32768 -32768
40 218 -240 22 -15 -32768 -32768 -32768 -32768
41 171 -191 10 -2 -32768 -32768 -32768 -32768
42 138 -161 47 -39 -32768 -32768 -32768 -32768
43 68 -90 61 -53 -32768 -32768 -32768 -32768
44 41 -58 82 -75 -32768 -32768 -32768 -32768
45 95 -116 162 -152 -32768 -32768 -32768 -32768
46 61 -80 99 -93 -32768 -32768 -32768 -32768
47 82 -98 64 -57 -32768 -32768 -32768 -32768
48 104 -124 71 -64 -32768 -32768 -32768 -32768
49 153 -172 45 -38 -32768 -32768 -32768 -32768
50 162 -185 40 -33 -32768 -32768 -32768 -32768
51 162 -182 71 -63 -32768 -32768 -32768 -32768
52 210 -232 65 -59 -32768 -32768 -32768 -32768
