OSINK 5B
1
24.02.21
Osova
0.0 0.0
0.0
0.00 0.00
-1.00 -1.00
0.00 0.00
20000.00
0.0
50
50
N
1
52
1 415 -433 -90 74 -32768 -32768 -32768 -32768
2 415 -433 -90 74 -32768 -32768 -32768 -32768
3 415 -433 -90 74 -32768 -32768 -32768 -32768
4 369 -383 -45 49 -32768 -32768 -32768 -32768
5 264 -272 65 -64 -32768 -32768 -32768 -32768
6 177 -189 130 -129 -32768 -32768 -32768 -32768
7 159 -171 108 -107 -32768 -32768 -32768 -32768
8 147 -159 53 -53 -32768 -32768 -32768 -32768
9 187 -198 30 -29 -32768 -32768 -32768 -32768
10 168 -179 23 -17 -32768 -32768 -32768 -32768
11 139 -150 28 -28 -32768 -32768 -32768 -32768
12 120 -133 37 -35 -32768 -32768 -32768 -32768
13 105 -119 54 -52 -32768 -32768 -32768 -32768
14 71 -84 65 -64 -32768 -32768 -32768 -32768
15 70 -84 31 -32 -32768 -32768 -32768 -32768
16 74 -86 16 -10 -32768 -32768 -32768 -32768
17 63 -75 -5 7 -32768 -32768 -32768 -32768
18 57 -70 1 0 -32768 -32768 -32768 -32768
19 20 -33 6 -4 -32768 -32768 -32768 -32768
20 0 -12 -11 12 -32768 -32768 -32768 -32768
21 50 -62 -24 25 -32768 -32768 -32768 -32768
22 82 -93 -13 15 -32768 -32768 -32768 -32768
23 146 -159 -88 90 -32768 -32768 -32768 -32768
24 93 -108 -105 108 -32768 -32768 -32768 -32768
25 1 -14 -21 23 -32768 -32768 -32768 -32768
26 -2 -9 -39 40 -32768 -32768 -32768 -32768
27 59 -70 -56 53 -32768 -32768 -32768 -32768
28 95 -109 -89 93 -32768 -32768 -32768 -32768
29 133 -145 -94 95 -32768 -32768 -32768 -32768
30 165 -177 -114 116 -32768 -32768 -32768 -32768
31 177 -189 -132 133 -32768 -32768 -32768 -32768
32 176 -189 -135 137 -32768 -32768 -32768 -32768
33 247 -258 -140 137 -32768 -32768 -32768 -32768
34 274 -286 -131 135 -32768 -32768 -32768 -32768
35 301 -312 -108 111 -32768 -32768 -32768 -32768
36 266 -277 -110 112 -32768 -32768 -32768 -32768
37 276 -288 -9 9 -32768 -32768 -32768 -32768
38 278 -293 88 -84 -32768 -32768 -32768 -32768
39 237 -249 78 -76 -32768 -32768 -32768 -32768
40 226 -236 24 -19 -32768 -32768 -32768 -32768
41 176 -190 6 -4 -32768 -32768 -32768 -32768
42 144 -155 43 -43 -32768 -32768 -32768 -32768
43 76 -88 58 -56 -32768 -32768 -32768 -32768
44 42 -54 78 -77 -32768 -32768 -32768 -32768
45 97 -112 155 -155 -32768 -32768 -32768 -32768
46 67 -78 105 -100 -32768 -32768 -32768 -32768
47 84 -95 60 -59 -32768 -32768 -32768 -32768
48 106 -120 69 -67 -32768 -32768 -32768 -32768
49 154 -167 42 -40 -32768 -32768 -32768 -32768
50 167 -180 37 -35 -32768 -32768 -32768 -32768
51 163 -176 68 -66 -32768 -32768 -32768 -32768
52 215 -227 64 -60 -32768 -32768 -32768 -32768
