OSINK 5B
1
19.05.21
Osova
0.0 0.0
0.0
0.00 0.00
-1.00 -1.00
0.00 0.00
20000.00
0.0
50
50
N
1
52
1 382 -422 -54 70 -32768 -32768 -32768 -32768
2 382 -420 -54 74 -32768 -32768 -32768 -32768
3 382 -420 -54 74 -32768 -32768 -32768 -32768
4 360 -380 -31 48 -32768 -32768 -32768 -32768
5 258 -270 73 -61 -32768 -32768 -32768 -32768
6 173 -190 139 -124 -32768 -32768 -32768 -32768
7 155 -174 116 -100 -32768 -32768 -32768 -32768
8 142 -160 62 -45 -32768 -32768 -32768 -32768
9 181 -204 37 -21 -32768 -32768 -32768 -32768
10 159 -178 32 -11 -32768 -32768 -32768 -32768
11 133 -151 36 -21 -32768 -32768 -32768 -32768
12 116 -134 47 -31 -32768 -32768 -32768 -32768
13 99 -120 64 -47 -32768 -32768 -32768 -32768
14 69 -85 74 -54 -32768 -32768 -32768 -32768
15 74 -91 39 -26 -32768 -32768 -32768 -32768
16 73 -92 22 -3 -32768 -32768 -32768 -32768
17 66 -84 2 14 -32768 -32768 -32768 -32768
18 57 -78 6 6 -32768 -32768 -32768 -32768
19 19 -39 12 2 -32768 -32768 -32768 -32768
20 -5 -22 0 22 -32768 -32768 -32768 -32768
21 52 -76 -16 33 -32768 -32768 -32768 -32768
22 83 -103 -4 23 -32768 -32768 -32768 -32768
23 147 -174 -86 111 -32768 -32768 -32768 -32768
24 92 -111 -100 111 -32768 -32768 -32768 -32768
25 0 -20 -11 28 -32768 -32768 -32768 -32768
26 -3 -15 -31 46 -32768 -32768 -32768 -32768
27 58 -77 -43 61 -32768 -32768 -32768 -32768
28 93 -114 -82 101 -32768 -32768 -32768 -32768
29 130 -152 -85 103 -32768 -32768 -32768 -32768
30 163 -184 -107 125 -32768 -32768 -32768 -32768
31 176 -195 -124 141 -32768 -32768 -32768 -32768
32 177 -199 -127 144 -32768 -32768 -32768 -32768
33 245 -266 -132 144 -32768 -32768 -32768 -32768
34 273 -294 -123 142 -32768 -32768 -32768 -32768
35 296 -312 -100 118 -32768 -32768 -32768 -32768
36 264 -283 -100 114 -32768 -32768 -32768 -32768
37 276 -295 14 0 -32768 -32768 -32768 -32768
38 270 -286 92 -79 -32768 -32768 -32768 -32768
39 232 -256 84 -67 -32768 -32768 -32768 -32768
40 217 -237 25 -7 -32768 -32768 -32768 -32768
41 173 -191 14 1 -32768 -32768 -32768 -32768
42 140 -157 52 -38 -32768 -32768 -32768 -32768
43 70 -87 66 -49 -32768 -32768 -32768 -32768
44 41 -61 86 -68 -32768 -32768 -32768 -32768
45 109 -117 165 -148 -32768 -32768 -32768 -32768
46 62 -80 105 -87 -32768 -32768 -32768 -32768
47 81 -100 68 -52 -32768 -32768 -32768 -32768
48 105 -123 77 -59 -32768 -32768 -32768 -32768
49 150 -173 51 -31 -32768 -32768 -32768 -32768
50 164 -184 45 -29 -32768 -32768 -32768 -32768
51 160 -181 75 -59 -32768 -32768 -32768 -32768
52 211 -235 71 -56 -32768 -32768 -32768 -32768
