OSINK 5B
1
30.09.20
Osova
0.0 0.0
0.0
0.00 0.00
-1.00 -1.00
0.00 0.00
20000.00
0.0
50
50
N
1
52
1 477 -490 -43 35 -32768 -32768 -32768 -32768
2 477 -490 -43 35 -32768 -32768 -32768 -32768
3 477 -490 -43 37 -32768 -32768 -32768 -32768
4 418 -438 -63 57 -32768 -32768 -32768 -32768
5 313 -333 26 -20 -32768 -32768 -32768 -32768
6 212 -230 116 -120 -32768 -32768 -32768 -32768
7 174 -189 124 -128 -32768 -32768 -32768 -32768
8 162 -178 68 -72 -32768 -32768 -32768 -32768
9 182 -196 39 -42 -32768 -32768 -32768 -32768
10 187 -203 4 -22 -32768 -32768 -32768 -32768
11 154 -171 31 -29 -32768 -32768 -32768 -32768
12 127 -145 30 -35 -32768 -32768 -32768 -32768
13 109 -125 45 -50 -32768 -32768 -32768 -32768
14 76 -91 60 -66 -32768 -32768 -32768 -32768
15 55 -73 40 -45 -32768 -32768 -32768 -32768
16 62 -78 16 -18 -32768 -32768 -32768 -32768
17 43 -58 -4 1 -32768 -32768 -32768 -32768
18 34 -50 -5 0 -32768 -32768 -32768 -32768
19 11 -27 4 -8 -32768 -32768 -32768 -32768
20 -22 6 -8 4 -32768 -32768 -32768 -32768
21 4 -20 -25 22 -32768 -32768 -32768 -32768
22 43 -59 -17 14 -32768 -32768 -32768 -32768
23 105 -121 -71 69 -32768 -32768 -32768 -32768
24 88 -103 -120 115 -32768 -32768 -32768 -32768
25 -16 0 -40 35 -32768 -32768 -32768 -32768
26 -21 5 -46 41 -32768 -32768 -32768 -32768
27 30 -47 -52 47 -32768 -32768 -32768 -32768
28 72 -89 -91 88 -32768 -32768 -32768 -32768
29 107 -122 -99 95 -32768 -32768 -32768 -32768
30 139 -155 -116 111 -32768 -32768 -32768 -32768
31 155 -171 -133 128 -32768 -32768 -32768 -32768
32 158 -173 -140 137 -32768 -32768 -32768 -32768
33 219 -235 -141 134 -32768 -32768 -32768 -32768
34 256 -272 -136 134 -32768 -32768 -32768 -32768
35 284 -298 -114 111 -32768 -32768 -32768 -32768
36 253 -269 -115 109 -32768 -32768 -32768 -32768
37 262 -277 -16 13 -32768 -32768 -32768 -32768
38 264 -281 72 -76 -32768 -32768 -32768 -32768
39 228 -244 73 -77 -32768 -32768 -32768 -32768
40 213 -229 20 -22 -32768 -32768 -32768 -32768
41 170 -185 2 -6 -32768 -32768 -32768 -32768
42 135 -152 35 -39 -32768 -32768 -32768 -32768
43 72 -90 58 -61 -32768 -32768 -32768 -32768
44 37 -53 82 -85 -32768 -32768 -32768 -32768
45 91 -108 152 -157 -32768 -32768 -32768 -32768
46 62 -77 103 -104 -32768 -32768 -32768 -32768
47 76 -91 57 -62 -32768 -32768 -32768 -32768
48 103 -119 65 -70 -32768 -32768 -32768 -32768
49 151 -165 40 -44 -32768 -32768 -32768 -32768
50 164 -181 30 -36 -32768 -32768 -32768 -32768
51 160 -175 66 -68 -32768 -32768 -32768 -32768
52 208 -224 60 -64 -32768 -32768 -32768 -32768
