OSINK 5B
1
01.06.21
Osova
0.0 0.0
0.0
0.00 0.00
-1.00 -1.00
0.00 0.00
20000.00
0.0
50
50
N
1
52
1 427 -431 -61 62 -32768 -32768 -32768 -32768
2 427 -432 -61 62 -32768 -32768 -32768 -32768
3 427 -432 -61 62 -32768 -32768 -32768 -32768
4 363 -380 -38 38 -32768 -32768 -32768 -32768
5 255 -272 70 -66 -32768 -32768 -32768 -32768
6 170 -191 134 -133 -32768 -32768 -32768 -32768
7 153 -175 109 -108 -32768 -32768 -32768 -32768
8 140 -160 58 -52 -32768 -32768 -32768 -32768
9 183 -206 23 -26 -32768 -32768 -32768 -32768
10 159 -178 24 -18 -32768 -32768 -32768 -32768
11 131 -151 30 -28 -32768 -32768 -32768 -32768
12 115 -135 40 -38 -32768 -32768 -32768 -32768
13 100 -123 57 -55 -32768 -32768 -32768 -32768
14 67 -88 67 -64 -32768 -32768 -32768 -32768
15 73 -93 31 -32 -32768 -32768 -32768 -32768
16 72 -93 16 -11 -32768 -32768 -32768 -32768
17 66 -86 -4 7 -32768 -32768 -32768 -32768
18 60 -79 3 -1 -32768 -32768 -32768 -32768
19 18 -41 7 -4 -32768 -32768 -32768 -32768
20 0 -22 -12 12 -32768 -32768 -32768 -32768
21 55 -75 -25 25 -32768 -32768 -32768 -32768
22 86 -105 -11 16 -32768 -32768 -32768 -32768
23 150 -173 -94 100 -32768 -32768 -32768 -32768
24 87 -112 -100 104 -32768 -32768 -32768 -32768
25 0 -21 -18 21 -32768 -32768 -32768 -32768
26 -7 -16 -43 39 -32768 -32768 -32768 -32768
27 58 -80 -52 59 -32768 -32768 -32768 -32768
28 91 -114 -89 94 -32768 -32768 -32768 -32768
29 132 -151 -93 95 -32768 -32768 -32768 -32768
30 165 -183 -116 115 -32768 -32768 -32768 -32768
31 175 -196 -132 134 -32768 -32768 -32768 -32768
32 178 -196 -138 136 -32768 -32768 -32768 -32768
33 243 -265 -138 136 -32768 -32768 -32768 -32768
34 275 -295 -129 134 -32768 -32768 -32768 -32768
35 293 -314 -107 110 -32768 -32768 -32768 -32768
36 265 -280 -103 107 -32768 -32768 -32768 -32768
37 275 -296 7 -3 -32768 -32768 -32768 -32768
38 269 -291 86 -87 -32768 -32768 -32768 -32768
39 232 -256 76 -76 -32768 -32768 -32768 -32768
40 216 -238 18 -14 -32768 -32768 -32768 -32768
41 172 -192 8 -5 -32768 -32768 -32768 -32768
42 137 -160 47 -44 -32768 -32768 -32768 -32768
43 67 -89 59 -57 -32768 -32768 -32768 -32768
44 40 -61 79 -75 -32768 -32768 -32768 -32768
45 94 -117 158 -159 -32768 -32768 -32768 -32768
46 60 -80 96 -91 -32768 -32768 -32768 -32768
47 80 -101 62 -60 -32768 -32768 -32768 -32768
48 105 -127 69 -66 -32768 -32768 -32768 -32768
49 154 -175 40 -39 -32768 -32768 -32768 -32768
50 163 -185 38 -35 -32768 -32768 -32768 -32768
51 162 -189 72 -69 -32768 -32768 -32768 -32768
52 216 -236 66 -64 -32768 -32768 -32768 -32768
