OSINK 5B
1
16.12.20
Osova
0.0 0.0
0.0
0.00 0.00
-1.00 -1.00
0.00 0.00
20000.00
0.0
50
50
N
1
52
1 411 -428 -93 92 -32768 -32768 -32768 -32768
2 411 -428 -92 92 -32768 -32768 -32768 -32768
3 411 -428 -92 92 -32768 -32768 -32768 -32768
4 368 -384 -40 44 -32768 -32768 -32768 -32768
5 259 -275 64 -63 -32768 -32768 -32768 -32768
6 176 -193 130 -127 -32768 -32768 -32768 -32768
7 156 -174 108 -106 -32768 -32768 -32768 -32768
8 146 -163 57 -54 -32768 -32768 -32768 -32768
9 187 -203 32 -29 -32768 -32768 -32768 -32768
10 167 -184 24 -17 -32768 -32768 -32768 -32768
11 139 -158 29 -27 -32768 -32768 -32768 -32768
12 117 -136 37 -34 -32768 -32768 -32768 -32768
13 102 -121 55 -51 -32768 -32768 -32768 -32768
14 66 -83 68 -64 -32768 -32768 -32768 -32768
15 64 -80 33 -33 -32768 -32768 -32768 -32768
16 64 -83 16 -10 -32768 -32768 -32768 -32768
17 50 -68 -3 6 -32768 -32768 -32768 -32768
18 44 -62 2 0 -32768 -32768 -32768 -32768
19 10 -27 9 -4 -32768 -32768 -32768 -32768
20 -17 -1 -9 12 -32768 -32768 -32768 -32768
21 26 -44 -22 26 -32768 -32768 -32768 -32768
22 62 -78 -12 17 -32768 -32768 -32768 -32768
23 124 -142 -83 84 -32768 -32768 -32768 -32768
24 76 -95 -103 107 -32768 -32768 -32768 -32768
25 -14 -3 -25 30 -32768 -32768 -32768 -32768
26 -16 -3 -40 43 -32768 -32768 -32768 -32768
27 40 -62 -53 55 -32768 -32768 -32768 -32768
28 81 -100 -89 94 -32768 -32768 -32768 -32768
29 118 -133 -95 98 -32768 -32768 -32768 -32768
30 147 -165 -114 116 -32768 -32768 -32768 -32768
31 160 -177 -132 135 -32768 -32768 -32768 -32768
32 162 -181 -135 139 -32768 -32768 -32768 -32768
33 227 -244 -139 138 -32768 -32768 -32768 -32768
34 260 -277 -132 137 -32768 -32768 -32768 -32768
35 286 -300 -110 113 -32768 -32768 -32768 -32768
36 255 -272 -109 110 -32768 -32768 -32768 -32768
37 263 -284 0 9 -32768 -32768 -32768 -32768
38 264 -281 82 -78 -32768 -32768 -32768 -32768
39 227 -245 76 -73 -32768 -32768 -32768 -32768
40 213 -230 19 -14 -32768 -32768 -32768 -32768
41 168 -185 5 -4 -32768 -32768 -32768 -32768
42 135 -153 42 -40 -32768 -32768 -32768 -32768
43 68 -87 60 -56 -32768 -32768 -32768 -32768
44 37 -55 82 -79 -32768 -32768 -32768 -32768
45 94 -112 158 -154 -32768 -32768 -32768 -32768
46 61 -78 102 -96 -32768 -32768 -32768 -32768
47 78 -94 61 -58 -32768 -32768 -32768 -32768
48 104 -121 70 -66 -32768 -32768 -32768 -32768
49 151 -168 43 -41 -32768 -32768 -32768 -32768
50 163 -182 36 -33 -32768 -32768 -32768 -32768
51 158 -177 68 -64 -32768 -32768 -32768 -32768
52 211 -228 64 -60 -32768 -32768 -32768 -32768
