OSINK 11B
1
08.04.21
Osova
0.0 0.0
0.0
0.00 0.00
-1.00 -1.00
0.00 0.00
20000.00
0.0
50
50
N
1
52
1 -501 479 -109 110 -32768 -32768 -32768 -32768
2 -502 479 -108 110 -32768 -32768 -32768 -32768
3 -502 479 -108 110 -32768 -32768 -32768 -32768
4 -502 479 -108 109 -32768 -32768 -32768 -32768
5 -502 479 -108 109 -32768 -32768 -32768 -32768
6 -501 479 -108 109 -32768 -32768 -32768 -32768
7 -499 479 -141 147 -32768 -32768 -32768 -32768
8 -480 461 -184 189 -32768 -32768 -32768 -32768
9 -462 441 -201 202 -32768 -32768 -32768 -32768
10 -422 402 -220 220 -32768 -32768 -32768 -32768
11 -398 377 -235 240 -32768 -32768 -32768 -32768
12 -368 348 -246 245 -32768 -32768 -32768 -32768
13 -405 386 -244 246 -32768 -32768 -32768 -32768
14 -457 437 -241 243 -32768 -32768 -32768 -32768
15 -440 420 -264 266 -32768 -32768 -32768 -32768
16 -426 405 -302 303 -32768 -32768 -32768 -32768
17 -418 397 -347 350 -32768 -32768 -32768 -32768
18 -416 394 -381 379 -32768 -32768 -32768 -32768
19 -422 399 -402 408 -32768 -32768 -32768 -32768
20 -415 395 -427 427 -32768 -32768 -32768 -32768
21 -423 404 -429 431 -32768 -32768 -32768 -32768
22 -425 407 -447 449 -32768 -32768 -32768 -32768
23 -432 412 -444 446 -32768 -32768 -32768 -32768
24 -425 406 -414 411 -32768 -32768 -32768 -32768
25 -453 430 -398 400 -32768 -32768 -32768 -32768
26 -508 488 -420 425 -32768 -32768 -32768 -32768
27 -499 479 -462 465 -32768 -32768 -32768 -32768
28 -492 471 -490 494 -32768 -32768 -32768 -32768
29 -505 482 -555 559 -32768 -32768 -32768 -32768
30 -526 504 -613 614 -32768 -32768 -32768 -32768
31 -524 505 -621 621 -32768 -32768 -32768 -32768
32 -499 480 -577 577 -32768 -32768 -32768 -32768
33 -482 462 -570 572 -32768 -32768 -32768 -32768
34 -486 466 -580 579 -32768 -32768 -32768 -32768
35 -484 464 -601 600 -32768 -32768 -32768 -32768
36 -501 479 -630 632 -32768 -32768 -32768 -32768
37 -495 475 -647 648 -32768 -32768 -32768 -32768
38 -483 459 -678 682 -32768 -32768 -32768 -32768
39 -473 451 -709 713 -32768 -32768 -32768 -32768
40 -502 482 -744 744 -32768 -32768 -32768 -32768
41 -504 486 -758 761 -32768 -32768 -32768 -32768
42 -517 498 -788 788 -32768 -32768 -32768 -32768
43 -526 509 -792 789 -32768 -32768 -32768 -32768
44 -552 534 -785 786 -32768 -32768 -32768 -32768
45 -538 522 -756 755 -32768 -32768 -32768 -32768
46 -515 502 -709 711 -32768 -32768 -32768 -32768
47 -493 473 -639 640 -32768 -32768 -32768 -32768
48 -550 529 -622 619 -32768 -32768 -32768 -32768
49 -597 577 -631 628 -32768 -32768 -32768 -32768
50 -620 598 -676 675 -32768 -32768 -32768 -32768
51 -661 633 -783 787 -32768 -32768 -32768 -32768
52 -675 651 -864 866 -32768 -32768 -32768 -32768
