OSINK 11B
1
04.03.21
Osova
0.0 0.0
0.0
0.00 0.00
-1.00 -1.00
0.00 0.00
20000.00
0.0
50
50
N
1
52
1 -490 481 -112 122 -32768 -32768 -32768 -32768
2 -490 481 -112 121 -32768 -32768 -32768 -32768
3 -489 481 -112 121 -32768 -32768 -32768 -32768
4 -489 481 -112 121 -32768 -32768 -32768 -32768
5 -489 477 -112 119 -32768 -32768 -32768 -32768
6 -489 477 -112 119 -32768 -32768 -32768 -32768
7 -502 486 -148 150 -32768 -32768 -32768 -32768
8 -481 467 -184 193 -32768 -32768 -32768 -32768
9 -459 448 -198 205 -32768 -32768 -32768 -32768
10 -419 407 -215 221 -32768 -32768 -32768 -32768
11 -394 382 -233 241 -32768 -32768 -32768 -32768
12 -365 354 -242 249 -32768 -32768 -32768 -32768
13 -399 391 -242 249 -32768 -32768 -32768 -32768
14 -453 443 -239 245 -32768 -32768 -32768 -32768
15 -436 425 -262 269 -32768 -32768 -32768 -32768
16 -423 412 -299 305 -32768 -32768 -32768 -32768
17 -414 403 -344 352 -32768 -32768 -32768 -32768
18 -411 398 -378 383 -32768 -32768 -32768 -32768
19 -416 403 -400 409 -32768 -32768 -32768 -32768
20 -410 399 -425 432 -32768 -32768 -32768 -32768
21 -419 408 -427 434 -32768 -32768 -32768 -32768
22 -423 413 -444 452 -32768 -32768 -32768 -32768
23 -427 418 -440 447 -32768 -32768 -32768 -32768
24 -421 410 -409 413 -32768 -32768 -32768 -32768
25 -446 434 -397 403 -32768 -32768 -32768 -32768
26 -504 492 -417 425 -32768 -32768 -32768 -32768
27 -495 484 -459 465 -32768 -32768 -32768 -32768
28 -488 476 -488 494 -32768 -32768 -32768 -32768
29 -502 488 -552 560 -32768 -32768 -32768 -32768
30 -520 509 -613 615 -32768 -32768 -32768 -32768
31 -519 509 -618 626 -32768 -32768 -32768 -32768
32 -495 484 -573 581 -32768 -32768 -32768 -32768
33 -477 467 -568 575 -32768 -32768 -32768 -32768
34 -481 470 -576 581 -32768 -32768 -32768 -32768
35 -479 469 -597 604 -32768 -32768 -32768 -32768
36 -497 488 -627 633 -32768 -32768 -32768 -32768
37 -491 478 -646 652 -32768 -32768 -32768 -32768
38 -478 464 -676 684 -32768 -32768 -32768 -32768
39 -468 459 -704 716 -32768 -32768 -32768 -32768
40 -498 486 -739 746 -32768 -32768 -32768 -32768
41 -499 489 -754 762 -32768 -32768 -32768 -32768
42 -513 504 -783 791 -32768 -32768 -32768 -32768
43 -522 514 -788 792 -32768 -32768 -32768 -32768
44 -548 538 -782 789 -32768 -32768 -32768 -32768
45 -534 525 -755 760 -32768 -32768 -32768 -32768
46 -513 506 -710 714 -32768 -32768 -32768 -32768
47 -487 480 -635 640 -32768 -32768 -32768 -32768
48 -545 535 -618 624 -32768 -32768 -32768 -32768
49 -593 584 -625 631 -32768 -32768 -32768 -32768
50 -620 602 -669 684 -32768 -32768 -32768 -32768
51 -655 639 -780 786 -32768 -32768 -32768 -32768
52 -672 658 -860 868 -32768 -32768 -32768 -32768
