OSINK 11B
1
29.04.21
Osova
0.0 0.0
0.0
0.00 0.00
-1.00 -1.00
0.00 0.00
20000.00
0.0
50
50
N
1
52
1 -502 481 -128 142 -32768 -32768 -32768 -32768
2 -502 482 -128 141 -32768 -32768 -32768 -32768
3 -502 482 -128 141 -32768 -32768 -32768 -32768
4 -501 482 -129 141 -32768 -32768 -32768 -32768
5 -501 482 -129 142 -32768 -32768 -32768 -32768
6 -501 482 -129 142 -32768 -32768 -32768 -32768
7 -498 475 -144 154 -32768 -32768 -32768 -32768
8 -483 461 -181 197 -32768 -32768 -32768 -32768
9 -462 440 -196 211 -32768 -32768 -32768 -32768
10 -422 402 -214 227 -32768 -32768 -32768 -32768
11 -397 376 -230 245 -32768 -32768 -32768 -32768
12 -368 347 -239 253 -32768 -32768 -32768 -32768
13 -408 387 -238 252 -32768 -32768 -32768 -32768
14 -457 436 -236 250 -32768 -32768 -32768 -32768
15 -439 419 -260 273 -32768 -32768 -32768 -32768
16 -427 404 -297 313 -32768 -32768 -32768 -32768
17 -418 396 -342 358 -32768 -32768 -32768 -32768
18 -416 392 -375 388 -32768 -32768 -32768 -32768
19 -420 397 -401 415 -32768 -32768 -32768 -32768
20 -416 394 -421 436 -32768 -32768 -32768 -32768
21 -424 402 -424 438 -32768 -32768 -32768 -32768
22 -429 406 -440 456 -32768 -32768 -32768 -32768
23 -432 412 -434 450 -32768 -32768 -32768 -32768
24 -426 406 -405 417 -32768 -32768 -32768 -32768
25 -453 432 -394 407 -32768 -32768 -32768 -32768
26 -510 486 -415 429 -32768 -32768 -32768 -32768
27 -500 477 -457 472 -32768 -32768 -32768 -32768
28 -492 470 -486 500 -32768 -32768 -32768 -32768
29 -507 487 -551 571 -32768 -32768 -32768 -32768
30 -530 503 -606 622 -32768 -32768 -32768 -32768
31 -525 503 -614 626 -32768 -32768 -32768 -32768
32 -499 479 -569 584 -32768 -32768 -32768 -32768
33 -482 462 -563 579 -32768 -32768 -32768 -32768
34 -486 465 -573 588 -32768 -32768 -32768 -32768
35 -484 463 -594 609 -32768 -32768 -32768 -32768
36 -501 479 -624 640 -32768 -32768 -32768 -32768
37 -495 474 -643 657 -32768 -32768 -32768 -32768
38 -482 457 -675 690 -32768 -32768 -32768 -32768
39 -473 453 -702 720 -32768 -32768 -32768 -32768
40 -504 479 -737 752 -32768 -32768 -32768 -32768
41 -507 483 -753 769 -32768 -32768 -32768 -32768
42 -519 498 -781 796 -32768 -32768 -32768 -32768
43 -529 509 -784 797 -32768 -32768 -32768 -32768
44 -554 533 -778 793 -32768 -32768 -32768 -32768
45 -539 519 -748 761 -32768 -32768 -32768 -32768
46 -517 500 -700 715 -32768 -32768 -32768 -32768
47 -493 475 -627 643 -32768 -32768 -32768 -32768
48 -554 528 -615 628 -32768 -32768 -32768 -32768
49 -595 578 -622 637 -32768 -32768 -32768 -32768
50 -620 597 -675 691 -32768 -32768 -32768 -32768
51 -661 638 -776 798 -32768 -32768 -32768 -32768
52 -678 652 -856 874 -32768 -32768 -32768 -32768
