OSINK 11B
1
13.05.21
Osova
0.0 0.0
0.0
0.00 0.00
-1.00 -1.00
0.00 0.00
20000.00
0.0
50
50
N
1
52
1 -501 465 -118 137 -32768 -32768 -32768 -32768
2 -501 466 -118 138 -32768 -32768 -32768 -32768
3 -501 466 -118 138 -32768 -32768 -32768 -32768
4 -501 466 -118 138 -32768 -32768 -32768 -32768
5 -501 466 -118 138 -32768 -32768 -32768 -32768
6 -501 466 -118 138 -32768 -32768 -32768 -32768
7 -501 472 -142 155 -32768 -32768 -32768 -32768
8 -482 461 -178 197 -32768 -32768 -32768 -32768
9 -460 438 -195 214 -32768 -32768 -32768 -32768
10 -422 400 -212 231 -32768 -32768 -32768 -32768
11 -399 375 -227 248 -32768 -32768 -32768 -32768
12 -365 346 -239 254 -32768 -32768 -32768 -32768
13 -408 389 -236 253 -32768 -32768 -32768 -32768
14 -456 436 -234 250 -32768 -32768 -32768 -32768
15 -439 417 -258 275 -32768 -32768 -32768 -32768
16 -427 404 -295 315 -32768 -32768 -32768 -32768
17 -418 396 -338 357 -32768 -32768 -32768 -32768
18 -414 392 -373 390 -32768 -32768 -32768 -32768
19 -420 395 -402 417 -32768 -32768 -32768 -32768
20 -416 394 -420 437 -32768 -32768 -32768 -32768
21 -424 402 -422 439 -32768 -32768 -32768 -32768
22 -431 407 -438 457 -32768 -32768 -32768 -32768
23 -433 410 -434 453 -32768 -32768 -32768 -32768
24 -426 406 -403 419 -32768 -32768 -32768 -32768
25 -454 431 -391 408 -32768 -32768 -32768 -32768
26 -509 487 -413 432 -32768 -32768 -32768 -32768
27 -500 477 -455 474 -32768 -32768 -32768 -32768
28 -493 471 -483 502 -32768 -32768 -32768 -32768
29 -508 484 -550 566 -32768 -32768 -32768 -32768
30 -526 503 -609 622 -32768 -32768 -32768 -32768
31 -524 503 -611 628 -32768 -32768 -32768 -32768
32 -497 478 -567 585 -32768 -32768 -32768 -32768
33 -482 461 -562 580 -32768 -32768 -32768 -32768
34 -486 466 -571 588 -32768 -32768 -32768 -32768
35 -485 464 -592 610 -32768 -32768 -32768 -32768
36 -501 480 -622 641 -32768 -32768 -32768 -32768
37 -495 473 -641 657 -32768 -32768 -32768 -32768
38 -481 458 -674 688 -32768 -32768 -32768 -32768
39 -474 454 -699 721 -32768 -32768 -32768 -32768
40 -505 480 -734 752 -32768 -32768 -32768 -32768
41 -507 483 -752 768 -32768 -32768 -32768 -32768
42 -517 497 -779 797 -32768 -32768 -32768 -32768
43 -527 510 -781 797 -32768 -32768 -32768 -32768
44 -554 531 -776 794 -32768 -32768 -32768 -32768
45 -540 520 -747 763 -32768 -32768 -32768 -32768
46 -517 499 -697 715 -32768 -32768 -32768 -32768
47 -493 474 -627 646 -32768 -32768 -32768 -32768
48 -553 529 -614 629 -32768 -32768 -32768 -32768
49 -596 577 -620 638 -32768 -32768 -32768 -32768
50 -618 597 -669 689 -32768 -32768 -32768 -32768
51 -661 636 -773 794 -32768 -32768 -32768 -32768
52 -677 652 -854 874 -32768 -32768 -32768 -32768
