OSINK 11B
1
25.02.21
Osova
0.0 0.0
0.0
0.00 0.00
-1.00 -1.00
0.00 0.00
20000.00
0.0
50
50
N
1
52
1 -509 487 -114 115 -32768 -32768 -32768 -32768
2 -509 487 -114 115 -32768 -32768 -32768 -32768
3 -509 487 -116 116 -32768 -32768 -32768 -32768
4 -509 487 -116 116 -32768 -32768 -32768 -32768
5 -509 487 -116 116 -32768 -32768 -32768 -32768
6 -508 487 -115 116 -32768 -32768 -32768 -32768
7 -504 482 -146 147 -32768 -32768 -32768 -32768
8 -483 462 -185 190 -32768 -32768 -32768 -32768
9 -465 442 -200 203 -32768 -32768 -32768 -32768
10 -423 402 -217 220 -32768 -32768 -32768 -32768
11 -399 378 -235 239 -32768 -32768 -32768 -32768
12 -371 349 -245 247 -32768 -32768 -32768 -32768
13 -408 383 -243 247 -32768 -32768 -32768 -32768
14 -459 437 -240 243 -32768 -32768 -32768 -32768
15 -442 420 -264 268 -32768 -32768 -32768 -32768
16 -429 406 -300 306 -32768 -32768 -32768 -32768
17 -421 398 -346 349 -32768 -32768 -32768 -32768
18 -416 392 -379 382 -32768 -32768 -32768 -32768
19 -423 398 -401 407 -32768 -32768 -32768 -32768
20 -416 395 -426 430 -32768 -32768 -32768 -32768
21 -425 402 -428 433 -32768 -32768 -32768 -32768
22 -430 407 -444 450 -32768 -32768 -32768 -32768
23 -435 412 -442 444 -32768 -32768 -32768 -32768
24 -427 404 -412 411 -32768 -32768 -32768 -32768
25 -452 430 -398 402 -32768 -32768 -32768 -32768
26 -508 485 -418 424 -32768 -32768 -32768 -32768
27 -501 477 -461 466 -32768 -32768 -32768 -32768
28 -494 471 -490 494 -32768 -32768 -32768 -32768
29 -507 483 -554 560 -32768 -32768 -32768 -32768
30 -526 503 -614 613 -32768 -32768 -32768 -32768
31 -524 503 -619 625 -32768 -32768 -32768 -32768
32 -499 479 -575 580 -32768 -32768 -32768 -32768
33 -484 461 -568 572 -32768 -32768 -32768 -32768
34 -487 465 -579 579 -32768 -32768 -32768 -32768
35 -483 463 -596 601 -32768 -32768 -32768 -32768
36 -503 481 -628 633 -32768 -32768 -32768 -32768
37 -496 473 -646 650 -32768 -32768 -32768 -32768
38 -485 461 -677 681 -32768 -32768 -32768 -32768
39 -474 453 -705 713 -32768 -32768 -32768 -32768
40 -504 479 -742 744 -32768 -32768 -32768 -32768
41 -506 483 -756 761 -32768 -32768 -32768 -32768
42 -519 497 -784 789 -32768 -32768 -32768 -32768
43 -528 510 -789 791 -32768 -32768 -32768 -32768
44 -556 533 -783 788 -32768 -32768 -32768 -32768
45 -542 519 -756 757 -32768 -32768 -32768 -32768
46 -520 500 -712 712 -32768 -32768 -32768 -32768
47 -494 474 -638 639 -32768 -32768 -32768 -32768
48 -549 525 -620 621 -32768 -32768 -32768 -32768
49 -596 577 -627 629 -32768 -32768 -32768 -32768
50 -624 597 -669 678 -32768 -32768 -32768 -32768
51 -657 634 -776 786 -32768 -32768 -32768 -32768
52 -678 652 -861 867 -32768 -32768 -32768 -32768
