OSINK 11B
1
22.04.21
Osova
0.0 0.0
0.0
0.00 0.00
-1.00 -1.00
0.00 0.00
20000.00
0.0
50
50
N
1
52
1 -504 481 -120 139 -32768 -32768 -32768 -32768
2 -504 482 -120 139 -32768 -32768 -32768 -32768
3 -504 482 -122 139 -32768 -32768 -32768 -32768
4 -504 482 -122 138 -32768 -32768 -32768 -32768
5 -504 482 -122 138 -32768 -32768 -32768 -32768
6 -500 482 -121 138 -32768 -32768 -32768 -32768
7 -503 475 -145 156 -32768 -32768 -32768 -32768
8 -484 460 -178 200 -32768 -32768 -32768 -32768
9 -461 438 -196 213 -32768 -32768 -32768 -32768
10 -424 400 -213 231 -32768 -32768 -32768 -32768
11 -398 374 -229 248 -32768 -32768 -32768 -32768
12 -369 345 -238 255 -32768 -32768 -32768 -32768
13 -412 392 -237 252 -32768 -32768 -32768 -32768
14 -458 435 -234 252 -32768 -32768 -32768 -32768
15 -440 416 -258 277 -32768 -32768 -32768 -32768
16 -428 403 -296 319 -32768 -32768 -32768 -32768
17 -417 395 -342 360 -32768 -32768 -32768 -32768
18 -418 391 -374 390 -32768 -32768 -32768 -32768
19 -421 395 -399 418 -32768 -32768 -32768 -32768
20 -417 393 -420 438 -32768 -32768 -32768 -32768
21 -426 403 -423 441 -32768 -32768 -32768 -32768
22 -430 406 -438 460 -32768 -32768 -32768 -32768
23 -432 410 -433 451 -32768 -32768 -32768 -32768
24 -426 405 -404 417 -32768 -32768 -32768 -32768
25 -453 433 -392 408 -32768 -32768 -32768 -32768
26 -510 485 -415 433 -32768 -32768 -32768 -32768
27 -502 476 -455 475 -32768 -32768 -32768 -32768
28 -494 469 -483 503 -32768 -32768 -32768 -32768
29 -508 484 -551 568 -32768 -32768 -32768 -32768
30 -528 503 -607 622 -32768 -32768 -32768 -32768
31 -525 503 -613 627 -32768 -32768 -32768 -32768
32 -500 477 -567 585 -32768 -32768 -32768 -32768
33 -482 459 -563 582 -32768 -32768 -32768 -32768
34 -487 465 -571 587 -32768 -32768 -32768 -32768
35 -487 462 -592 612 -32768 -32768 -32768 -32768
36 -503 479 -622 641 -32768 -32768 -32768 -32768
37 -497 473 -640 658 -32768 -32768 -32768 -32768
38 -483 456 -673 691 -32768 -32768 -32768 -32768
39 -473 452 -702 723 -32768 -32768 -32768 -32768
40 -504 479 -735 753 -32768 -32768 -32768 -32768
41 -507 482 -752 770 -32768 -32768 -32768 -32768
42 -519 495 -779 798 -32768 -32768 -32768 -32768
43 -528 508 -782 798 -32768 -32768 -32768 -32768
44 -555 529 -777 791 -32768 -32768 -32768 -32768
45 -541 519 -748 763 -32768 -32768 -32768 -32768
46 -518 498 -701 715 -32768 -32768 -32768 -32768
47 -493 473 -629 646 -32768 -32768 -32768 -32768
48 -554 529 -614 629 -32768 -32768 -32768 -32768
49 -597 576 -621 638 -32768 -32768 -32768 -32768
50 -626 596 -668 688 -32768 -32768 -32768 -32768
51 -660 633 -773 796 -32768 -32768 -32768 -32768
52 -677 651 -855 875 -32768 -32768 -32768 -32768
