OSINK 11B
1
03.12.20
Osova
0.0 0.0
0.0
0.00 0.00
-1.00 -1.00
0.00 0.00
20000.00
0.0
50
50
N
1
52
1 -482 477 -134 147 -32768 -32768 -32768 -32768
2 -482 477 -134 146 -32768 -32768 -32768 -32768
3 -481 477 -135 146 -32768 -32768 -32768 -32768
4 -481 477 -135 146 -32768 -32768 -32768 -32768
5 -481 478 -135 145 -32768 -32768 -32768 -32768
6 -480 478 -135 145 -32768 -32768 -32768 -32768
7 -502 499 -142 150 -32768 -32768 -32768 -32768
8 -481 480 -180 191 -32768 -32768 -32768 -32768
9 -460 458 -196 204 -32768 -32768 -32768 -32768
10 -418 413 -209 217 -32768 -32768 -32768 -32768
11 -390 389 -229 236 -32768 -32768 -32768 -32768
12 -367 363 -239 247 -32768 -32768 -32768 -32768
13 -412 403 -238 246 -32768 -32768 -32768 -32768
14 -452 450 -236 242 -32768 -32768 -32768 -32768
15 -436 435 -259 265 -32768 -32768 -32768 -32768
16 -421 420 -296 302 -32768 -32768 -32768 -32768
17 -414 411 -341 347 -32768 -32768 -32768 -32768
18 -409 405 -375 378 -32768 -32768 -32768 -32768
19 -415 413 -396 405 -32768 -32768 -32768 -32768
20 -409 406 -421 428 -32768 -32768 -32768 -32768
21 -417 416 -423 430 -32768 -32768 -32768 -32768
22 -421 418 -439 448 -32768 -32768 -32768 -32768
23 -427 424 -438 446 -32768 -32768 -32768 -32768
24 -420 418 -406 411 -32768 -32768 -32768 -32768
25 -446 442 -394 400 -32768 -32768 -32768 -32768
26 -501 497 -415 416 -32768 -32768 -32768 -32768
27 -495 492 -454 461 -32768 -32768 -32768 -32768
28 -487 485 -485 492 -32768 -32768 -32768 -32768
29 -499 494 -548 553 -32768 -32768 -32768 -32768
30 -518 515 -607 609 -32768 -32768 -32768 -32768
31 -517 515 -615 625 -32768 -32768 -32768 -32768
32 -492 490 -571 579 -32768 -32768 -32768 -32768
33 -475 474 -566 571 -32768 -32768 -32768 -32768
34 -480 477 -575 579 -32768 -32768 -32768 -32768
35 -476 475 -593 600 -32768 -32768 -32768 -32768
36 -495 493 -623 631 -32768 -32768 -32768 -32768
37 -487 486 -642 647 -32768 -32768 -32768 -32768
38 -471 472 -677 683 -32768 -32768 -32768 -32768
39 -465 463 -702 711 -32768 -32768 -32768 -32768
40 -498 494 -736 741 -32768 -32768 -32768 -32768
41 -498 498 -752 758 -32768 -32768 -32768 -32768
42 -513 512 -780 786 -32768 -32768 -32768 -32768
43 -520 519 -785 790 -32768 -32768 -32768 -32768
44 -547 548 -779 786 -32768 -32768 -32768 -32768
45 -535 537 -753 759 -32768 -32768 -32768 -32768
46 -514 517 -708 716 -32768 -32768 -32768 -32768
47 -486 487 -636 645 -32768 -32768 -32768 -32768
48 -542 537 -615 620 -32768 -32768 -32768 -32768
49 -590 588 -622 628 -32768 -32768 -32768 -32768
50 -616 610 -669 672 -32768 -32768 -32768 -32768
51 -651 650 -771 782 -32768 -32768 -32768 -32768
52 -670 666 -856 864 -32768 -32768 -32768 -32768
