OSINK 11B
1
27.08.20
Osova
0.0 0.0
0.0
0.00 0.00
-1.00 -1.00
0.00 0.00
20000.00
0.0
50
50
N
1
52
1 -527 513 -155 134 -134 118 521 -519
2 -527 513 -155 134 -134 118 521 -519
3 -526 513 -155 134 -134 118 521 -519
4 -526 514 -155 134 -134 118 521 -519
5 -526 514 -155 134 -134 118 521 -519
6 -526 514 -152 134 -134 118 521 -519
7 -526 512 -144 137 -141 120 515 -524
8 -482 463 -179 174 -176 163 465 -471
9 -473 459 -204 199 -203 189 462 -465
10 -433 418 -212 205 -210 196 420 -427
11 -397 380 -220 214 -220 205 381 -388
12 -367 351 -238 232 -238 222 353 -360
13 -371 354 -258 252 -258 245 352 -360
14 -446 429 -255 248 -255 237 430 -436
15 -439 422 -268 263 -267 253 424 -430
16 -423 408 -303 297 -303 290 409 -413
17 -415 401 -344 338 -344 331 400 -405
18 -409 393 -380 372 -379 364 392 -400
19 -423 406 -400 393 -397 381 406 -413
20 -411 395 -429 424 -432 415 396 -403
21 -428 412 -431 425 -434 418 408 -415
22 -426 410 -444 439 -445 429 410 -416
23 -432 419 -450 444 -450 436 419 -423
24 -427 413 -419 410 -416 402 416 -424
25 -441 427 -402 396 -403 387 423 -429
26 -505 489 -416 410 -417 401 486 -493
27 -503 487 -457 450 -457 442 485 -492
28 -494 478 -492 486 -491 477 476 -482
29 -506 491 -547 544 -548 533 489 -495
30 -527 510 -608 597 -607 591 505 -514
31 -532 515 -627 622 -630 617 506 -511
32 -505 490 -583 576 -583 569 487 -491
33 -484 471 -571 565 -574 561 468 -471
34 -486 474 -579 572 -581 566 467 -473
35 -481 466 -599 594 -600 586 463 -468
36 -500 486 -631 625 -630 614 482 -487
37 -493 477 -650 644 -652 637 473 -482
38 -484 466 -679 674 -680 665 463 -465
39 -470 455 -709 708 -711 698 451 -456
40 -500 484 -743 735 -743 730 479 -486
41 -502 488 -760 753 -762 746 480 -486
42 -516 503 -788 783 -792 776 496 -502
43 -525 512 -794 786 -793 780 503 -507
44 -551 538 -790 783 -788 773 530 -538
45 -540 527 -764 756 -763 748 522 -529
46 -521 508 -720 711 -714 700 502 -509
47 -493 481 -645 638 -643 631 478 -482
48 -545 532 -624 615 -624 607 522 -533
49 -594 583 -631 622 -631 615 578 -586
50 -621 602 -677 671 -674 661 594 -600
51 -657 641 -779 778 -778 768 634 -640
52 -673 656 -865 860 -865 851 648 -657
