OSINK 11B
1
28.01.21
Osova
0.0 0.0
0.0
0.00 0.00
-1.00 -1.00
0.00 0.00
20000.00
0.0
50
50
N
1
52
1 -507 484 -132 128 -32768 -32768 -32768 -32768
2 -507 484 -132 128 -32768 -32768 -32768 -32768
3 -507 484 -132 128 -32768 -32768 -32768 -32768
4 -507 483 -131 128 -32768 -32768 -32768 -32768
5 -507 483 -131 128 -32768 -32768 -32768 -32768
6 -507 490 -131 128 -32768 -32768 -32768 -32768
7 -505 485 -149 147 -32768 -32768 -32768 -32768
8 -486 466 -186 188 -32768 -32768 -32768 -32768
9 -465 446 -203 202 -32768 -32768 -32768 -32768
10 -422 404 -218 216 -32768 -32768 -32768 -32768
11 -398 379 -236 236 -32768 -32768 -32768 -32768
12 -372 351 -247 245 -32768 -32768 -32768 -32768
13 -403 388 -245 244 -32768 -32768 -32768 -32768
14 -459 439 -241 240 -32768 -32768 -32768 -32768
15 -442 422 -265 264 -32768 -32768 -32768 -32768
16 -428 408 -302 300 -32768 -32768 -32768 -32768
17 -419 400 -348 347 -32768 -32768 -32768 -32768
18 -415 394 -381 378 -32768 -32768 -32768 -32768
19 -421 401 -404 403 -32768 -32768 -32768 -32768
20 -415 394 -428 427 -32768 -32768 -32768 -32768
21 -425 404 -430 429 -32768 -32768 -32768 -32768
22 -427 408 -446 446 -32768 -32768 -32768 -32768
23 -431 414 -444 443 -32768 -32768 -32768 -32768
24 -424 407 -413 409 -32768 -32768 -32768 -32768
25 -447 432 -400 399 -32768 -32768 -32768 -32768
26 -507 487 -420 420 -32768 -32768 -32768 -32768
27 -501 480 -461 461 -32768 -32768 -32768 -32768
28 -493 473 -491 490 -32768 -32768 -32768 -32768
29 -505 483 -556 555 -32768 -32768 -32768 -32768
30 -524 506 -612 609 -32768 -32768 -32768 -32768
31 -525 506 -623 622 -32768 -32768 -32768 -32768
32 -499 481 -578 577 -32768 -32768 -32768 -32768
33 -481 462 -571 571 -32768 -32768 -32768 -32768
34 -485 467 -579 578 -32768 -32768 -32768 -32768
35 -484 464 -600 598 -32768 -32768 -32768 -32768
36 -501 483 -630 628 -32768 -32768 -32768 -32768
37 -495 475 -648 646 -32768 -32768 -32768 -32768
38 -484 460 -679 680 -32768 -32768 -32768 -32768
39 -471 453 -708 711 -32768 -32768 -32768 -32768
40 -502 480 -744 741 -32768 -32768 -32768 -32768
41 -504 484 -758 757 -32768 -32768 -32768 -32768
42 -517 500 -787 784 -32768 -32768 -32768 -32768
43 -525 508 -792 789 -32768 -32768 -32768 -32768
44 -553 536 -785 785 -32768 -32768 -32768 -32768
45 -540 522 -760 756 -32768 -32768 -32768 -32768
46 -518 503 -715 711 -32768 -32768 -32768 -32768
47 -493 476 -643 640 -32768 -32768 -32768 -32768
48 -548 526 -622 618 -32768 -32768 -32768 -32768
49 -595 577 -630 627 -32768 -32768 -32768 -32768
50 -623 597 -673 674 -32768 -32768 -32768 -32768
51 -653 632 -775 776 -32768 -32768 -32768 -32768
52 -674 652 -865 864 -32768 -32768 -32768 -32768
