OSINK 11B
1
03.06.21
Osova
0.0 0.0
0.0
0.00 0.00
-1.00 -1.00
0.00 0.00
20000.00
0.0
50
50
N
1
52
1 -509 479 -121 128 -32768 -32768 -32768 -32768
2 -511 479 -121 128 -32768 -32768 -32768 -32768
3 -511 479 -121 129 -32768 -32768 -32768 -32768
4 -510 479 -123 128 -32768 -32768 -32768 -32768
5 -510 483 -123 136 -32768 -32768 -32768 -32768
6 -510 483 -123 136 -32768 -32768 -32768 -32768
7 -499 476 -146 145 -32768 -32768 -32768 -32768
8 -483 460 -187 189 -32768 -32768 -32768 -32768
9 -464 442 -204 204 -32768 -32768 -32768 -32768
10 -423 402 -221 221 -32768 -32768 -32768 -32768
11 -397 375 -237 239 -32768 -32768 -32768 -32768
12 -367 346 -247 246 -32768 -32768 -32768 -32768
13 -411 392 -245 245 -32768 -32768 -32768 -32768
14 -457 437 -243 243 -32768 -32768 -32768 -32768
15 -439 417 -266 269 -32768 -32768 -32768 -32768
16 -426 404 -303 309 -32768 -32768 -32768 -32768
17 -417 396 -347 351 -32768 -32768 -32768 -32768
18 -414 392 -383 382 -32768 -32768 -32768 -32768
19 -418 395 -408 410 -32768 -32768 -32768 -32768
20 -415 396 -429 430 -32768 -32768 -32768 -32768
21 -424 403 -431 432 -32768 -32768 -32768 -32768
22 -427 408 -446 449 -32768 -32768 -32768 -32768
23 -428 412 -441 443 -32768 -32768 -32768 -32768
24 -426 408 -413 410 -32768 -32768 -32768 -32768
25 -456 436 -401 400 -32768 -32768 -32768 -32768
26 -509 487 -421 424 -32768 -32768 -32768 -32768
27 -501 478 -463 466 -32768 -32768 -32768 -32768
28 -492 470 -491 496 -32768 -32768 -32768 -32768
29 -507 488 -559 563 -32768 -32768 -32768 -32768
30 -526 503 -618 616 -32768 -32768 -32768 -32768
31 -522 502 -620 619 -32768 -32768 -32768 -32768
32 -500 476 -577 576 -32768 -32768 -32768 -32768
33 -482 463 -571 573 -32768 -32768 -32768 -32768
34 -485 466 -580 580 -32768 -32768 -32768 -32768
35 -484 465 -602 603 -32768 -32768 -32768 -32768
36 -504 480 -629 632 -32768 -32768 -32768 -32768
37 -494 474 -650 650 -32768 -32768 -32768 -32768
38 -481 458 -681 681 -32768 -32768 -32768 -32768
39 -473 454 -710 713 -32768 -32768 -32768 -32768
40 -503 482 -744 745 -32768 -32768 -32768 -32768
41 -505 486 -763 762 -32768 -32768 -32768 -32768
42 -518 498 -788 790 -32768 -32768 -32768 -32768
43 -528 512 -791 789 -32768 -32768 -32768 -32768
44 -553 534 -785 785 -32768 -32768 -32768 -32768
45 -540 520 -756 755 -32768 -32768 -32768 -32768
46 -515 501 -706 707 -32768 -32768 -32768 -32768
47 -493 475 -634 636 -32768 -32768 -32768 -32768
48 -548 531 -622 621 -32768 -32768 -32768 -32768
49 -596 579 -630 631 -32768 -32768 -32768 -32768
50 -617 596 -681 681 -32768 -32768 -32768 -32768
51 -661 638 -784 787 -32768 -32768 -32768 -32768
52 -676 651 -862 865 -32768 -32768 -32768 -32768
