OSINK 11B
1
11.03.21
Osova
0.0 0.0
0.0
0.00 0.00
-1.00 -1.00
0.00 0.00
20000.00
0.0
50
50
N
1
52
1 -489 479 -110 123 -32768 -32768 -32768 -32768
2 -489 479 -110 123 -32768 -32768 -32768 -32768
3 -489 481 -110 125 -32768 -32768 -32768 -32768
4 -489 481 -110 121 -32768 -32768 -32768 -32768
5 -491 481 -110 121 -32768 -32768 -32768 -32768
6 -491 481 -110 121 -32768 -32768 -32768 -32768
7 -500 484 -146 153 -32768 -32768 -32768 -32768
8 -479 466 -181 195 -32768 -32768 -32768 -32768
9 -458 446 -196 208 -32768 -32768 -32768 -32768
10 -420 408 -213 224 -32768 -32768 -32768 -32768
11 -396 381 -230 244 -32768 -32768 -32768 -32768
12 -366 353 -239 251 -32768 -32768 -32768 -32768
13 -399 391 -240 251 -32768 -32768 -32768 -32768
14 -454 442 -236 247 -32768 -32768 -32768 -32768
15 -434 424 -259 272 -32768 -32768 -32768 -32768
16 -426 411 -294 309 -32768 -32768 -32768 -32768
17 -414 402 -342 353 -32768 -32768 -32768 -32768
18 -412 398 -375 386 -32768 -32768 -32768 -32768
19 -417 402 -398 411 -32768 -32768 -32768 -32768
20 -411 398 -422 434 -32768 -32768 -32768 -32768
21 -420 409 -424 435 -32768 -32768 -32768 -32768
22 -424 412 -440 453 -32768 -32768 -32768 -32768
23 -428 416 -437 450 -32768 -32768 -32768 -32768
24 -422 410 -407 416 -32768 -32768 -32768 -32768
25 -447 432 -394 406 -32768 -32768 -32768 -32768
26 -505 491 -414 428 -32768 -32768 -32768 -32768
27 -496 482 -456 469 -32768 -32768 -32768 -32768
28 -489 475 -485 497 -32768 -32768 -32768 -32768
29 -502 487 -547 564 -32768 -32768 -32768 -32768
30 -522 508 -608 617 -32768 -32768 -32768 -32768
31 -520 508 -617 630 -32768 -32768 -32768 -32768
32 -496 485 -572 584 -32768 -32768 -32768 -32768
33 -479 466 -565 577 -32768 -32768 -32768 -32768
34 -483 470 -574 584 -32768 -32768 -32768 -32768
35 -480 468 -593 605 -32768 -32768 -32768 -32768
36 -498 485 -624 636 -32768 -32768 -32768 -32768
37 -491 478 -642 654 -32768 -32768 -32768 -32768
38 -481 463 -674 686 -32768 -32768 -32768 -32768
39 -467 457 -703 717 -32768 -32768 -32768 -32768
40 -500 484 -737 748 -32768 -32768 -32768 -32768
41 -500 489 -751 765 -32768 -32768 -32768 -32768
42 -511 502 -779 793 -32768 -32768 -32768 -32768
43 -524 513 -785 794 -32768 -32768 -32768 -32768
44 -550 538 -779 791 -32768 -32768 -32768 -32768
45 -536 525 -752 762 -32768 -32768 -32768 -32768
46 -515 506 -704 716 -32768 -32768 -32768 -32768
47 -489 480 -634 646 -32768 -32768 -32768 -32768
48 -544 530 -615 625 -32768 -32768 -32768 -32768
49 -593 581 -623 632 -32768 -32768 -32768 -32768
50 -620 601 -664 682 -32768 -32768 -32768 -32768
51 -654 639 -773 789 -32768 -32768 -32768 -32768
52 -671 658 -857 871 -32768 -32768 -32768 -32768
