OSINK 11B
1
11.02.21
Osova
0.0 0.0
0.0
0.00 0.00
-1.00 -1.00
0.00 0.00
20000.00
0.0
50
50
N
1
52
1 -503 500 -130 131 -32768 -32768 -32768 -32768
2 -503 500 -130 131 -32768 -32768 -32768 -32768
3 -503 500 -131 131 -32768 -32768 -32768 -32768
4 -503 500 -131 131 -32768 -32768 -32768 -32768
5 -503 500 -131 131 -32768 -32768 -32768 -32768
6 -503 499 -130 131 -32768 -32768 -32768 -32768
7 -494 491 -147 151 -32768 -32768 -32768 -32768
8 -476 472 -184 191 -32768 -32768 -32768 -32768
9 -457 452 -200 204 -32768 -32768 -32768 -32768
10 -415 412 -216 219 -32768 -32768 -32768 -32768
11 -392 387 -234 239 -32768 -32768 -32768 -32768
12 -363 358 -244 247 -32768 -32768 -32768 -32768
13 -399 393 -243 246 -32768 -32768 -32768 -32768
14 -450 447 -240 242 -32768 -32768 -32768 -32768
15 -432 430 -264 267 -32768 -32768 -32768 -32768
16 -420 415 -299 306 -32768 -32768 -32768 -32768
17 -410 408 -346 349 -32768 -32768 -32768 -32768
18 -407 403 -379 381 -32768 -32768 -32768 -32768
19 -412 408 -402 406 -32768 -32768 -32768 -32768
20 -405 403 -426 428 -32768 -32768 -32768 -32768
21 -415 413 -428 431 -32768 -32768 -32768 -32768
22 -418 415 -444 449 -32768 -32768 -32768 -32768
23 -423 421 -443 447 -32768 -32768 -32768 -32768
24 -417 414 -412 412 -32768 -32768 -32768 -32768
25 -441 438 -398 400 -32768 -32768 -32768 -32768
26 -499 495 -417 422 -32768 -32768 -32768 -32768
27 -493 489 -459 464 -32768 -32768 -32768 -32768
28 -484 480 -489 493 -32768 -32768 -32768 -32768
29 -495 489 -552 554 -32768 -32768 -32768 -32768
30 -517 512 -611 612 -32768 -32768 -32768 -32768
31 -515 514 -619 624 -32768 -32768 -32768 -32768
32 -491 491 -575 579 -32768 -32768 -32768 -32768
33 -473 470 -569 572 -32768 -32768 -32768 -32768
34 -477 475 -579 580 -32768 -32768 -32768 -32768
35 -475 469 -596 601 -32768 -32768 -32768 -32768
36 -493 490 -628 633 -32768 -32768 -32768 -32768
37 -487 482 -646 649 -32768 -32768 -32768 -32768
38 -479 470 -676 680 -32768 -32768 -32768 -32768
39 -463 462 -707 713 -32768 -32768 -32768 -32768
40 -494 489 -740 744 -32768 -32768 -32768 -32768
41 -497 493 -757 761 -32768 -32768 -32768 -32768
42 -508 507 -785 788 -32768 -32768 -32768 -32768
43 -517 518 -790 790 -32768 -32768 -32768 -32768
44 -545 543 -783 787 -32768 -32768 -32768 -32768
45 -532 531 -756 757 -32768 -32768 -32768 -32768
46 -507 511 -710 712 -32768 -32768 -32768 -32768
47 -483 481 -638 639 -32768 -32768 -32768 -32768
48 -539 537 -619 622 -32768 -32768 -32768 -32768
49 -587 585 -627 630 -32768 -32768 -32768 -32768
50 -616 607 -667 679 -32768 -32768 -32768 -32768
51 -648 641 -775 785 -32768 -32768 -32768 -32768
52 -667 658 -861 868 -32768 -32768 -32768 -32768
