OSINK 11B
1
10.12.20
Osova
0.0 0.0
0.0
0.00 0.00
-1.00 -1.00
0.00 0.00
20000.00
0.0
50
50
N
1
52
1 -491 470 -147 137 -32768 -32768 -32768 -32768
2 -491 470 -147 137 -32768 -32768 -32768 -32768
3 -491 470 -147 137 -32768 -32768 -32768 -32768
4 -491 468 -147 137 -32768 -32768 -32768 -32768
5 -493 468 -147 137 -32768 -32768 -32768 -32768
6 -493 466 -147 144 -32768 -32768 -32768 -32768
7 -506 492 -149 146 -32768 -32768 -32768 -32768
8 -485 472 -186 190 -32768 -32768 -32768 -32768
9 -463 454 -202 199 -32768 -32768 -32768 -32768
10 -420 410 -215 213 -32768 -32768 -32768 -32768
11 -395 378 -234 234 -32768 -32768 -32768 -32768
12 -369 358 -246 247 -32768 -32768 -32768 -32768
13 -418 402 -243 244 -32768 -32768 -32768 -32768
14 -456 442 -241 241 -32768 -32768 -32768 -32768
15 -439 428 -264 264 -32768 -32768 -32768 -32768
16 -429 411 -298 304 -32768 -32768 -32768 -32768
17 -417 405 -347 347 -32768 -32768 -32768 -32768
18 -412 398 -379 377 -32768 -32768 -32768 -32768
19 -418 406 -404 403 -32768 -32768 -32768 -32768
20 -411 398 -427 427 -32768 -32768 -32768 -32768
21 -422 410 -428 428 -32768 -32768 -32768 -32768
22 -424 413 -445 447 -32768 -32768 -32768 -32768
23 -428 418 -442 442 -32768 -32768 -32768 -32768
24 -423 412 -412 407 -32768 -32768 -32768 -32768
25 -445 437 -399 399 -32768 -32768 -32768 -32768
26 -504 491 -417 417 -32768 -32768 -32768 -32768
27 -498 484 -461 462 -32768 -32768 -32768 -32768
28 -490 479 -491 492 -32768 -32768 -32768 -32768
29 -502 493 -555 554 -32768 -32768 -32768 -32768
30 -520 508 -609 608 -32768 -32768 -32768 -32768
31 -521 509 -622 614 -32768 -32768 -32768 -32768
32 -496 483 -576 574 -32768 -32768 -32768 -32768
33 -479 468 -570 570 -32768 -32768 -32768 -32768
34 -482 469 -579 577 -32768 -32768 -32768 -32768
35 -480 469 -597 599 -32768 -32768 -32768 -32768
36 -498 486 -627 629 -32768 -32768 -32768 -32768
37 -488 479 -646 647 -32768 -32768 -32768 -32768
38 -482 465 -676 679 -32768 -32768 -32768 -32768
39 -467 458 -707 712 -32768 -32768 -32768 -32768
40 -499 487 -742 740 -32768 -32768 -32768 -32768
41 -498 490 -755 758 -32768 -32768 -32768 -32768
42 -516 505 -786 786 -32768 -32768 -32768 -32768
43 -524 520 -791 786 -32768 -32768 -32768 -32768
44 -551 540 -784 783 -32768 -32768 -32768 -32768
45 -537 527 -756 753 -32768 -32768 -32768 -32768
46 -514 507 -710 707 -32768 -32768 -32768 -32768
47 -488 472 -639 634 -32768 -32768 -32768 -32768
48 -544 535 -620 618 -32768 -32768 -32768 -32768
49 -593 584 -628 626 -32768 -32768 -32768 -32768
50 -621 604 -667 679 -32768 -32768 -32768 -32768
51 -655 646 -779 787 -32768 -32768 -32768 -32768
52 -673 657 -861 864 -32768 -32768 -32768 -32768
