OSINK 11B
1
15.04.21
Osova
0.0 0.0
0.0
0.00 0.00
-1.00 -1.00
0.00 0.00
20000.00
0.0
50
50
N
1
52
1 -498 481 -127 138 -32768 -32768 -32768 -32768
2 -498 481 -127 138 -32768 -32768 -32768 -32768
3 -497 481 -127 137 -32768 -32768 -32768 -32768
4 -497 481 -127 137 -32768 -32768 -32768 -32768
5 -497 481 -127 138 -32768 -32768 -32768 -32768
6 -498 480 -121 138 -32768 -32768 -32768 -32768
7 -501 477 -142 155 -32768 -32768 -32768 -32768
8 -482 459 -179 197 -32768 -32768 -32768 -32768
9 -461 442 -194 213 -32768 -32768 -32768 -32768
10 -423 402 -212 228 -32768 -32768 -32768 -32768
11 -399 377 -229 246 -32768 -32768 -32768 -32768
12 -369 348 -237 255 -32768 -32768 -32768 -32768
13 -410 386 -235 253 -32768 -32768 -32768 -32768
14 -457 436 -233 251 -32768 -32768 -32768 -32768
15 -442 418 -257 273 -32768 -32768 -32768 -32768
16 -427 405 -294 314 -32768 -32768 -32768 -32768
17 -417 397 -340 356 -32768 -32768 -32768 -32768
18 -415 391 -373 389 -32768 -32768 -32768 -32768
19 -419 399 -398 413 -32768 -32768 -32768 -32768
20 -415 394 -420 436 -32768 -32768 -32768 -32768
21 -424 403 -423 439 -32768 -32768 -32768 -32768
22 -428 406 -439 457 -32768 -32768 -32768 -32768
23 -432 412 -434 455 -32768 -32768 -32768 -32768
24 -425 405 -405 418 -32768 -32768 -32768 -32768
25 -450 430 -392 407 -32768 -32768 -32768 -32768
26 -508 486 -412 430 -32768 -32768 -32768 -32768
27 -501 478 -453 472 -32768 -32768 -32768 -32768
28 -492 470 -481 502 -32768 -32768 -32768 -32768
29 -504 484 -544 565 -32768 -32768 -32768 -32768
30 -526 503 -607 620 -32768 -32768 -32768 -32768
31 -522 505 -612 631 -32768 -32768 -32768 -32768
32 -501 479 -569 585 -32768 -32768 -32768 -32768
33 -482 461 -562 580 -32768 -32768 -32768 -32768
34 -485 466 -571 587 -32768 -32768 -32768 -32768
35 -483 462 -591 609 -32768 -32768 -32768 -32768
36 -502 480 -622 641 -32768 -32768 -32768 -32768
37 -495 474 -640 656 -32768 -32768 -32768 -32768
38 -483 461 -672 687 -32768 -32768 -32768 -32768
39 -472 453 -700 722 -32768 -32768 -32768 -32768
40 -503 480 -734 752 -32768 -32768 -32768 -32768
41 -504 483 -751 769 -32768 -32768 -32768 -32768
42 -517 497 -778 796 -32768 -32768 -32768 -32768
43 -526 509 -783 798 -32768 -32768 -32768 -32768
44 -554 533 -778 795 -32768 -32768 -32768 -32768
45 -540 521 -751 762 -32768 -32768 -32768 -32768
46 -519 500 -704 718 -32768 -32768 -32768 -32768
47 -493 474 -631 646 -32768 -32768 -32768 -32768
48 -551 526 -613 628 -32768 -32768 -32768 -32768
49 -597 576 -621 637 -32768 -32768 -32768 -32768
50 -622 597 -670 682 -32768 -32768 -32768 -32768
51 -657 633 -769 790 -32768 -32768 -32768 -32768
52 -676 652 -856 873 -32768 -32768 -32768 -32768
