OSINK 11B
1
06.05.21
Osova
0.0 0.0
0.0
0.00 0.00
-1.00 -1.00
0.00 0.00
20000.00
0.0
50
50
N
1
52
1 -496 481 -130 140 -32768 -32768 -32768 -32768
2 -495 481 -132 140 -32768 -32768 -32768 -32768
3 -495 480 -132 141 -32768 -32768 -32768 -32768
4 -495 480 -132 141 -32768 -32768 -32768 -32768
5 -495 480 -131 141 -32768 -32768 -32768 -32768
6 -495 480 -131 141 -32768 -32768 -32768 -32768
7 -494 479 -143 153 -32768 -32768 -32768 -32768
8 -478 464 -179 198 -32768 -32768 -32768 -32768
9 -454 443 -197 212 -32768 -32768 -32768 -32768
10 -417 405 -214 229 -32768 -32768 -32768 -32768
11 -391 378 -230 246 -32768 -32768 -32768 -32768
12 -364 351 -238 253 -32768 -32768 -32768 -32768
13 -406 389 -237 251 -32768 -32768 -32768 -32768
14 -453 440 -235 250 -32768 -32768 -32768 -32768
15 -434 421 -259 275 -32768 -32768 -32768 -32768
16 -422 409 -294 314 -32768 -32768 -32768 -32768
17 -412 398 -340 358 -32768 -32768 -32768 -32768
18 -409 396 -375 388 -32768 -32768 -32768 -32768
19 -415 401 -400 415 -32768 -32768 -32768 -32768
20 -410 397 -421 436 -32768 -32768 -32768 -32768
21 -420 406 -423 439 -32768 -32768 -32768 -32768
22 -425 410 -438 457 -32768 -32768 -32768 -32768
23 -426 415 -435 451 -32768 -32768 -32768 -32768
24 -422 410 -405 417 -32768 -32768 -32768 -32768
25 -448 440 -393 406 -32768 -32768 -32768 -32768
26 -504 491 -413 431 -32768 -32768 -32768 -32768
27 -495 481 -457 473 -32768 -32768 -32768 -32768
28 -488 474 -485 500 -32768 -32768 -32768 -32768
29 -502 488 -552 570 -32768 -32768 -32768 -32768
30 -522 508 -607 623 -32768 -32768 -32768 -32768
31 -518 508 -613 627 -32768 -32768 -32768 -32768
32 -495 482 -569 584 -32768 -32768 -32768 -32768
33 -477 464 -563 580 -32768 -32768 -32768 -32768
34 -482 469 -572 587 -32768 -32768 -32768 -32768
35 -480 467 -594 610 -32768 -32768 -32768 -32768
36 -497 484 -623 641 -32768 -32768 -32768 -32768
37 -491 478 -642 656 -32768 -32768 -32768 -32768
38 -476 461 -675 690 -32768 -32768 -32768 -32768
39 -467 457 -701 722 -32768 -32768 -32768 -32768
40 -498 482 -737 753 -32768 -32768 -32768 -32768
41 -501 486 -753 768 -32768 -32768 -32768 -32768
42 -513 501 -780 795 -32768 -32768 -32768 -32768
43 -522 506 -784 798 -32768 -32768 -32768 -32768
44 -548 536 -778 794 -32768 -32768 -32768 -32768
45 -534 522 -750 761 -32768 -32768 -32768 -32768
46 -511 504 -702 718 -32768 -32768 -32768 -32768
47 -486 477 -629 644 -32768 -32768 -32768 -32768
48 -547 528 -615 627 -32768 -32768 -32768 -32768
49 -590 578 -622 636 -32768 -32768 -32768 -32768
50 -619 600 -673 690 -32768 -32768 -32768 -32768
51 -655 638 -776 796 -32768 -32768 -32768 -32768
52 -672 655 -857 874 -32768 -32768 -32768 -32768
