OSINK 11B
1
10.06.21
Osova
0.0 0.0
0.0
0.00 0.00
-1.00 -1.00
0.00 0.00
20000.00
0.0
50
50
N
1
52
1 654 492 866 124 -32768 -32768 -32768 -32768
2 654 493 866 124 -32768 -32768 -32768 -32768
3 -507 493 -127 124 -32768 -32768 -32768 -32768
4 -507 493 -127 124 -32768 -32768 -32768 -32768
5 -507 493 -127 124 -32768 -32768 -32768 -32768
6 -507 507 -127 123 -32768 -32768 -32768 -32768
7 -499 480 -146 145 -32768 -32768 -32768 -32768
8 -483 463 -186 189 -32768 -32768 -32768 -32768
9 -460 444 -203 204 -32768 -32768 -32768 -32768
10 -423 404 -221 221 -32768 -32768 -32768 -32768
11 -397 378 -237 238 -32768 -32768 -32768 -32768
12 -367 348 -247 246 -32768 -32768 -32768 -32768
13 -410 387 -244 246 -32768 -32768 -32768 -32768
14 -456 438 -243 244 -32768 -32768 -32768 -32768
15 -438 419 -266 266 -32768 -32768 -32768 -32768
16 -425 406 -303 306 -32768 -32768 -32768 -32768
17 -416 398 -348 349 -32768 -32768 -32768 -32768
18 -414 393 -383 381 -32768 -32768 -32768 -32768
19 -416 398 -410 408 -32768 -32768 -32768 -32768
20 -413 395 -429 429 -32768 -32768 -32768 -32768
21 -423 404 -431 431 -32768 -32768 -32768 -32768
22 -428 408 -447 449 -32768 -32768 -32768 -32768
23 -430 413 -441 443 -32768 -32768 -32768 -32768
24 -425 407 -414 411 -32768 -32768 -32768 -32768
25 -453 434 -400 400 -32768 -32768 -32768 -32768
26 -508 488 -422 422 -32768 -32768 -32768 -32768
27 -499 479 -464 464 -32768 -32768 -32768 -32768
28 -491 472 -491 491 -32768 -32768 -32768 -32768
29 -506 488 -558 558 -32768 -32768 -32768 -32768
30 -524 505 -619 614 -32768 -32768 -32768 -32768
31 -521 504 -618 621 -32768 -32768 -32768 -32768
32 -497 479 -576 577 -32768 -32768 -32768 -32768
33 -480 464 -571 572 -32768 -32768 -32768 -32768
34 -484 467 -581 580 -32768 -32768 -32768 -32768
35 -482 466 -601 603 -32768 -32768 -32768 -32768
36 -499 480 -631 633 -32768 -32768 -32768 -32768
37 -493 474 -651 650 -32768 -32768 -32768 -32768
38 -478 458 -683 682 -32768 -32768 -32768 -32768
39 -472 456 -710 713 -32768 -32768 -32768 -32768
40 -502 483 -745 745 -32768 -32768 -32768 -32768
41 -503 486 -762 761 -32768 -32768 -32768 -32768
42 -516 499 -788 789 -32768 -32768 -32768 -32768
43 -525 511 -791 790 -32768 -32768 -32768 -32768
44 -552 535 -785 786 -32768 -32768 -32768 -32768
45 -537 519 -755 754 -32768 -32768 -32768 -32768
46 -516 500 -708 707 -32768 -32768 -32768 -32768
47 -492 476 -635 635 -32768 -32768 -32768 -32768
48 -552 535 -623 622 -32768 -32768 -32768 -32768
49 -595 580 -631 631 -32768 -32768 -32768 -32768
50 -617 598 -683 683 -32768 -32768 -32768 -32768
51 -665 641 -787 792 -32768 -32768 -32768 -32768
52 -675 654 -864 866 -32768 -32768 -32768 -32768
