OSINK 11B
1
19.11.20
Osova
0.0 0.0
0.0
0.00 0.00
-1.00 -1.00
0.00 0.00
20000.00
0.0
50
50
N
1
52
1 -506 497 -136 152 -32768 -32768 -32768 -32768
2 -506 499 -136 152 -32768 -32768 -32768 -32768
3 -506 499 -136 152 -32768 -32768 -32768 -32768
4 -506 499 -136 152 -32768 -32768 -32768 -32768
5 -506 496 -136 152 -32768 -32768 -32768 -32768
6 -506 496 -136 152 -32768 -32768 -32768 -32768
7 -506 496 -138 150 -32768 -32768 -32768 -32768
8 -486 471 -176 192 -32768 -32768 -32768 -32768
9 -463 453 -194 206 -32768 -32768 -32768 -32768
10 -422 412 -206 220 -32768 -32768 -32768 -32768
11 -395 388 -224 240 -32768 -32768 -32768 -32768
12 -371 358 -236 251 -32768 -32768 -32768 -32768
13 -407 396 -235 251 -32768 -32768 -32768 -32768
14 -447 445 -234 246 -32768 -32768 -32768 -32768
15 -439 429 -256 270 -32768 -32768 -32768 -32768
16 -425 415 -292 308 -32768 -32768 -32768 -32768
17 -417 407 -338 354 -32768 -32768 -32768 -32768
18 -412 401 -372 385 -32768 -32768 -32768 -32768
19 -419 409 -393 408 -32768 -32768 -32768 -32768
20 -412 403 -418 432 -32768 -32768 -32768 -32768
21 -421 411 -420 433 -32768 -32768 -32768 -32768
22 -424 414 -435 451 -32768 -32768 -32768 -32768
23 -429 420 -435 450 -32768 -32768 -32768 -32768
24 -425 413 -405 416 -32768 -32768 -32768 -32768
25 -444 436 -391 404 -32768 -32768 -32768 -32768
26 -504 492 -408 421 -32768 -32768 -32768 -32768
27 -499 487 -450 466 -32768 -32768 -32768 -32768
28 -492 479 -481 497 -32768 -32768 -32768 -32768
29 -503 488 -540 559 -32768 -32768 -32768 -32768
30 -522 510 -602 613 -32768 -32768 -32768 -32768
31 -522 512 -613 626 -32768 -32768 -32768 -32768
32 -496 486 -567 582 -32768 -32768 -32768 -32768
33 -479 469 -561 577 -32768 -32768 -32768 -32768
34 -484 474 -569 583 -32768 -32768 -32768 -32768
35 -480 471 -588 603 -32768 -32768 -32768 -32768
36 -500 489 -620 635 -32768 -32768 -32768 -32768
37 -491 481 -638 652 -32768 -32768 -32768 -32768
38 -481 470 -669 681 -32768 -32768 -32768 -32768
39 -469 458 -697 716 -32768 -32768 -32768 -32768
40 -501 487 -733 744 -32768 -32768 -32768 -32768
41 -503 492 -748 761 -32768 -32768 -32768 -32768
42 -516 508 -776 790 -32768 -32768 -32768 -32768
43 -524 518 -782 793 -32768 -32768 -32768 -32768
44 -552 542 -776 790 -32768 -32768 -32768 -32768
45 -539 531 -749 762 -32768 -32768 -32768 -32768
46 -517 511 -703 719 -32768 -32768 -32768 -32768
47 -489 481 -632 644 -32768 -32768 -32768 -32768
48 -544 535 -611 624 -32768 -32768 -32768 -32768
49 -594 585 -618 632 -32768 -32768 -32768 -32768
50 -622 606 -662 681 -32768 -32768 -32768 -32768
51 -658 639 -768 784 -32768 -32768 -32768 -32768
52 -674 660 -852 870 -32768 -32768 -32768 -32768
