OSINK 11B
1
21.01.21
Osova
0.0 0.0
0.0
0.00 0.00
-1.00 -1.00
0.00 0.00
20000.00
0.0
50
50
N
1
52
1 -509 483 -121 127 -32768 -32768 -32768 -32768
2 -509 483 -121 127 -32768 -32768 -32768 -32768
3 -509 483 -121 127 -32768 -32768 -32768 -32768
4 -509 484 -121 128 -32768 -32768 -32768 -32768
5 -509 484 -121 128 -32768 -32768 -32768 -32768
6 -509 484 -121 128 -32768 -32768 -32768 -32768
7 -508 481 -144 152 -32768 -32768 -32768 -32768
8 -491 462 -184 194 -32768 -32768 -32768 -32768
9 -467 442 -199 206 -32768 -32768 -32768 -32768
10 -427 400 -213 221 -32768 -32768 -32768 -32768
11 -402 373 -232 242 -32768 -32768 -32768 -32768
12 -375 348 -242 250 -32768 -32768 -32768 -32768
13 -413 383 -240 248 -32768 -32768 -32768 -32768
14 -462 434 -238 245 -32768 -32768 -32768 -32768
15 -446 418 -263 270 -32768 -32768 -32768 -32768
16 -433 405 -298 308 -32768 -32768 -32768 -32768
17 -425 396 -344 351 -32768 -32768 -32768 -32768
18 -419 391 -376 384 -32768 -32768 -32768 -32768
19 -425 396 -399 411 -32768 -32768 -32768 -32768
20 -419 392 -423 432 -32768 -32768 -32768 -32768
21 -427 401 -425 434 -32768 -32768 -32768 -32768
22 -431 404 -441 451 -32768 -32768 -32768 -32768
23 -436 410 -438 447 -32768 -32768 -32768 -32768
24 -430 403 -408 413 -32768 -32768 -32768 -32768
25 -457 428 -396 403 -32768 -32768 -32768 -32768
26 -512 483 -415 426 -32768 -32768 -32768 -32768
27 -504 475 -457 466 -32768 -32768 -32768 -32768
28 -497 468 -487 496 -32768 -32768 -32768 -32768
29 -509 482 -555 560 -32768 -32768 -32768 -32768
30 -526 501 -606 613 -32768 -32768 -32768 -32768
31 -526 502 -616 626 -32768 -32768 -32768 -32768
32 -502 478 -573 581 -32768 -32768 -32768 -32768
33 -485 460 -566 575 -32768 -32768 -32768 -32768
34 -491 463 -575 582 -32768 -32768 -32768 -32768
35 -487 460 -595 603 -32768 -32768 -32768 -32768
36 -505 478 -625 635 -32768 -32768 -32768 -32768
37 -498 472 -643 651 -32768 -32768 -32768 -32768
38 -485 457 -676 684 -32768 -32768 -32768 -32768
39 -476 450 -705 716 -32768 -32768 -32768 -32768
40 -508 477 -740 746 -32768 -32768 -32768 -32768
41 -509 482 -753 762 -32768 -32768 -32768 -32768
42 -521 495 -781 791 -32768 -32768 -32768 -32768
43 -530 507 -787 792 -32768 -32768 -32768 -32768
44 -557 531 -781 790 -32768 -32768 -32768 -32768
45 -543 518 -754 759 -32768 -32768 -32768 -32768
46 -521 498 -706 714 -32768 -32768 -32768 -32768
47 -495 472 -636 641 -32768 -32768 -32768 -32768
48 -548 527 -617 623 -32768 -32768 -32768 -32768
49 -600 575 -624 631 -32768 -32768 -32768 -32768
50 -627 595 -670 682 -32768 -32768 -32768 -32768
51 -661 631 -777 785 -32768 -32768 -32768 -32768
52 -679 649 -858 869 -32768 -32768 -32768 -32768
