OSINK 11B
1
01.04.21
Osova
0.0 0.0
0.0
0.00 0.00
-1.00 -1.00
0.00 0.00
20000.00
0.0
50
50
N
1
52
1 -504 484 -115 110 -32768 -32768 -32768 -32768
2 -504 484 -115 110 -32768 -32768 -32768 -32768
3 -504 485 -115 112 -32768 -32768 -32768 -32768
4 -504 485 -115 112 -32768 -32768 -32768 -32768
5 -504 485 -115 112 -32768 -32768 -32768 -32768
6 -504 484 -115 111 -32768 -32768 -32768 -32768
7 -504 476 -152 146 -32768 -32768 -32768 -32768
8 -485 458 -188 188 -32768 -32768 -32768 -32768
9 -465 441 -204 201 -32768 -32768 -32768 -32768
10 -426 402 -221 218 -32768 -32768 -32768 -32768
11 -400 374 -238 237 -32768 -32768 -32768 -32768
12 -372 346 -247 245 -32768 -32768 -32768 -32768
13 -411 381 -246 244 -32768 -32768 -32768 -32768
14 -460 435 -243 241 -32768 -32768 -32768 -32768
15 -443 418 -266 264 -32768 -32768 -32768 -32768
16 -430 403 -302 303 -32768 -32768 -32768 -32768
17 -422 395 -348 347 -32768 -32768 -32768 -32768
18 -418 390 -382 379 -32768 -32768 -32768 -32768
19 -424 397 -408 406 -32768 -32768 -32768 -32768
20 -418 392 -430 428 -32768 -32768 -32768 -32768
21 -427 401 -431 429 -32768 -32768 -32768 -32768
22 -431 404 -448 447 -32768 -32768 -32768 -32768
23 -434 409 -445 444 -32768 -32768 -32768 -32768
24 -428 404 -414 408 -32768 -32768 -32768 -32768
25 -454 429 -401 399 -32768 -32768 -32768 -32768
26 -512 484 -422 422 -32768 -32768 -32768 -32768
27 -501 476 -464 462 -32768 -32768 -32768 -32768
28 -495 469 -493 491 -32768 -32768 -32768 -32768
29 -507 481 -557 561 -32768 -32768 -32768 -32768
30 -528 502 -615 612 -32768 -32768 -32768 -32768
31 -526 502 -622 621 -32768 -32768 -32768 -32768
32 -502 477 -577 577 -32768 -32768 -32768 -32768
33 -484 459 -572 572 -32768 -32768 -32768 -32768
34 -488 463 -582 578 -32768 -32768 -32768 -32768
35 -488 462 -602 600 -32768 -32768 -32768 -32768
36 -505 478 -632 630 -32768 -32768 -32768 -32768
37 -498 472 -650 649 -32768 -32768 -32768 -32768
38 -486 458 -679 678 -32768 -32768 -32768 -32768
39 -473 449 -711 713 -32768 -32768 -32768 -32768
40 -504 476 -746 742 -32768 -32768 -32768 -32768
41 -507 481 -759 760 -32768 -32768 -32768 -32768
42 -520 494 -788 787 -32768 -32768 -32768 -32768
43 -530 506 -793 788 -32768 -32768 -32768 -32768
44 -555 532 -786 785 -32768 -32768 -32768 -32768
45 -541 517 -758 753 -32768 -32768 -32768 -32768
46 -518 498 -710 708 -32768 -32768 -32768 -32768
47 -494 472 -640 635 -32768 -32768 -32768 -32768
48 -554 528 -622 620 -32768 -32768 -32768 -32768
49 -598 575 -631 628 -32768 -32768 -32768 -32768
50 -626 596 -676 680 -32768 -32768 -32768 -32768
51 -661 631 -783 788 -32768 -32768 -32768 -32768
52 -678 648 -864 866 -32768 -32768 -32768 -32768
