OSINK 11B
1
26.11.20
Osova
0.0 0.0
0.0
0.00 0.00
-1.00 -1.00
0.00 0.00
20000.00
0.0
50
50
N
1
52
1 -518 495 -148 145 -32768 -32768 -32768 -32768
2 -516 495 -147 146 -32768 -32768 -32768 -32768
3 -516 495 -147 146 -32768 -32768 -32768 -32768
4 -516 495 -147 146 -32768 -32768 -32768 -32768
5 -518 495 -147 146 -32768 -32768 -32768 -32768
6 -518 495 -147 146 -32768 -32768 -32768 -32768
7 -509 491 -141 146 -32768 -32768 -32768 -32768
8 -487 473 -181 190 -32768 -32768 -32768 -32768
9 -467 453 -199 203 -32768 -32768 -32768 -32768
10 -425 408 -212 216 -32768 -32768 -32768 -32768
11 -398 381 -229 236 -32768 -32768 -32768 -32768
12 -371 355 -242 248 -32768 -32768 -32768 -32768
13 -409 394 -241 246 -32768 -32768 -32768 -32768
14 -456 443 -238 243 -32768 -32768 -32768 -32768
15 -443 427 -260 266 -32768 -32768 -32768 -32768
16 -427 412 -296 303 -32768 -32768 -32768 -32768
17 -419 402 -344 350 -32768 -32768 -32768 -32768
18 -415 398 -377 380 -32768 -32768 -32768 -32768
19 -423 404 -397 404 -32768 -32768 -32768 -32768
20 -416 401 -423 428 -32768 -32768 -32768 -32768
21 -424 405 -425 430 -32768 -32768 -32768 -32768
22 -428 411 -441 447 -32768 -32768 -32768 -32768
23 -431 416 -440 445 -32768 -32768 -32768 -32768
24 -425 409 -408 412 -32768 -32768 -32768 -32768
25 -446 429 -396 400 -32768 -32768 -32768 -32768
26 -507 491 -414 420 -32768 -32768 -32768 -32768
27 -501 485 -456 461 -32768 -32768 -32768 -32768
28 -493 477 -486 492 -32768 -32768 -32768 -32768
29 -502 487 -542 554 -32768 -32768 -32768 -32768
30 -524 506 -608 607 -32768 -32768 -32768 -32768
31 -522 507 -617 623 -32768 -32768 -32768 -32768
32 -499 491 -572 579 -32768 -32768 -32768 -32768
33 -481 466 -566 573 -32768 -32768 -32768 -32768
34 -486 467 -574 578 -32768 -32768 -32768 -32768
35 -483 467 -596 600 -32768 -32768 -32768 -32768
36 -499 486 -626 631 -32768 -32768 -32768 -32768
37 -493 477 -643 647 -32768 -32768 -32768 -32768
38 -487 470 -673 675 -32768 -32768 -32768 -32768
39 -469 455 -702 711 -32768 -32768 -32768 -32768
40 -502 487 -738 740 -32768 -32768 -32768 -32768
41 -504 481 -753 761 -32768 -32768 -32768 -32768
42 -518 504 -782 787 -32768 -32768 -32768 -32768
43 -527 513 -786 789 -32768 -32768 -32768 -32768
44 -553 538 -780 786 -32768 -32768 -32768 -32768
45 -540 525 -753 756 -32768 -32768 -32768 -32768
46 -519 506 -708 712 -32768 -32768 -32768 -32768
47 -492 479 -636 636 -32768 -32768 -32768 -32768
48 -538 532 -615 620 -32768 -32768 -32768 -32768
49 -596 582 -624 627 -32768 -32768 -32768 -32768
50 -623 602 -666 677 -32768 -32768 -32768 -32768
51 -656 640 -775 787 -32768 -32768 -32768 -32768
52 -674 657 -857 864 -32768 -32768 -32768 -32768
