OSINK 11B
1
04.02.21
Osova
0.0 0.0
0.0
0.00 0.00
-1.00 -1.00
0.00 0.00
20000.00
0.0
50
50
N
1
52
1 -505 495 -131 119 -32768 -32768 -32768 -32768
2 -505 495 -131 119 -32768 -32768 -32768 -32768
3 -503 495 -132 119 -32768 -32768 -32768 -32768
4 -503 495 -132 119 -32768 -32768 -32768 -32768
5 -503 495 -127 119 -32768 -32768 -32768 -32768
6 -505 495 -133 119 -32768 -32768 -32768 -32768
7 -511 484 -152 146 -32768 -32768 -32768 -32768
8 -488 461 -187 187 -32768 -32768 -32768 -32768
9 -467 441 -204 204 -32768 -32768 -32768 -32768
10 -426 400 -219 218 -32768 -32768 -32768 -32768
11 -404 376 -236 239 -32768 -32768 -32768 -32768
12 -374 348 -246 245 -32768 -32768 -32768 -32768
13 -405 382 -246 245 -32768 -32768 -32768 -32768
14 -462 436 -242 242 -32768 -32768 -32768 -32768
15 -446 420 -264 265 -32768 -32768 -32768 -32768
16 -429 404 -299 302 -32768 -32768 -32768 -32768
17 -424 397 -346 348 -32768 -32768 -32768 -32768
18 -418 391 -382 379 -32768 -32768 -32768 -32768
19 -423 397 -406 404 -32768 -32768 -32768 -32768
20 -417 392 -428 428 -32768 -32768 -32768 -32768
21 -426 401 -430 430 -32768 -32768 -32768 -32768
22 -429 405 -446 447 -32768 -32768 -32768 -32768
23 -433 410 -446 446 -32768 -32768 -32768 -32768
24 -428 404 -415 410 -32768 -32768 -32768 -32768
25 -452 428 -401 399 -32768 -32768 -32768 -32768
26 -509 483 -420 420 -32768 -32768 -32768 -32768
27 -503 478 -462 460 -32768 -32768 -32768 -32768
28 -492 469 -488 492 -32768 -32768 -32768 -32768
29 -505 482 -551 559 -32768 -32768 -32768 -32768
30 -527 502 -613 610 -32768 -32768 -32768 -32768
31 -524 503 -621 624 -32768 -32768 -32768 -32768
32 -501 478 -577 578 -32768 -32768 -32768 -32768
33 -483 459 -572 571 -32768 -32768 -32768 -32768
34 -487 463 -579 579 -32768 -32768 -32768 -32768
35 -485 461 -598 600 -32768 -32768 -32768 -32768
36 -504 479 -630 630 -32768 -32768 -32768 -32768
37 -497 472 -648 647 -32768 -32768 -32768 -32768
38 -485 458 -680 679 -32768 -32768 -32768 -32768
39 -471 451 -709 711 -32768 -32768 -32768 -32768
40 -502 477 -744 741 -32768 -32768 -32768 -32768
41 -506 481 -758 760 -32768 -32768 -32768 -32768
42 -521 496 -786 787 -32768 -32768 -32768 -32768
43 -526 506 -792 789 -32768 -32768 -32768 -32768
44 -555 531 -786 786 -32768 -32768 -32768 -32768
45 -542 518 -763 755 -32768 -32768 -32768 -32768
46 -522 499 -717 709 -32768 -32768 -32768 -32768
47 -493 473 -642 636 -32768 -32768 -32768 -32768
48 -543 524 -621 619 -32768 -32768 -32768 -32768
49 -594 575 -629 626 -32768 -32768 -32768 -32768
50 -624 595 -666 669 -32768 -32768 -32768 -32768
51 -657 630 -775 780 -32768 -32768 -32768 -32768
52 -677 650 -863 866 -32768 -32768 -32768 -32768
