OSINK 11B
1
05.11.20
Osova
0.0 0.0
0.0
0.00 0.00
-1.00 -1.00
0.00 0.00
20000.00
0.0
50
50
N
1
52
1 -510 493 -146 148 -32768 -32768 -32768 -32768
2 -510 493 -146 148 -32768 -32768 -32768 -32768
3 -510 493 -146 148 -32768 -32768 -32768 -32768
4 -510 493 -147 148 -32768 -32768 -32768 -32768
5 -510 496 -147 146 -32768 -32768 -32768 -32768
6 -511 496 -148 146 -32768 -32768 -32768 -32768
7 -505 493 -143 148 -32768 -32768 -32768 -32768
8 -483 474 -183 189 -32768 -32768 -32768 -32768
9 -461 456 -199 202 -32768 -32768 -32768 -32768
10 -419 413 -213 218 -32768 -32768 -32768 -32768
11 -392 382 -230 239 -32768 -32768 -32768 -32768
12 -367 357 -243 247 -32768 -32768 -32768 -32768
13 -393 397 -243 247 -32768 -32768 -32768 -32768
14 -452 443 -239 245 -32768 -32768 -32768 -32768
15 -439 430 -262 266 -32768 -32768 -32768 -32768
16 -423 415 -298 307 -32768 -32768 -32768 -32768
17 -414 406 -345 350 -32768 -32768 -32768 -32768
18 -408 401 -378 381 -32768 -32768 -32768 -32768
19 -417 409 -399 406 -32768 -32768 -32768 -32768
20 -411 403 -424 429 -32768 -32768 -32768 -32768
21 -419 411 -425 431 -32768 -32768 -32768 -32768
22 -422 412 -441 447 -32768 -32768 -32768 -32768
23 -428 420 -441 445 -32768 -32768 -32768 -32768
24 -421 413 -409 411 -32768 -32768 -32768 -32768
25 -446 438 -397 401 -32768 -32768 -32768 -32768
26 -504 494 -419 422 -32768 -32768 -32768 -32768
27 -495 488 -458 461 -32768 -32768 -32768 -32768
28 -489 480 -490 494 -32768 -32768 -32768 -32768
29 -499 492 -546 552 -32768 -32768 -32768 -32768
30 -521 511 -608 610 -32768 -32768 -32768 -32768
31 -521 514 -618 622 -32768 -32768 -32768 -32768
32 -495 487 -574 579 -32768 -32768 -32768 -32768
33 -477 470 -567 571 -32768 -32768 -32768 -32768
34 -481 473 -576 579 -32768 -32768 -32768 -32768
35 -477 469 -596 602 -32768 -32768 -32768 -32768
36 -496 488 -626 632 -32768 -32768 -32768 -32768
37 -489 481 -644 649 -32768 -32768 -32768 -32768
38 -478 468 -675 681 -32768 -32768 -32768 -32768
39 -464 459 -705 712 -32768 -32768 -32768 -32768
40 -496 489 -739 741 -32768 -32768 -32768 -32768
41 -498 491 -754 759 -32768 -32768 -32768 -32768
42 -513 505 -782 789 -32768 -32768 -32768 -32768
43 -520 515 -788 791 -32768 -32768 -32768 -32768
44 -546 540 -783 788 -32768 -32768 -32768 -32768
45 -535 530 -755 760 -32768 -32768 -32768 -32768
46 -513 511 -711 718 -32768 -32768 -32768 -32768
47 -488 482 -640 642 -32768 -32768 -32768 -32768
48 -540 532 -619 620 -32768 -32768 -32768 -32768
49 -591 584 -625 629 -32768 -32768 -32768 -32768
50 -617 604 -667 675 -32768 -32768 -32768 -32768
51 -652 642 -774 781 -32768 -32768 -32768 -32768
52 -670 660 -860 865 -32768 -32768 -32768 -32768
