OSINK 11B
1
18.02.21
Osova
0.0 0.0
0.0
0.00 0.00
-1.00 -1.00
0.00 0.00
20000.00
0.0
50
50
N
1
52
1 -492 475 -119 120 -32768 -32768 -32768 -32768
2 -492 476 -119 121 -32768 -32768 -32768 -32768
3 -492 476 -119 121 -32768 -32768 -32768 -32768
4 -492 476 -119 120 -32768 -32768 -32768 -32768
5 -492 476 -119 120 -32768 -32768 -32768 -32768
6 -492 476 -119 120 -32768 -32768 -32768 -32768
7 -501 485 -146 147 -32768 -32768 -32768 -32768
8 -481 468 -183 191 -32768 -32768 -32768 -32768
9 -461 449 -199 204 -32768 -32768 -32768 -32768
10 -420 407 -216 220 -32768 -32768 -32768 -32768
11 -396 383 -233 239 -32768 -32768 -32768 -32768
12 -368 353 -242 248 -32768 -32768 -32768 -32768
13 -401 389 -242 247 -32768 -32768 -32768 -32768
14 -455 442 -238 244 -32768 -32768 -32768 -32768
15 -438 422 -261 270 -32768 -32768 -32768 -32768
16 -424 410 -298 306 -32768 -32768 -32768 -32768
17 -417 402 -345 351 -32768 -32768 -32768 -32768
18 -411 397 -377 382 -32768 -32768 -32768 -32768
19 -418 403 -400 408 -32768 -32768 -32768 -32768
20 -411 398 -425 430 -32768 -32768 -32768 -32768
21 -421 407 -427 431 -32768 -32768 -32768 -32768
22 -424 410 -443 450 -32768 -32768 -32768 -32768
23 -429 416 -441 447 -32768 -32768 -32768 -32768
24 -423 410 -410 413 -32768 -32768 -32768 -32768
25 -446 435 -397 402 -32768 -32768 -32768 -32768
26 -504 490 -416 425 -32768 -32768 -32768 -32768
27 -497 482 -459 466 -32768 -32768 -32768 -32768
28 -489 475 -487 493 -32768 -32768 -32768 -32768
29 -501 485 -549 557 -32768 -32768 -32768 -32768
30 -522 507 -610 613 -32768 -32768 -32768 -32768
31 -520 508 -620 624 -32768 -32768 -32768 -32768
32 -496 484 -574 580 -32768 -32768 -32768 -32768
33 -479 465 -567 573 -32768 -32768 -32768 -32768
34 -483 469 -576 581 -32768 -32768 -32768 -32768
35 -480 466 -596 602 -32768 -32768 -32768 -32768
36 -499 486 -626 634 -32768 -32768 -32768 -32768
37 -491 478 -644 649 -32768 -32768 -32768 -32768
38 -480 466 -675 681 -32768 -32768 -32768 -32768
39 -468 455 -705 714 -32768 -32768 -32768 -32768
40 -499 483 -741 744 -32768 -32768 -32768 -32768
41 -500 487 -755 761 -32768 -32768 -32768 -32768
42 -514 501 -783 790 -32768 -32768 -32768 -32768
43 -522 512 -789 792 -32768 -32768 -32768 -32768
44 -549 538 -783 789 -32768 -32768 -32768 -32768
45 -537 525 -757 758 -32768 -32768 -32768 -32768
46 -516 507 -712 717 -32768 -32768 -32768 -32768
47 -490 476 -641 642 -32768 -32768 -32768 -32768
48 -541 528 -618 622 -32768 -32768 -32768 -32768
49 -592 580 -626 630 -32768 -32768 -32768 -32768
50 -620 602 -664 678 -32768 -32768 -32768 -32768
51 -655 636 -779 786 -32768 -32768 -32768 -32768
52 -672 654 -860 869 -32768 -32768 -32768 -32768
