OSINK 11B
1
18.03.21
Osova
0.0 0.0
0.0
0.00 0.00
-1.00 -1.00
0.00 0.00
20000.00
0.0
50
50
N
1
52
1 -508 495 -134 111 -32768 -32768 -32768 -32768
2 -508 495 -134 111 -32768 -32768 -32768 -32768
3 -508 495 -134 111 -32768 -32768 -32768 -32768
4 -508 495 -134 111 -32768 -32768 -32768 -32768
5 -508 495 -134 111 -32768 -32768 -32768 -32768
6 -508 497 -134 110 -32768 -32768 -32768 -32768
7 -501 489 -160 134 -32768 -32768 -32768 -32768
8 -476 464 -196 177 -32768 -32768 -32768 -32768
9 -462 450 -209 191 -32768 -32768 -32768 -32768
10 -419 410 -228 208 -32768 -32768 -32768 -32768
11 -394 383 -246 225 -32768 -32768 -32768 -32768
12 -365 354 -255 236 -32768 -32768 -32768 -32768
13 -392 385 -256 235 -32768 -32768 -32768 -32768
14 -453 443 -250 230 -32768 -32768 -32768 -32768
15 -438 427 -272 253 -32768 -32768 -32768 -32768
16 -422 412 -309 288 -32768 -32768 -32768 -32768
17 -414 404 -353 334 -32768 -32768 -32768 -32768
18 -409 396 -389 369 -32768 -32768 -32768 -32768
19 -416 406 -411 390 -32768 -32768 -32768 -32768
20 -407 397 -438 417 -32768 -32768 -32768 -32768
21 -418 409 -440 418 -32768 -32768 -32768 -32768
22 -421 411 -455 436 -32768 -32768 -32768 -32768
23 -426 417 -454 437 -32768 -32768 -32768 -32768
24 -420 411 -424 402 -32768 -32768 -32768 -32768
25 -440 432 -410 389 -32768 -32768 -32768 -32768
26 -501 490 -426 408 -32768 -32768 -32768 -32768
27 -496 484 -470 451 -32768 -32768 -32768 -32768
28 -487 477 -498 479 -32768 -32768 -32768 -32768
29 -499 485 -558 540 -32768 -32768 -32768 -32768
30 -518 508 -622 599 -32768 -32768 -32768 -32768
31 -520 508 -635 613 -32768 -32768 -32768 -32768
32 -496 487 -589 569 -32768 -32768 -32768 -32768
33 -476 467 -579 559 -32768 -32768 -32768 -32768
34 -481 470 -587 567 -32768 -32768 -32768 -32768
35 -479 467 -608 587 -32768 -32768 -32768 -32768
36 -499 487 -637 618 -32768 -32768 -32768 -32768
37 -488 478 -655 634 -32768 -32768 -32768 -32768
38 -480 469 -686 665 -32768 -32768 -32768 -32768
39 -464 457 -715 700 -32768 -32768 -32768 -32768
40 -494 483 -751 730 -32768 -32768 -32768 -32768
41 -497 489 -764 745 -32768 -32768 -32768 -32768
42 -511 503 -793 775 -32768 -32768 -32768 -32768
43 -520 513 -800 777 -32768 -32768 -32768 -32768
44 -547 538 -796 776 -32768 -32768 -32768 -32768
45 -537 528 -772 750 -32768 -32768 -32768 -32768
46 -522 509 -729 710 -32768 -32768 -32768 -32768
47 -489 480 -659 633 -32768 -32768 -32768 -32768
48 -535 525 -629 607 -32768 -32768 -32768 -32768
49 -589 583 -636 615 -32768 -32768 -32768 -32768
50 -618 602 -672 657 -32768 -32768 -32768 -32768
51 -646 635 -774 763 -32768 -32768 -32768 -32768
52 -671 657 -868 853 -32768 -32768 -32768 -32768
