OSINK 11B
1
06.01.21
Osova
0.0 0.0
0.0
0.00 0.00
-1.00 -1.00
0.00 0.00
20000.00
0.0
50
50
N
1
52
1 -481 455 -135 153 -32768 -32768 -32768 -32768
2 -475 455 -134 153 -32768 -32768 -32768 -32768
3 -475 449 -134 157 -32768 -32768 -32768 -32768
4 -475 449 -134 157 -32768 -32768 -32768 -32768
5 -474 449 -136 157 -32768 -32768 -32768 -32768
6 -474 486 -136 147 -32768 -32768 -32768 -32768
7 -502 486 -152 147 -32768 -32768 -32768 -32768
8 -484 472 -189 190 -32768 -32768 -32768 -32768
9 -457 454 -205 204 -32768 -32768 -32768 -32768
10 -418 405 -218 217 -32768 -32768 -32768 -32768
11 -394 377 -237 239 -32768 -32768 -32768 -32768
12 -368 353 -247 246 -32768 -32768 -32768 -32768
13 -412 390 -243 246 -32768 -32768 -32768 -32768
14 -455 440 -241 242 -32768 -32768 -32768 -32768
15 -439 423 -264 267 -32768 -32768 -32768 -32768
16 -424 408 -301 306 -32768 -32768 -32768 -32768
17 -415 401 -349 350 -32768 -32768 -32768 -32768
18 -411 396 -381 381 -32768 -32768 -32768 -32768
19 -410 397 -403 408 -32768 -32768 -32768 -32768
20 -413 398 -428 428 -32768 -32768 -32768 -32768
21 -420 405 -429 429 -32768 -32768 -32768 -32768
22 -424 410 -446 448 -32768 -32768 -32768 -32768
23 -429 415 -444 441 -32768 -32768 -32768 -32768
24 -423 407 -415 409 -32768 -32768 -32768 -32768
25 -446 432 -400 400 -32768 -32768 -32768 -32768
26 -504 489 -420 424 -32768 -32768 -32768 -32768
27 -494 479 -462 464 -32768 -32768 -32768 -32768
28 -489 473 -492 495 -32768 -32768 -32768 -32768
29 -501 485 -558 560 -32768 -32768 -32768 -32768
30 -520 504 -614 614 -32768 -32768 -32768 -32768
31 -518 504 -620 621 -32768 -32768 -32768 -32768
32 -493 476 -574 580 -32768 -32768 -32768 -32768
33 -477 462 -572 570 -32768 -32768 -32768 -32768
34 -483 469 -579 578 -32768 -32768 -32768 -32768
35 -479 465 -600 600 -32768 -32768 -32768 -32768
36 -498 482 -630 630 -32768 -32768 -32768 -32768
37 -490 477 -648 648 -32768 -32768 -32768 -32768
38 -465 457 -682 685 -32768 -32768 -32768 -32768
39 -469 455 -710 712 -32768 -32768 -32768 -32768
40 -499 483 -743 742 -32768 -32768 -32768 -32768
41 -500 486 -758 760 -32768 -32768 -32768 -32768
42 -513 500 -785 786 -32768 -32768 -32768 -32768
43 -522 509 -792 788 -32768 -32768 -32768 -32768
44 -549 533 -785 786 -32768 -32768 -32768 -32768
45 -536 521 -758 758 -32768 -32768 -32768 -32768
46 -514 503 -713 713 -32768 -32768 -32768 -32768
47 -488 476 -638 637 -32768 -32768 -32768 -32768
48 -547 528 -622 618 -32768 -32768 -32768 -32768
49 -590 579 -628 627 -32768 -32768 -32768 -32768
50 -618 598 -677 673 -32768 -32768 -32768 -32768
51 -665 634 -779 780 -32768 -32768 -32768 -32768
52 -669 630 -863 864 -32768 -32768 -32768 -32768
