OSINK 11B
1
12.11.20
Osova
0.0 0.0
0.0
0.00 0.00
-1.00 -1.00
0.00 0.00
20000.00
0.0
50
50
N
1
52
1 -515 491 -148 141 -32768 -32768 -32768 -32768
2 -514 491 -146 141 -32768 -32768 -32768 -32768
3 -514 491 -146 141 -32768 -32768 -32768 -32768
4 -510 491 -147 140 -32768 -32768 -32768 -32768
5 -513 491 -146 140 -32768 -32768 -32768 -32768
6 -510 491 -148 140 -32768 -32768 -32768 -32768
7 -511 491 -143 145 -32768 -32768 -32768 -32768
8 -487 470 -181 189 -32768 -32768 -32768 -32768
9 -466 448 -200 203 -32768 -32768 -32768 -32768
10 -425 406 -212 214 -32768 -32768 -32768 -32768
11 -399 380 -230 234 -32768 -32768 -32768 -32768
12 -372 354 -243 245 -32768 -32768 -32768 -32768
13 -405 388 -243 245 -32768 -32768 -32768 -32768
14 -458 440 -238 241 -32768 -32768 -32768 -32768
15 -444 425 -260 265 -32768 -32768 -32768 -32768
16 -429 412 -299 304 -32768 -32768 -32768 -32768
17 -421 402 -346 350 -32768 -32768 -32768 -32768
18 -416 399 -378 380 -32768 -32768 -32768 -32768
19 -422 404 -401 403 -32768 -32768 -32768 -32768
20 -416 400 -424 426 -32768 -32768 -32768 -32768
21 -424 406 -425 427 -32768 -32768 -32768 -32768
22 -429 412 -443 444 -32768 -32768 -32768 -32768
23 -433 415 -440 443 -32768 -32768 -32768 -32768
24 -428 410 -409 408 -32768 -32768 -32768 -32768
25 -449 433 -396 398 -32768 -32768 -32768 -32768
26 -508 490 -416 420 -32768 -32768 -32768 -32768
27 -502 484 -457 459 -32768 -32768 -32768 -32768
28 -495 476 -487 492 -32768 -32768 -32768 -32768
29 -506 487 -548 554 -32768 -32768 -32768 -32768
30 -526 508 -607 606 -32768 -32768 -32768 -32768
31 -526 508 -617 623 -32768 -32768 -32768 -32768
32 -500 483 -573 576 -32768 -32768 -32768 -32768
33 -484 467 -567 569 -32768 -32768 -32768 -32768
34 -486 472 -575 575 -32768 -32768 -32768 -32768
35 -485 469 -596 602 -32768 -32768 -32768 -32768
36 -505 486 -625 630 -32768 -32768 -32768 -32768
37 -496 475 -644 646 -32768 -32768 -32768 -32768
38 -481 468 -674 678 -32768 -32768 -32768 -32768
39 -475 457 -704 709 -32768 -32768 -32768 -32768
40 -505 488 -738 737 -32768 -32768 -32768 -32768
41 -507 489 -753 756 -32768 -32768 -32768 -32768
42 -520 504 -782 787 -32768 -32768 -32768 -32768
43 -531 514 -787 788 -32768 -32768 -32768 -32768
44 -556 539 -781 784 -32768 -32768 -32768 -32768
45 -543 528 -755 756 -32768 -32768 -32768 -32768
46 -519 507 -708 713 -32768 -32768 -32768 -32768
47 -495 479 -638 639 -32768 -32768 -32768 -32768
48 -547 531 -618 618 -32768 -32768 -32768 -32768
49 -595 582 -623 625 -32768 -32768 -32768 -32768
50 -622 603 -682 670 -32768 -32768 -32768 -32768
51 -660 639 -776 781 -32768 -32768 -32768 -32768
52 -678 658 -857 862 -32768 -32768 -32768 -32768
