OSINK 11B
1
20.05.21
Osova
0.0 0.0
0.0
0.00 0.00
-1.00 -1.00
0.00 0.00
20000.00
0.0
50
50
N
1
52
1 -507 483 -128 139 -32768 -32768 -32768 -32768
2 -507 483 -127 139 -32768 -32768 -32768 -32768
3 -507 483 -127 139 -32768 -32768 -32768 -32768
4 -507 483 -127 139 -32768 -32768 -32768 -32768
5 -507 483 -126 138 -32768 -32768 -32768 -32768
6 -507 483 -126 138 -32768 -32768 -32768 -32768
7 -496 475 -143 153 -32768 -32768 -32768 -32768
8 -482 461 -178 197 -32768 -32768 -32768 -32768
9 -460 441 -195 212 -32768 -32768 -32768 -32768
10 -422 402 -213 229 -32768 -32768 -32768 -32768
11 -398 375 -229 246 -32768 -32768 -32768 -32768
12 -368 346 -239 254 -32768 -32768 -32768 -32768
13 -416 387 -236 253 -32768 -32768 -32768 -32768
14 -456 436 -235 251 -32768 -32768 -32768 -32768
15 -439 418 -258 275 -32768 -32768 -32768 -32768
16 -426 405 -297 316 -32768 -32768 -32768 -32768
17 -416 397 -341 358 -32768 -32768 -32768 -32768
18 -414 393 -374 389 -32768 -32768 -32768 -32768
19 -419 396 -400 417 -32768 -32768 -32768 -32768
20 -415 394 -420 437 -32768 -32768 -32768 -32768
21 -423 403 -424 439 -32768 -32768 -32768 -32768
22 -428 407 -439 457 -32768 -32768 -32768 -32768
23 -431 412 -433 452 -32768 -32768 -32768 -32768
24 -425 406 -405 417 -32768 -32768 -32768 -32768
25 -452 433 -393 408 -32768 -32768 -32768 -32768
26 -509 486 -414 431 -32768 -32768 -32768 -32768
27 -500 478 -456 474 -32768 -32768 -32768 -32768
28 -492 471 -485 502 -32768 -32768 -32768 -32768
29 -506 488 -553 572 -32768 -32768 -32768 -32768
30 -526 504 -609 622 -32768 -32768 -32768 -32768
31 -523 505 -612 628 -32768 -32768 -32768 -32768
32 -499 478 -568 583 -32768 -32768 -32768 -32768
33 -481 462 -562 581 -32768 -32768 -32768 -32768
34 -485 466 -572 588 -32768 -32768 -32768 -32768
35 -485 465 -594 612 -32768 -32768 -32768 -32768
36 -501 482 -623 640 -32768 -32768 -32768 -32768
37 -496 473 -642 658 -32768 -32768 -32768 -32768
38 -480 456 -675 692 -32768 -32768 -32768 -32768
39 -472 454 -701 721 -32768 -32768 -32768 -32768
40 -503 481 -736 754 -32768 -32768 -32768 -32768
41 -504 484 -753 770 -32768 -32768 -32768 -32768
42 -518 498 -782 797 -32768 -32768 -32768 -32768
43 -527 511 -782 798 -32768 -32768 -32768 -32768
44 -553 534 -776 794 -32768 -32768 -32768 -32768
45 -538 520 -747 762 -32768 -32768 -32768 -32768
46 -514 500 -698 715 -32768 -32768 -32768 -32768
47 -492 476 -625 644 -32768 -32768 -32768 -32768
48 -553 533 -614 630 -32768 -32768 -32768 -32768
49 -598 579 -623 638 -32768 -32768 -32768 -32768
50 -618 599 -672 692 -32768 -32768 -32768 -32768
51 -658 638 -770 797 -32768 -32768 -32768 -32768
52 -676 654 -855 873 -32768 -32768 -32768 -32768
