OSINK 11B
1
14.01.21
Osova
0.0 0.0
0.0
0.00 0.00
-1.00 -1.00
0.00 0.00
20000.00
0.0
50
50
N
1
52
1 -503 492 -122 131 -32768 -32768 -32768 -32768
2 -503 492 -122 131 -32768 -32768 -32768 -32768
3 -503 492 -122 131 -32768 -32768 -32768 -32768
4 -503 492 -122 131 -32768 -32768 -32768 -32768
5 -503 492 -122 131 -32768 -32768 -32768 -32768
6 -504 492 -122 131 -32768 -32768 -32768 -32768
7 -499 488 -144 154 -32768 -32768 -32768 -32768
8 -482 473 -181 196 -32768 -32768 -32768 -32768
9 -457 447 -199 208 -32768 -32768 -32768 -32768
10 -417 408 -212 221 -32768 -32768 -32768 -32768
11 -393 383 -230 243 -32768 -32768 -32768 -32768
12 -367 357 -240 250 -32768 -32768 -32768 -32768
13 -400 394 -239 251 -32768 -32768 -32768 -32768
14 -452 445 -236 247 -32768 -32768 -32768 -32768
15 -437 427 -260 271 -32768 -32768 -32768 -32768
16 -423 413 -294 311 -32768 -32768 -32768 -32768
17 -413 405 -342 353 -32768 -32768 -32768 -32768
18 -410 399 -375 385 -32768 -32768 -32768 -32768
19 -415 407 -399 412 -32768 -32768 -32768 -32768
20 -409 399 -421 433 -32768 -32768 -32768 -32768
21 -419 410 -424 435 -32768 -32768 -32768 -32768
22 -422 414 -440 452 -32768 -32768 -32768 -32768
23 -427 419 -438 449 -32768 -32768 -32768 -32768
24 -421 412 -407 414 -32768 -32768 -32768 -32768
25 -445 437 -394 404 -32768 -32768 -32768 -32768
26 -503 492 -416 426 -32768 -32768 -32768 -32768
27 -495 485 -455 468 -32768 -32768 -32768 -32768
28 -487 476 -487 497 -32768 -32768 -32768 -32768
29 -499 492 -551 564 -32768 -32768 -32768 -32768
30 -520 509 -606 617 -32768 -32768 -32768 -32768
31 -518 509 -615 623 -32768 -32768 -32768 -32768
32 -492 484 -570 582 -32768 -32768 -32768 -32768
33 -476 468 -565 575 -32768 -32768 -32768 -32768
34 -480 473 -574 583 -32768 -32768 -32768 -32768
35 -481 471 -595 606 -32768 -32768 -32768 -32768
36 -495 487 -626 636 -32768 -32768 -32768 -32768
37 -489 480 -643 654 -32768 -32768 -32768 -32768
38 -478 469 -673 684 -32768 -32768 -32768 -32768
39 -467 460 -704 716 -32768 -32768 -32768 -32768
40 -496 487 -739 747 -32768 -32768 -32768 -32768
41 -500 490 -752 765 -32768 -32768 -32768 -32768
42 -511 504 -780 792 -32768 -32768 -32768 -32768
43 -520 515 -786 794 -32768 -32768 -32768 -32768
44 -546 540 -780 791 -32768 -32768 -32768 -32768
45 -533 527 -754 762 -32768 -32768 -32768 -32768
46 -510 508 -705 718 -32768 -32768 -32768 -32768
47 -487 480 -637 642 -32768 -32768 -32768 -32768
48 -542 533 -616 624 -32768 -32768 -32768 -32768
49 -590 585 -624 633 -32768 -32768 -32768 -32768
50 -617 606 -670 687 -32768 -32768 -32768 -32768
51 -651 643 -775 791 -32768 -32768 -32768 -32768
52 -669 659 -858 870 -32768 -32768 -32768 -32768
