OSINK 11B
1
27.05.21
Osova
0.0 0.0
0.0
0.00 0.00
-1.00 -1.00
0.00 0.00
20000.00
0.0
50
50
N
1
52
1 -509 478 -135 131 -32768 -32768 -32768 -32768
2 -509 478 -135 131 -32768 -32768 -32768 -32768
3 -509 478 -135 131 -32768 -32768 -32768 -32768
4 -509 478 -135 130 -32768 -32768 -32768 -32768
5 -509 478 -135 130 -32768 -32768 -32768 -32768
6 -509 478 -135 130 -32768 -32768 -32768 -32768
7 -500 473 -151 146 -32768 -32768 -32768 -32768
8 -484 461 -187 190 -32768 -32768 -32768 -32768
9 -461 439 -204 203 -32768 -32768 -32768 -32768
10 -423 401 -221 221 -32768 -32768 -32768 -32768
11 -398 375 -238 238 -32768 -32768 -32768 -32768
12 -369 346 -248 245 -32768 -32768 -32768 -32768
13 -413 389 -245 245 -32768 -32768 -32768 -32768
14 -457 434 -243 243 -32768 -32768 -32768 -32768
15 -440 416 -266 268 -32768 -32768 -32768 -32768
16 -428 402 -304 307 -32768 -32768 -32768 -32768
17 -419 395 -347 351 -32768 -32768 -32768 -32768
18 -416 391 -383 381 -32768 -32768 -32768 -32768
19 -419 395 -409 410 -32768 -32768 -32768 -32768
20 -417 394 -429 429 -32768 -32768 -32768 -32768
21 -425 402 -432 431 -32768 -32768 -32768 -32768
22 -430 406 -447 449 -32768 -32768 -32768 -32768
23 -433 411 -441 443 -32768 -32768 -32768 -32768
24 -427 405 -412 409 -32768 -32768 -32768 -32768
25 -456 433 -401 400 -32768 -32768 -32768 -32768
26 -510 488 -422 423 -32768 -32768 -32768 -32768
27 -501 477 -464 465 -32768 -32768 -32768 -32768
28 -493 471 -492 493 -32768 -32768 -32768 -32768
29 -509 484 -559 561 -32768 -32768 -32768 -32768
30 -526 502 -619 616 -32768 -32768 -32768 -32768
31 -524 501 -620 620 -32768 -32768 -32768 -32768
32 -500 477 -576 576 -32768 -32768 -32768 -32768
33 -483 462 -571 571 -32768 -32768 -32768 -32768
34 -488 466 -580 580 -32768 -32768 -32768 -32768
35 -486 463 -602 603 -32768 -32768 -32768 -32768
36 -502 479 -631 632 -32768 -32768 -32768 -32768
37 -495 472 -651 650 -32768 -32768 -32768 -32768
38 -479 455 -684 683 -32768 -32768 -32768 -32768
39 -475 454 -709 713 -32768 -32768 -32768 -32768
40 -504 481 -744 744 -32768 -32768 -32768 -32768
41 -506 483 -762 762 -32768 -32768 -32768 -32768
42 -519 495 -788 790 -32768 -32768 -32768 -32768
43 -530 509 -791 789 -32768 -32768 -32768 -32768
44 -555 532 -785 786 -32768 -32768 -32768 -32768
45 -540 523 -756 755 -32768 -32768 -32768 -32768
46 -516 498 -705 706 -32768 -32768 -32768 -32768
47 -494 474 -636 637 -32768 -32768 -32768 -32768
48 -553 531 -623 621 -32768 -32768 -32768 -32768
49 -600 578 -631 630 -32768 -32768 -32768 -32768
50 -619 597 -682 684 -32768 -32768 -32768 -32768
51 -663 638 -785 790 -32768 -32768 -32768 -32768
52 -677 652 -864 866 -32768 -32768 -32768 -32768
