OSINK 11B
1
17.12.20
Osova
0.0 0.0
0.0
0.00 0.00
-1.00 -1.00
0.00 0.00
20000.00
0.0
50
50
N
1
52
1 -491 466 -144 141 -32768 -32768 -32768 -32768
2 -497 466 -142 141 -32768 -32768 -32768 -32768
3 -497 467 -142 142 -32768 -32768 -32768 -32768
4 -497 467 -142 142 -32768 -32768 -32768 -32768
5 -497 467 -142 142 -32768 -32768 -32768 -32768
6 -485 465 -145 141 -32768 -32768 -32768 -32768
7 -510 486 -148 145 -32768 -32768 -32768 -32768
8 -492 466 -187 187 -32768 -32768 -32768 -32768
9 -470 445 -203 202 -32768 -32768 -32768 -32768
10 -426 400 -217 213 -32768 -32768 -32768 -32768
11 -403 376 -234 234 -32768 -32768 -32768 -32768
12 -375 349 -247 246 -32768 -32768 -32768 -32768
13 -406 384 -246 245 -32768 -32768 -32768 -32768
14 -462 436 -242 240 -32768 -32768 -32768 -32768
15 -446 421 -265 263 -32768 -32768 -32768 -32768
16 -432 406 -302 301 -32768 -32768 -32768 -32768
17 -422 396 -348 347 -32768 -32768 -32768 -32768
18 -418 390 -381 378 -32768 -32768 -32768 -32768
19 -425 400 -405 404 -32768 -32768 -32768 -32768
20 -418 395 -427 427 -32768 -32768 -32768 -32768
21 -427 403 -429 428 -32768 -32768 -32768 -32768
22 -431 406 -446 447 -32768 -32768 -32768 -32768
23 -436 413 -443 439 -32768 -32768 -32768 -32768
24 -430 402 -413 407 -32768 -32768 -32768 -32768
25 -452 429 -400 399 -32768 -32768 -32768 -32768
26 -511 485 -420 421 -32768 -32768 -32768 -32768
27 -504 477 -462 461 -32768 -32768 -32768 -32768
28 -495 470 -492 491 -32768 -32768 -32768 -32768
29 -508 481 -554 552 -32768 -32768 -32768 -32768
30 -527 501 -611 609 -32768 -32768 -32768 -32768
31 -526 502 -621 620 -32768 -32768 -32768 -32768
32 -502 478 -577 576 -32768 -32768 -32768 -32768
33 -488 460 -571 568 -32768 -32768 -32768 -32768
34 -488 464 -578 577 -32768 -32768 -32768 -32768
35 -486 461 -600 599 -32768 -32768 -32768 -32768
36 -504 479 -629 630 -32768 -32768 -32768 -32768
37 -497 472 -647 647 -32768 -32768 -32768 -32768
38 -486 459 -679 677 -32768 -32768 -32768 -32768
39 -474 452 -708 710 -32768 -32768 -32768 -32768
40 -506 479 -743 740 -32768 -32768 -32768 -32768
41 -506 483 -758 757 -32768 -32768 -32768 -32768
42 -519 497 -786 784 -32768 -32768 -32768 -32768
43 -529 506 -791 787 -32768 -32768 -32768 -32768
44 -556 533 -785 784 -32768 -32768 -32768 -32768
45 -542 520 -757 755 -32768 -32768 -32768 -32768
46 -520 500 -712 708 -32768 -32768 -32768 -32768
47 -496 472 -639 637 -32768 -32768 -32768 -32768
48 -555 526 -622 618 -32768 -32768 -32768 -32768
49 -600 576 -635 626 -32768 -32768 -32768 -32768
50 -626 596 -670 671 -32768 -32768 -32768 -32768
51 -661 634 -779 779 -32768 -32768 -32768 -32768
52 -680 650 -864 863 -32768 -32768 -32768 -32768
