OSINK 11B
1
25.03.21
Osova
0.0 0.0
0.0
0.00 0.00
-1.00 -1.00
0.00 0.00
20000.00
0.0
50
50
N
1
52
1 -501 479 -114 111 -32768 -32768 -32768 -32768
2 -501 479 -114 112 -32768 -32768 -32768 -32768
3 -501 479 -114 112 -32768 -32768 -32768 -32768
4 -501 479 -114 112 -32768 -32768 -32768 -32768
5 -501 479 -114 113 -32768 -32768 -32768 -32768
6 -501 479 -114 113 -32768 -32768 -32768 -32768
7 -505 477 -150 149 -32768 -32768 -32768 -32768
8 -484 461 -186 190 -32768 -32768 -32768 -32768
9 -464 440 -201 205 -32768 -32768 -32768 -32768
10 -425 401 -219 221 -32768 -32768 -32768 -32768
11 -399 377 -235 238 -32768 -32768 -32768 -32768
12 -372 347 -245 247 -32768 -32768 -32768 -32768
13 -408 383 -244 246 -32768 -32768 -32768 -32768
14 -460 436 -240 243 -32768 -32768 -32768 -32768
15 -443 418 -263 268 -32768 -32768 -32768 -32768
16 -427 405 -300 307 -32768 -32768 -32768 -32768
17 -420 396 -346 351 -32768 -32768 -32768 -32768
18 -416 391 -380 382 -32768 -32768 -32768 -32768
19 -421 398 -404 406 -32768 -32768 -32768 -32768
20 -417 394 -427 429 -32768 -32768 -32768 -32768
21 -425 402 -429 432 -32768 -32768 -32768 -32768
22 -429 405 -445 450 -32768 -32768 -32768 -32768
23 -433 410 -443 446 -32768 -32768 -32768 -32768
24 -427 405 -411 411 -32768 -32768 -32768 -32768
25 -453 431 -399 400 -32768 -32768 -32768 -32768
26 -509 485 -419 423 -32768 -32768 -32768 -32768
27 -502 477 -462 465 -32768 -32768 -32768 -32768
28 -494 469 -489 492 -32768 -32768 -32768 -32768
29 -506 481 -555 560 -32768 -32768 -32768 -32768
30 -528 503 -613 614 -32768 -32768 -32768 -32768
31 -524 503 -620 624 -32768 -32768 -32768 -32768
32 -501 479 -575 579 -32768 -32768 -32768 -32768
33 -484 459 -570 573 -32768 -32768 -32768 -32768
34 -487 465 -579 580 -32768 -32768 -32768 -32768
35 -485 462 -599 602 -32768 -32768 -32768 -32768
36 -503 479 -629 633 -32768 -32768 -32768 -32768
37 -497 474 -647 649 -32768 -32768 -32768 -32768
38 -485 459 -680 681 -32768 -32768 -32768 -32768
39 -473 450 -708 714 -32768 -32768 -32768 -32768
40 -504 477 -742 744 -32768 -32768 -32768 -32768
41 -506 482 -759 760 -32768 -32768 -32768 -32768
42 -518 496 -786 789 -32768 -32768 -32768 -32768
43 -527 508 -791 790 -32768 -32768 -32768 -32768
44 -554 534 -784 787 -32768 -32768 -32768 -32768
45 -540 520 -756 757 -32768 -32768 -32768 -32768
46 -518 501 -711 710 -32768 -32768 -32768 -32768
47 -495 472 -637 639 -32768 -32768 -32768 -32768
48 -547 526 -620 621 -32768 -32768 -32768 -32768
49 -597 576 -628 628 -32768 -32768 -32768 -32768
50 -627 597 -683 679 -32768 -32768 -32768 -32768
51 -662 634 -786 791 -32768 -32768 -32768 -32768
52 -677 651 -862 867 -32768 -32768 -32768 -32768
