OSINK 7A
1
15.04.21
Osova
0.0 0.0
0.0
0.00 0.00
-1.00 -1.00
0.00 0.00
20000.00
0.0
50
50
N
1
52
1 102 -127 -130 144 -32768 -32768 -32768 -32768
2 100 -127 -130 144 -32768 -32768 -32768 -32768
3 100 -128 -130 147 -32768 -32768 -32768 -32768
4 102 -128 -129 147 -32768 -32768 -32768 -32768
5 102 -128 -129 147 -32768 -32768 -32768 -32768
6 103 -128 -129 149 -32768 -32768 -32768 -32768
7 103 -128 -129 149 -32768 -32768 -32768 -32768
8 102 -128 -130 149 -32768 -32768 -32768 -32768
9 102 -128 -130 149 -32768 -32768 -32768 -32768
10 102 -129 -129 148 -32768 -32768 -32768 -32768
11 103 -129 -129 148 -32768 -32768 -32768 -32768
12 103 -127 -129 148 -32768 -32768 -32768 -32768
13 114 -137 -113 134 -32768 -32768 -32768 -32768
14 106 -129 -92 112 -32768 -32768 -32768 -32768
15 136 -169 -218 239 -32768 -32768 -32768 -32768
16 176 -199 -156 171 -32768 -32768 -32768 -32768
17 163 -186 -13 36 -32768 -32768 -32768 -32768
18 155 -173 15 1 -32768 -32768 -32768 -32768
19 120 -152 11 8 -32768 -32768 -32768 -32768
20 135 -155 -26 45 -32768 -32768 -32768 -32768
21 111 -136 -45 66 -32768 -32768 -32768 -32768
22 87 -110 -30 50 -32768 -32768 -32768 -32768
23 74 -96 -24 42 -32768 -32768 -32768 -32768
24 73 -97 -2 21 -32768 -32768 -32768 -32768
25 70 -86 34 -23 -32768 -32768 -32768 -32768
26 86 -109 39 -19 -32768 -32768 -32768 -32768
27 118 -143 10 6 -32768 -32768 -32768 -32768
28 192 -215 -36 55 -32768 -32768 -32768 -32768
29 214 -237 -53 73 -32768 -32768 -32768 -32768
30 224 -248 -62 81 -32768 -32768 -32768 -32768
31 210 -232 -89 103 -32768 -32768 -32768 -32768
32 216 -245 -105 125 -32768 -32768 -32768 -32768
33 198 -219 -114 132 -32768 -32768 -32768 -32768
34 177 -200 -130 152 -32768 -32768 -32768 -32768
35 182 -206 -203 220 -32768 -32768 -32768 -32768
36 146 -166 -150 167 -32768 -32768 -32768 -32768
37 114 -142 -166 185 -32768 -32768 -32768 -32768
38 94 -116 -164 186 -32768 -32768 -32768 -32768
39 82 -104 -160 178 -32768 -32768 -32768 -32768
40 84 -108 -177 196 -32768 -32768 -32768 -32768
41 94 -118 -209 227 -32768 -32768 -32768 -32768
42 80 -102 -206 225 -32768 -32768 -32768 -32768
43 55 -81 -225 244 -32768 -32768 -32768 -32768
44 62 -86 -234 255 -32768 -32768 -32768 -32768
45 45 -67 -244 263 -32768 -32768 -32768 -32768
46 35 -59 -248 267 -32768 -32768 -32768 -32768
47 52 -75 -274 294 -32768 -32768 -32768 -32768
48 43 -67 -256 275 -32768 -32768 -32768 -32768
49 132 -150 -197 216 -32768 -32768 -32768 -32768
50 156 -180 -162 183 -32768 -32768 -32768 -32768
51 176 -199 -142 162 -32768 -32768 -32768 -32768
52 174 -198 -124 145 -32768 -32768 -32768 -32768
