OSINK 7A
1
16.10.20
Osova
0.0 0.0
0.0
0.00 0.00
-1.00 -1.00
0.00 0.00
20000.00
0.0
50
50
N
1
52
1 48 -52 -131 123 -32768 -32768 -32768 -32768
2 48 -51 -131 123 -32768 -32768 -32768 -32768
3 49 -51 -132 123 -32768 -32768 -32768 -32768
4 49 -51 -132 123 -32768 -32768 -32768 -32768
5 49 -51 -132 123 -32768 -32768 -32768 -32768
6 49 -51 -132 123 -32768 -32768 -32768 -32768
7 49 -51 -132 123 -32768 -32768 -32768 -32768
8 49 -51 -132 123 -32768 -32768 -32768 -32768
9 49 -52 -132 123 -32768 -32768 -32768 -32768
10 49 -52 -132 123 -32768 -32768 -32768 -32768
11 48 -52 -131 123 -32768 -32768 -32768 -32768
12 48 -52 -131 123 -32768 -32768 -32768 -32768
13 124 -128 -137 133 -32768 -32768 -32768 -32768
14 131 -126 -97 96 -32768 -32768 -32768 -32768
15 123 -134 -170 165 -32768 -32768 -32768 -32768
16 158 -160 -205 202 -32768 -32768 -32768 -32768
17 175 -178 -77 75 -32768 -32768 -32768 -32768
18 161 -164 -12 6 -32768 -32768 -32768 -32768
19 126 -129 -11 8 -32768 -32768 -32768 -32768
20 141 -139 -33 29 -32768 -32768 -32768 -32768
21 107 -116 -68 63 -32768 -32768 -32768 -32768
22 89 -92 -49 45 -32768 -32768 -32768 -32768
23 75 -78 -43 38 -32768 -32768 -32768 -32768
24 74 -77 -26 20 -32768 -32768 -32768 -32768
25 69 -72 7 -13 -32768 -32768 -32768 -32768
26 88 -92 25 -28 -32768 -32768 -32768 -32768
27 110 -114 7 -12 -32768 -32768 -32768 -32768
28 186 -191 -41 36 -32768 -32768 -32768 -32768
29 219 -222 -63 58 -32768 -32768 -32768 -32768
30 230 -233 -72 67 -32768 -32768 -32768 -32768
31 218 -222 -95 88 -32768 -32768 -32768 -32768
32 223 -226 -110 105 -32768 -32768 -32768 -32768
33 208 -214 -132 126 -32768 -32768 -32768 -32768
34 184 -184 -132 127 -32768 -32768 -32768 -32768
35 189 -195 -216 209 -32768 -32768 -32768 -32768
36 157 -158 -168 163 -32768 -32768 -32768 -32768
37 126 -131 -177 171 -32768 -32768 -32768 -32768
38 102 -105 -176 173 -32768 -32768 -32768 -32768
39 91 -94 -171 166 -32768 -32768 -32768 -32768
40 91 -95 -186 181 -32768 -32768 -32768 -32768
41 102 -106 -217 212 -32768 -32768 -32768 -32768
42 89 -94 -219 214 -32768 -32768 -32768 -32768
43 66 -70 -235 229 -32768 -32768 -32768 -32768
44 71 -75 -245 242 -32768 -32768 -32768 -32768
45 54 -57 -253 249 -32768 -32768 -32768 -32768
46 44 -49 -259 252 -32768 -32768 -32768 -32768
47 62 -65 -287 281 -32768 -32768 -32768 -32768
48 53 -56 -268 263 -32768 -32768 -32768 -32768
49 135 -136 -212 208 -32768 -32768 -32768 -32768
50 166 -169 -177 172 -32768 -32768 -32768 -32768
51 184 -188 -154 149 -32768 -32768 -32768 -32768
52 184 -187 -135 133 -32768 -32768 -32768 -32768
