OSINK 7A
1
28.01.21
Osova
0.0 0.0
0.0
0.00 0.00
-1.00 -1.00
0.00 0.00
20000.00
0.0
50
50
N
1
52
1 96 -106 -151 143 -32768 -32768 -32768 -32768
2 96 -106 -151 143 -32768 -32768 -32768 -32768
3 96 -106 -151 143 -32768 -32768 -32768 -32768
4 96 -106 -151 143 -32768 -32768 -32768 -32768
5 96 -107 -151 145 -32768 -32768 -32768 -32768
6 96 -107 -151 145 -32768 -32768 -32768 -32768
7 96 -107 -151 145 -32768 -32768 -32768 -32768
8 96 -107 -151 145 -32768 -32768 -32768 -32768
9 96 -107 -151 145 -32768 -32768 -32768 -32768
10 96 -107 -151 145 -32768 -32768 -32768 -32768
11 96 -107 -151 146 -32768 -32768 -32768 -32768
12 96 -107 -151 146 -32768 -32768 -32768 -32768
13 116 -133 -126 126 -32768 -32768 -32768 -32768
14 110 -123 -104 99 -32768 -32768 -32768 -32768
15 139 -158 -233 225 -32768 -32768 -32768 -32768
16 173 -185 -166 160 -32768 -32768 -32768 -32768
17 168 -180 -33 25 -32768 -32768 -32768 -32768
18 157 -170 -2 -4 -32768 -32768 -32768 -32768
19 126 -142 -1 -3 -32768 -32768 -32768 -32768
20 135 -145 -38 32 -32768 -32768 -32768 -32768
21 111 -125 -61 55 -32768 -32768 -32768 -32768
22 87 -101 -45 39 -32768 -32768 -32768 -32768
23 76 -86 -39 31 -32768 -32768 -32768 -32768
24 77 -88 -16 12 -32768 -32768 -32768 -32768
25 71 -80 20 -29 -32768 -32768 -32768 -32768
26 85 -103 29 -30 -32768 -32768 -32768 -32768
27 120 -137 2 -6 -32768 -32768 -32768 -32768
28 192 -207 -50 41 -32768 -32768 -32768 -32768
29 218 -231 -63 60 -32768 -32768 -32768 -32768
30 226 -242 -74 68 -32768 -32768 -32768 -32768
31 214 -226 -100 91 -32768 -32768 -32768 -32768
32 221 -235 -114 112 -32768 -32768 -32768 -32768
33 203 -215 -130 122 -32768 -32768 -32768 -32768
34 181 -192 -146 138 -32768 -32768 -32768 -32768
35 186 -201 -217 207 -32768 -32768 -32768 -32768
36 152 -161 -163 156 -32768 -32768 -32768 -32768
37 119 -134 -178 172 -32768 -32768 -32768 -32768
38 98 -111 -177 173 -32768 -32768 -32768 -32768
39 87 -99 -172 165 -32768 -32768 -32768 -32768
40 89 -102 -188 183 -32768 -32768 -32768 -32768
41 99 -112 -218 213 -32768 -32768 -32768 -32768
42 83 -96 -218 212 -32768 -32768 -32768 -32768
43 62 -76 -235 230 -32768 -32768 -32768 -32768
44 66 -79 -246 242 -32768 -32768 -32768 -32768
45 49 -62 -256 250 -32768 -32768 -32768 -32768
46 39 -54 -259 254 -32768 -32768 -32768 -32768
47 55 -70 -286 281 -32768 -32768 -32768 -32768
48 49 -60 -268 263 -32768 -32768 -32768 -32768
49 128 -145 -215 204 -32768 -32768 -32768 -32768
50 163 -174 -177 171 -32768 -32768 -32768 -32768
51 180 -192 -154 149 -32768 -32768 -32768 -32768
52 179 -192 -136 132 -32768 -32768 -32768 -32768
