OSINK 7A
1
22.04.21
Osova
0.0 0.0
0.0
0.00 0.00
-1.00 -1.00
0.00 0.00
20000.00
0.0
50
50
N
1
52
1 103 -128 -141 157 -32768 -32768 -32768 -32768
2 103 -128 -141 157 -32768 -32768 -32768 -32768
3 105 -128 -142 156 -32768 -32768 -32768 -32768
4 105 -128 -142 156 -32768 -32768 -32768 -32768
5 105 -128 -142 156 -32768 -32768 -32768 -32768
6 105 -128 -142 156 -32768 -32768 -32768 -32768
7 104 -128 -142 156 -32768 -32768 -32768 -32768
8 104 -128 -142 156 -32768 -32768 -32768 -32768
9 104 -128 -142 156 -32768 -32768 -32768 -32768
10 104 -128 -142 156 -32768 -32768 -32768 -32768
11 104 -127 -142 156 -32768 -32768 -32768 -32768
12 103 -127 -142 156 -32768 -32768 -32768 -32768
13 112 -139 -113 133 -32768 -32768 -32768 -32768
14 104 -131 -91 109 -32768 -32768 -32768 -32768
15 136 -168 -222 235 -32768 -32768 -32768 -32768
16 174 -199 -152 175 -32768 -32768 -32768 -32768
17 162 -188 -12 36 -32768 -32768 -32768 -32768
18 149 -171 13 4 -32768 -32768 -32768 -32768
19 121 -150 14 4 -32768 -32768 -32768 -32768
20 130 -157 -28 43 -32768 -32768 -32768 -32768
21 108 -138 -44 65 -32768 -32768 -32768 -32768
22 85 -112 -28 49 -32768 -32768 -32768 -32768
23 71 -99 -23 41 -32768 -32768 -32768 -32768
24 71 -98 -3 20 -32768 -32768 -32768 -32768
25 65 -90 38 -23 -32768 -32768 -32768 -32768
26 84 -111 41 -20 -32768 -32768 -32768 -32768
27 118 -144 12 4 -32768 -32768 -32768 -32768
28 189 -216 -37 53 -32768 -32768 -32768 -32768
29 212 -239 -53 70 -32768 -32768 -32768 -32768
30 222 -249 -63 80 -32768 -32768 -32768 -32768
31 206 -234 -88 102 -32768 -32768 -32768 -32768
32 215 -241 -106 123 -32768 -32768 -32768 -32768
33 193 -221 -111 131 -32768 -32768 -32768 -32768
34 175 -202 -131 151 -32768 -32768 -32768 -32768
35 180 -207 -203 220 -32768 -32768 -32768 -32768
36 144 -174 -151 167 -32768 -32768 -32768 -32768
37 111 -140 -167 183 -32768 -32768 -32768 -32768
38 90 -119 -164 185 -32768 -32768 -32768 -32768
39 79 -105 -159 179 -32768 -32768 -32768 -32768
40 82 -109 -177 196 -32768 -32768 -32768 -32768
41 92 -119 -208 226 -32768 -32768 -32768 -32768
42 77 -105 -208 228 -32768 -32768 -32768 -32768
43 54 -82 -225 242 -32768 -32768 -32768 -32768
44 60 -87 -234 253 -32768 -32768 -32768 -32768
45 46 -68 -243 263 -32768 -32768 -32768 -32768
46 33 -61 -247 265 -32768 -32768 -32768 -32768
47 49 -76 -274 292 -32768 -32768 -32768 -32768
48 40 -74 -259 276 -32768 -32768 -32768 -32768
49 128 -156 -197 212 -32768 -32768 -32768 -32768
50 155 -182 -164 181 -32768 -32768 -32768 -32768
51 173 -200 -143 160 -32768 -32768 -32768 -32768
52 171 -199 -122 145 -32768 -32768 -32768 -32768
