OSINK 7A
1
26.11.20
Osova
0.0 0.0
0.0
0.00 0.00
-1.00 -1.00
0.00 0.00
20000.00
0.0
50
50
N
1
52
1 64 -83 -131 141 -32768 -32768 -32768 -32768
2 64 -84 -131 141 -32768 -32768 -32768 -32768
3 64 -84 -131 141 -32768 -32768 -32768 -32768
4 64 -84 -131 141 -32768 -32768 -32768 -32768
5 64 -83 -131 141 -32768 -32768 -32768 -32768
6 64 -84 -132 142 -32768 -32768 -32768 -32768
7 64 -84 -132 142 -32768 -32768 -32768 -32768
8 64 -84 -132 141 -32768 -32768 -32768 -32768
9 64 -83 -132 141 -32768 -32768 -32768 -32768
10 64 -83 -132 141 -32768 -32768 -32768 -32768
11 64 -86 -132 141 -32768 -32768 -32768 -32768
12 64 -86 -132 141 -32768 -32768 -32768 -32768
13 114 -139 -123 130 -32768 -32768 -32768 -32768
14 104 -129 -95 103 -32768 -32768 -32768 -32768
15 130 -155 -223 223 -32768 -32768 -32768 -32768
16 162 -183 -165 177 -32768 -32768 -32768 -32768
17 160 -183 -29 40 -32768 -32768 -32768 -32768
18 149 -172 -1 8 -32768 -32768 -32768 -32768
19 118 -144 2 7 -32768 -32768 -32768 -32768
20 125 -146 -34 41 -32768 -32768 -32768 -32768
21 98 -125 -57 65 -32768 -32768 -32768 -32768
22 78 -100 -40 48 -32768 -32768 -32768 -32768
23 66 -89 -34 39 -32768 -32768 -32768 -32768
24 66 -91 -14 20 -32768 -32768 -32768 -32768
25 64 -88 23 -15 -32768 -32768 -32768 -32768
26 82 -106 30 -22 -32768 -32768 -32768 -32768
27 115 -137 6 0 -32768 -32768 -32768 -32768
28 187 -209 -41 47 -32768 -32768 -32768 -32768
29 213 -235 -59 67 -32768 -32768 -32768 -32768
30 222 -244 -67 75 -32768 -32768 -32768 -32768
31 205 -229 -96 98 -32768 -32768 -32768 -32768
32 215 -237 -110 118 -32768 -32768 -32768 -32768
33 195 -219 -121 130 -32768 -32768 -32768 -32768
34 175 -197 -136 150 -32768 -32768 -32768 -32768
35 179 -204 -210 215 -32768 -32768 -32768 -32768
36 145 -167 -157 165 -32768 -32768 -32768 -32768
37 113 -137 -172 180 -32768 -32768 -32768 -32768
38 92 -114 -171 180 -32768 -32768 -32768 -32768
39 80 -104 -163 172 -32768 -32768 -32768 -32768
40 67 -106 -184 189 -32768 -32768 -32768 -32768
41 91 -116 -214 221 -32768 -32768 -32768 -32768
42 78 -101 -213 219 -32768 -32768 -32768 -32768
43 54 -80 -229 235 -32768 -32768 -32768 -32768
44 61 -84 -239 246 -32768 -32768 -32768 -32768
45 42 -66 -250 255 -32768 -32768 -32768 -32768
46 34 -57 -253 260 -32768 -32768 -32768 -32768
47 49 -73 -280 287 -32768 -32768 -32768 -32768
48 41 -67 -262 269 -32768 -32768 -32768 -32768
49 126 -141 -206 215 -32768 -32768 -32768 -32768
50 154 -178 -172 179 -32768 -32768 -32768 -32768
51 175 -198 -148 157 -32768 -32768 -32768 -32768
52 173 -197 -130 139 -32768 -32768 -32768 -32768
