OSINK 7A
1
08.04.21
Osova
0.0 0.0
0.0
0.00 0.00
-1.00 -1.00
0.00 0.00
20000.00
0.0
50
50
N
1
52
1 102 -131 -148 148 -32768 -32768 -32768 -32768
2 102 -130 -148 149 -32768 -32768 -32768 -32768
3 102 -130 -148 149 -32768 -32768 -32768 -32768
4 103 -130 -147 149 -32768 -32768 -32768 -32768
5 103 -130 -147 149 -32768 -32768 -32768 -32768
6 103 -129 -147 149 -32768 -32768 -32768 -32768
7 103 -129 -147 149 -32768 -32768 -32768 -32768
8 103 -129 -149 149 -32768 -32768 -32768 -32768
9 103 -129 -149 149 -32768 -32768 -32768 -32768
10 103 -130 -149 149 -32768 -32768 -32768 -32768
11 102 -130 -147 149 -32768 -32768 -32768 -32768
12 102 -130 -147 149 -32768 -32768 -32768 -32768
13 114 -141 -124 130 -32768 -32768 -32768 -32768
14 107 -130 -98 103 -32768 -32768 -32768 -32768
15 137 -166 -224 228 -32768 -32768 -32768 -32768
16 176 -197 -160 170 -32768 -32768 -32768 -32768
17 163 -187 -22 34 -32768 -32768 -32768 -32768
18 156 -175 9 -4 -32768 -32768 -32768 -32768
19 124 -149 7 -1 -32768 -32768 -32768 -32768
20 134 -156 -34 37 -32768 -32768 -32768 -32768
21 111 -136 -54 59 -32768 -32768 -32768 -32768
22 87 -111 -37 43 -32768 -32768 -32768 -32768
23 73 -98 -31 35 -32768 -32768 -32768 -32768
24 73 -97 -11 14 -32768 -32768 -32768 -32768
25 69 -88 24 -28 -32768 -32768 -32768 -32768
26 85 -110 34 -26 -32768 -32768 -32768 -32768
27 117 -140 7 -2 -32768 -32768 -32768 -32768
28 191 -215 -43 48 -32768 -32768 -32768 -32768
29 215 -239 -60 65 -32768 -32768 -32768 -32768
30 226 -249 -70 73 -32768 -32768 -32768 -32768
31 206 -233 -98 96 -32768 -32768 -32768 -32768
32 217 -241 -112 116 -32768 -32768 -32768 -32768
33 198 -221 -120 126 -32768 -32768 -32768 -32768
34 177 -200 -137 139 -32768 -32768 -32768 -32768
35 180 -207 -210 213 -32768 -32768 -32768 -32768
36 151 -168 -160 161 -32768 -32768 -32768 -32768
37 114 -141 -174 176 -32768 -32768 -32768 -32768
38 94 -118 -171 179 -32768 -32768 -32768 -32768
39 83 -105 -166 172 -32768 -32768 -32768 -32768
40 84 -108 -183 188 -32768 -32768 -32768 -32768
41 94 -119 -215 220 -32768 -32768 -32768 -32768
42 79 -103 -213 218 -32768 -32768 -32768 -32768
43 58 -81 -232 234 -32768 -32768 -32768 -32768
44 63 -86 -241 248 -32768 -32768 -32768 -32768
45 45 -67 -250 256 -32768 -32768 -32768 -32768
46 35 -61 -255 259 -32768 -32768 -32768 -32768
47 51 -77 -283 285 -32768 -32768 -32768 -32768
48 44 -66 -264 268 -32768 -32768 -32768 -32768
49 131 -154 -205 207 -32768 -32768 -32768 -32768
50 157 -180 -172 177 -32768 -32768 -32768 -32768
51 175 -199 -150 155 -32768 -32768 -32768 -32768
52 173 -198 -131 138 -32768 -32768 -32768 -32768
