OSINK 7A
1
10.06.21
Osova
0.0 0.0
0.0
0.00 0.00
-1.00 -1.00
0.00 0.00
20000.00
0.0
50
50
N
1
52
1 104 -132 -139 141 -32768 -32768 -32768 -32768
2 104 -132 -139 141 -32768 -32768 -32768 -32768
3 104 -131 -139 141 -32768 -32768 -32768 -32768
4 104 -131 -139 141 -32768 -32768 -32768 -32768
5 104 -131 -139 141 -32768 -32768 -32768 -32768
6 105 -132 -139 140 -32768 -32768 -32768 -32768
7 105 -132 -139 140 -32768 -32768 -32768 -32768
8 105 -132 -139 140 -32768 -32768 -32768 -32768
9 106 -131 -139 141 -32768 -32768 -32768 -32768
10 106 -131 -139 141 -32768 -32768 -32768 -32768
11 105 -131 -138 141 -32768 -32768 -32768 -32768
12 106 -131 -140 141 -32768 -32768 -32768 -32768
13 115 -140 -117 122 -32768 -32768 -32768 -32768
14 107 -129 -98 100 -32768 -32768 -32768 -32768
15 141 -168 -228 228 -32768 -32768 -32768 -32768
16 179 -201 -158 162 -32768 -32768 -32768 -32768
17 164 -187 -20 24 -32768 -32768 -32768 -32768
18 151 -173 6 -9 -32768 -32768 -32768 -32768
19 119 -151 9 -4 -32768 -32768 -32768 -32768
20 135 -157 -35 36 -32768 -32768 -32768 -32768
21 112 -136 -52 56 -32768 -32768 -32768 -32768
22 88 -111 -35 40 -32768 -32768 -32768 -32768
23 75 -97 -30 31 -32768 -32768 -32768 -32768
24 75 -98 -9 9 -32768 -32768 -32768 -32768
25 68 -87 32 -33 -32768 -32768 -32768 -32768
26 87 -109 34 -30 -32768 -32768 -32768 -32768
27 121 -143 5 -3 -32768 -32768 -32768 -32768
28 191 -214 -43 46 -32768 -32768 -32768 -32768
29 215 -238 -60 63 -32768 -32768 -32768 -32768
30 223 -247 -70 72 -32768 -32768 -32768 -32768
31 209 -232 -94 94 -32768 -32768 -32768 -32768
32 217 -241 -112 116 -32768 -32768 -32768 -32768
33 197 -219 -119 123 -32768 -32768 -32768 -32768
34 178 -200 -140 146 -32768 -32768 -32768 -32768
35 179 -204 -210 210 -32768 -32768 -32768 -32768
36 151 -175 -158 159 -32768 -32768 -32768 -32768
37 114 -131 -173 177 -32768 -32768 -32768 -32768
38 92 -116 -171 177 -32768 -32768 -32768 -32768
39 81 -103 -166 170 -32768 -32768 -32768 -32768
40 84 -108 -184 188 -32768 -32768 -32768 -32768
41 94 -117 -216 219 -32768 -32768 -32768 -32768
42 81 -102 -220 222 -32768 -32768 -32768 -32768
43 56 -77 -225 228 -32768 -32768 -32768 -32768
44 62 -85 -241 246 -32768 -32768 -32768 -32768
45 44 -66 -251 255 -32768 -32768 -32768 -32768
46 35 -59 -255 258 -32768 -32768 -32768 -32768
47 51 -75 -281 284 -32768 -32768 -32768 -32768
48 50 -72 -273 268 -32768 -32768 -32768 -32768
49 133 -151 -190 200 -32768 -32768 -32768 -32768
50 157 -181 -170 173 -32768 -32768 -32768 -32768
51 174 -197 -149 152 -32768 -32768 -32768 -32768
52 174 -196 -131 136 -32768 -32768 -32768 -32768
