OSINK 7A
1
11.02.21
Osova
0.0 0.0
0.0
0.00 0.00
-1.00 -1.00
0.00 0.00
20000.00
0.0
50
50
N
1
52
1 95 -97 -137 147 -32768 -32768 -32768 -32768
2 95 -97 -138 147 -32768 -32768 -32768 -32768
3 95 -97 -138 147 -32768 -32768 -32768 -32768
4 95 -97 -138 146 -32768 -32768 -32768 -32768
5 95 -97 -138 146 -32768 -32768 -32768 -32768
6 95 -97 -138 146 -32768 -32768 -32768 -32768
7 95 -98 -138 147 -32768 -32768 -32768 -32768
8 95 -98 -138 147 -32768 -32768 -32768 -32768
9 95 -98 -138 147 -32768 -32768 -32768 -32768
10 95 -98 -138 147 -32768 -32768 -32768 -32768
11 95 -100 -138 147 -32768 -32768 -32768 -32768
12 95 -100 -138 147 -32768 -32768 -32768 -32768
13 120 -125 -124 134 -32768 -32768 -32768 -32768
14 113 -119 -96 105 -32768 -32768 -32768 -32768
15 142 -152 -221 227 -32768 -32768 -32768 -32768
16 178 -181 -161 174 -32768 -32768 -32768 -32768
17 171 -176 -24 37 -32768 -32768 -32768 -32768
18 162 -165 6 0 -32768 -32768 -32768 -32768
19 132 -138 7 5 -32768 -32768 -32768 -32768
20 140 -143 -30 36 -32768 -32768 -32768 -32768
21 115 -123 -52 64 -32768 -32768 -32768 -32768
22 94 -98 -35 47 -32768 -32768 -32768 -32768
23 81 -84 -31 40 -32768 -32768 -32768 -32768
24 80 -85 -10 21 -32768 -32768 -32768 -32768
25 76 -75 27 -23 -32768 -32768 -32768 -32768
26 94 -99 34 -23 -32768 -32768 -32768 -32768
27 123 -127 9 -2 -32768 -32768 -32768 -32768
28 196 -201 -39 48 -32768 -32768 -32768 -32768
29 221 -225 -57 67 -32768 -32768 -32768 -32768
30 233 -237 -67 76 -32768 -32768 -32768 -32768
31 217 -222 -93 99 -32768 -32768 -32768 -32768
32 224 -230 -108 118 -32768 -32768 -32768 -32768
33 205 -211 -119 132 -32768 -32768 -32768 -32768
34 186 -189 -135 138 -32768 -32768 -32768 -32768
35 190 -197 -209 216 -32768 -32768 -32768 -32768
36 155 -156 -156 165 -32768 -32768 -32768 -32768
37 125 -131 -171 179 -32768 -32768 -32768 -32768
38 101 -107 -169 180 -32768 -32768 -32768 -32768
39 91 -94 -165 174 -32768 -32768 -32768 -32768
40 92 -96 -182 190 -32768 -32768 -32768 -32768
41 102 -107 -212 220 -32768 -32768 -32768 -32768
42 87 -93 -211 221 -32768 -32768 -32768 -32768
43 66 -70 -226 237 -32768 -32768 -32768 -32768
44 70 -78 -239 251 -32768 -32768 -32768 -32768
45 54 -62 -247 264 -32768 -32768 -32768 -32768
46 43 -53 -253 253 -32768 -32768 -32768 -32768
47 59 -66 -279 287 -32768 -32768 -32768 -32768
48 52 -56 -262 275 -32768 -32768 -32768 -32768
49 129 -137 -209 214 -32768 -32768 -32768 -32768
50 163 -169 -173 180 -32768 -32768 -32768 -32768
51 185 -188 -149 157 -32768 -32768 -32768 -32768
52 183 -188 -130 140 -32768 -32768 -32768 -32768
