OSINK 7A
1
06.05.21
Osova
0.0 0.0
0.0
0.00 0.00
-1.00 -1.00
0.00 0.00
20000.00
0.0
50
50
N
1
52
1 107 -126 -137 151 -32768 -32768 -32768 -32768
2 106 -126 -138 151 -32768 -32768 -32768 -32768
3 106 -126 -138 151 -32768 -32768 -32768 -32768
4 106 -126 -137 151 -32768 -32768 -32768 -32768
5 106 -126 -137 151 -32768 -32768 -32768 -32768
6 106 -126 -137 151 -32768 -32768 -32768 -32768
7 106 -126 -137 151 -32768 -32768 -32768 -32768
8 106 -126 -137 151 -32768 -32768 -32768 -32768
9 106 -126 -137 151 -32768 -32768 -32768 -32768
10 106 -126 -137 151 -32768 -32768 -32768 -32768
11 106 -126 -137 151 -32768 -32768 -32768 -32768
12 103 -125 -137 151 -32768 -32768 -32768 -32768
13 112 -137 -109 131 -32768 -32768 -32768 -32768
14 103 -128 -93 110 -32768 -32768 -32768 -32768
15 135 -167 -225 238 -32768 -32768 -32768 -32768
16 173 -197 -155 172 -32768 -32768 -32768 -32768
17 159 -184 -7 29 -32768 -32768 -32768 -32768
18 147 -172 12 -1 -32768 -32768 -32768 -32768
19 120 -153 14 5 -32768 -32768 -32768 -32768
20 127 -154 -30 42 -32768 -32768 -32768 -32768
21 106 -134 -46 64 -32768 -32768 -32768 -32768
22 81 -108 -28 48 -32768 -32768 -32768 -32768
23 67 -96 -24 40 -32768 -32768 -32768 -32768
24 64 -95 -3 17 -32768 -32768 -32768 -32768
25 60 -89 35 -25 -32768 -32768 -32768 -32768
26 76 -108 41 -20 -32768 -32768 -32768 -32768
27 111 -143 12 5 -32768 -32768 -32768 -32768
28 182 -215 -37 54 -32768 -32768 -32768 -32768
29 203 -237 -54 70 -32768 -32768 -32768 -32768
30 212 -251 -62 76 -32768 -32768 -32768 -32768
31 196 -231 -89 101 -32768 -32768 -32768 -32768
32 202 -241 -107 125 -32768 -32768 -32768 -32768
33 178 -218 -111 130 -32768 -32768 -32768 -32768
34 159 -200 -132 152 -32768 -32768 -32768 -32768
35 159 -205 -204 218 -32768 -32768 -32768 -32768
36 124 -172 -152 162 -32768 -32768 -32768 -32768
37 89 -139 -167 182 -32768 -32768 -32768 -32768
38 69 -118 -165 184 -32768 -32768 -32768 -32768
39 57 -105 -160 177 -32768 -32768 -32768 -32768
40 59 -110 -178 195 -32768 -32768 -32768 -32768
41 70 -118 -210 227 -32768 -32768 -32768 -32768
42 58 -103 -214 228 -32768 -32768 -32768 -32768
43 32 -77 -218 235 -32768 -32768 -32768 -32768
44 39 -85 -235 254 -32768 -32768 -32768 -32768
45 21 -67 -246 263 -32768 -32768 -32768 -32768
46 14 -60 -249 265 -32768 -32768 -32768 -32768
47 30 -75 -275 291 -32768 -32768 -32768 -32768
48 28 -73 -267 274 -32768 -32768 -32768 -32768
49 110 -149 -183 208 -32768 -32768 -32768 -32768
50 137 -181 -162 180 -32768 -32768 -32768 -32768
51 153 -200 -142 160 -32768 -32768 -32768 -32768
52 151 -200 -124 143 -32768 -32768 -32768 -32768
