OSINK 7A
1
24.06.21
Osova
0.0 0.0
0.0
0.00 0.00
-1.00 -1.00
0.00 0.00
20000.00
0.0
50
50
N
1
52
1 -504 457 54 -51 -32768 -32768 -32768 -32768
2 -504 457 54 -51 -32768 -32768 -32768 -32768
3 -506 459 55 -51 -32768 -32768 -32768 -32768
4 -506 459 55 -51 -32768 -32768 -32768 -32768
5 -506 459 55 -53 -32768 -32768 -32768 -32768
6 -506 459 55 -53 -32768 -32768 -32768 -32768
7 -506 462 55 -51 -32768 -32768 -32768 -32768
8 -506 462 55 -51 -32768 -32768 -32768 -32768
9 -506 457 55 -55 -32768 -32768 -32768 -32768
10 -507 459 55 -51 -32768 -32768 -32768 -32768
11 -507 459 55 -51 -32768 -32768 -32768 -32768
12 -507 459 55 -51 -32768 -32768 -32768 -32768
13 100 -127 -130 135 -32768 -32768 -32768 -32768
14 117 -134 -97 97 -32768 -32768 -32768 -32768
15 142 -164 -221 216 -32768 -32768 -32768 -32768
16 180 -200 -164 166 -32768 -32768 -32768 -32768
17 167 -186 -21 24 -32768 -32768 -32768 -32768
18 157 -175 7 -9 -32768 -32768 -32768 -32768
19 128 -154 8 -6 -32768 -32768 -32768 -32768
20 141 -159 -30 33 -32768 -32768 -32768 -32768
21 117 -137 -53 56 -32768 -32768 -32768 -32768
22 93 -111 -35 39 -32768 -32768 -32768 -32768
23 78 -97 -31 31 -32768 -32768 -32768 -32768
24 78 -97 -9 11 -32768 -32768 -32768 -32768
25 71 -85 29 -31 -32768 -32768 -32768 -32768
26 90 -108 33 -30 -32768 -32768 -32768 -32768
27 119 -136 7 -7 -32768 -32768 -32768 -32768
28 195 -213 -45 43 -32768 -32768 -32768 -32768
29 217 -234 -61 61 -32768 -32768 -32768 -32768
30 226 -246 -71 71 -32768 -32768 -32768 -32768
31 211 -231 -96 93 -32768 -32768 -32768 -32768
32 220 -238 -112 110 -32768 -32768 -32768 -32768
33 198 -216 -120 123 -32768 -32768 -32768 -32768
34 180 -197 -139 137 -32768 -32768 -32768 -32768
35 183 -206 -212 210 -32768 -32768 -32768 -32768
36 150 -166 -160 160 -32768 -32768 -32768 -32768
37 100 -137 -175 174 -32768 -32768 -32768 -32768
38 96 -115 -173 177 -32768 -32768 -32768 -32768
39 83 -100 -168 169 -32768 -32768 -32768 -32768
40 87 -105 -190 187 -32768 -32768 -32768 -32768
41 83 -115 -220 215 -32768 -32768 -32768 -32768
42 105 -103 -217 217 -32768 -32768 -32768 -32768
43 51 -79 -225 229 -32768 -32768 -32768 -32768
44 65 -82 -242 246 -32768 -32768 -32768 -32768
45 45 -67 -254 250 -32768 -32768 -32768 -32768
46 38 -57 -257 257 -32768 -32768 -32768 -32768
47 54 -71 -283 285 -32768 -32768 -32768 -32768
48 46 -65 -265 266 -32768 -32768 -32768 -32768
49 132 -149 -206 208 -32768 -32768 -32768 -32768
50 160 -179 -173 173 -32768 -32768 -32768 -32768
51 177 -195 -151 152 -32768 -32768 -32768 -32768
52 176 -195 -134 136 -32768 -32768 -32768 -32768
