OSINK 7A
1
25.03.21
Osova
0.0 0.0
0.0
0.00 0.00
-1.00 -1.00
0.00 0.00
20000.00
0.0
50
50
N
1
52
1 112 -118 -144 136 -32768 -32768 -32768 -32768
2 111 -118 -144 136 -32768 -32768 -32768 -32768
3 111 -118 -144 136 -32768 -32768 -32768 -32768
4 111 -118 -144 137 -32768 -32768 -32768 -32768
5 111 -118 -144 137 -32768 -32768 -32768 -32768
6 111 -118 -144 137 -32768 -32768 -32768 -32768
7 111 -118 -144 137 -32768 -32768 -32768 -32768
8 111 -118 -144 136 -32768 -32768 -32768 -32768
9 111 -118 -144 136 -32768 -32768 -32768 -32768
10 111 -118 -144 136 -32768 -32768 -32768 -32768
11 111 -118 -144 136 -32768 -32768 -32768 -32768
12 111 -119 -144 135 -32768 -32768 -32768 -32768
13 122 -132 -134 122 -32768 -32768 -32768 -32768
14 115 -120 -105 96 -32768 -32768 -32768 -32768
15 144 -157 -232 222 -32768 -32768 -32768 -32768
16 182 -188 -171 161 -32768 -32768 -32768 -32768
17 173 -178 -33 21 -32768 -32768 -32768 -32768
18 160 -166 0 -12 -32768 -32768 -32768 -32768
19 132 -140 -1 -8 -32768 -32768 -32768 -32768
20 145 -146 -34 29 -32768 -32768 -32768 -32768
21 118 -126 -62 50 -32768 -32768 -32768 -32768
22 96 -101 -43 36 -32768 -32768 -32768 -32768
23 81 -89 -39 29 -32768 -32768 -32768 -32768
24 81 -88 -19 9 -32768 -32768 -32768 -32768
25 73 -81 18 -36 -32768 -32768 -32768 -32768
26 93 -100 27 -34 -32768 -32768 -32768 -32768
27 122 -130 2 -10 -32768 -32768 -32768 -32768
28 197 -204 -49 39 -32768 -32768 -32768 -32768
29 222 -228 -67 57 -32768 -32768 -32768 -32768
30 232 -238 -76 65 -32768 -32768 -32768 -32768
31 215 -224 -101 86 -32768 -32768 -32768 -32768
32 224 -232 -116 108 -32768 -32768 -32768 -32768
33 207 -213 -129 120 -32768 -32768 -32768 -32768
34 184 -190 -137 130 -32768 -32768 -32768 -32768
35 191 -200 -218 207 -32768 -32768 -32768 -32768
36 154 -158 -166 153 -32768 -32768 -32768 -32768
37 121 -133 -182 168 -32768 -32768 -32768 -32768
38 102 -108 -179 170 -32768 -32768 -32768 -32768
39 90 -96 -173 164 -32768 -32768 -32768 -32768
40 92 -98 -190 180 -32768 -32768 -32768 -32768
41 102 -109 -222 211 -32768 -32768 -32768 -32768
42 86 -94 -219 209 -32768 -32768 -32768 -32768
43 65 -73 -238 225 -32768 -32768 -32768 -32768
44 70 -77 -247 240 -32768 -32768 -32768 -32768
45 53 -58 -256 248 -32768 -32768 -32768 -32768
46 43 -50 -261 251 -32768 -32768 -32768 -32768
47 59 -65 -289 279 -32768 -32768 -32768 -32768
48 50 -58 -271 260 -32768 -32768 -32768 -32768
49 133 -140 -216 201 -32768 -32768 -32768 -32768
50 163 -171 -179 167 -32768 -32768 -32768 -32768
51 183 -189 -157 146 -32768 -32768 -32768 -32768
52 182 -188 -138 129 -32768 -32768 -32768 -32768
