OSINK 7A
1
04.03.21
Osova
0.0 0.0
0.0
0.00 0.00
-1.00 -1.00
0.00 0.00
20000.00
0.0
50
50
N
1
52
1 112 -118 -134 143 -32768 -32768 -32768 -32768
2 112 -118 -134 143 -32768 -32768 -32768 -32768
3 112 -118 -134 143 -32768 -32768 -32768 -32768
4 112 -118 -134 143 -32768 -32768 -32768 -32768
5 112 -118 -134 143 -32768 -32768 -32768 -32768
6 111 -118 -134 143 -32768 -32768 -32768 -32768
7 111 -118 -134 143 -32768 -32768 -32768 -32768
8 111 -118 -134 143 -32768 -32768 -32768 -32768
9 111 -118 -135 143 -32768 -32768 -32768 -32768
10 111 -118 -135 143 -32768 -32768 -32768 -32768
11 111 -118 -135 144 -32768 -32768 -32768 -32768
12 108 -118 -135 144 -32768 -32768 -32768 -32768
13 119 -135 -118 133 -32768 -32768 -32768 -32768
14 112 -122 -98 105 -32768 -32768 -32768 -32768
15 143 -158 -224 228 -32768 -32768 -32768 -32768
16 179 -188 -161 174 -32768 -32768 -32768 -32768
17 169 -181 -22 34 -32768 -32768 -32768 -32768
18 159 -169 8 -1 -32768 -32768 -32768 -32768
19 130 -142 8 1 -32768 -32768 -32768 -32768
20 140 -148 -30 37 -32768 -32768 -32768 -32768
21 116 -129 -51 61 -32768 -32768 -32768 -32768
22 92 -104 -36 44 -32768 -32768 -32768 -32768
23 78 -90 -31 36 -32768 -32768 -32768 -32768
24 78 -89 -9 17 -32768 -32768 -32768 -32768
25 72 -83 25 -26 -32768 -32768 -32768 -32768
26 89 -103 34 -25 -32768 -32768 -32768 -32768
27 123 -135 7 0 -32768 -32768 -32768 -32768
28 194 -207 -40 47 -32768 -32768 -32768 -32768
29 220 -231 -58 66 -32768 -32768 -32768 -32768
30 231 -242 -68 75 -32768 -32768 -32768 -32768
31 214 -227 -92 97 -32768 -32768 -32768 -32768
32 223 -234 -110 116 -32768 -32768 -32768 -32768
33 203 -216 -120 130 -32768 -32768 -32768 -32768
34 184 -193 -137 142 -32768 -32768 -32768 -32768
35 188 -198 -210 214 -32768 -32768 -32768 -32768
36 153 -161 -157 162 -32768 -32768 -32768 -32768
37 120 -134 -172 178 -32768 -32768 -32768 -32768
38 100 -111 -170 179 -32768 -32768 -32768 -32768
39 88 -98 -166 172 -32768 -32768 -32768 -32768
40 89 -101 -183 188 -32768 -32768 -32768 -32768
41 99 -112 -213 220 -32768 -32768 -32768 -32768
42 87 -97 -212 219 -32768 -32768 -32768 -32768
43 63 -75 -229 236 -32768 -32768 -32768 -32768
44 68 -79 -239 248 -32768 -32768 -32768 -32768
45 51 -61 -249 255 -32768 -32768 -32768 -32768
46 40 -53 -252 260 -32768 -32768 -32768 -32768
47 57 -68 -280 288 -32768 -32768 -32768 -32768
48 49 -60 -262 269 -32768 -32768 -32768 -32768
49 136 -145 -203 211 -32768 -32768 -32768 -32768
50 162 -174 -170 177 -32768 -32768 -32768 -32768
51 181 -192 -147 156 -32768 -32768 -32768 -32768
52 180 -191 -130 138 -32768 -32768 -32768 -32768
