OSINK 7A
1
05.11.20
Osova
0.0 0.0
0.0
0.00 0.00
-1.00 -1.00
0.00 0.00
20000.00
0.0
50
50
N
1
52
1 116 -120 -142 144 -32768 -32768 -32768 -32768
2 116 -120 -142 145 -32768 -32768 -32768 -32768
3 116 -120 -142 145 -32768 -32768 -32768 -32768
4 116 -120 -142 145 -32768 -32768 -32768 -32768
5 116 -120 -142 144 -32768 -32768 -32768 -32768
6 117 -120 -142 144 -32768 -32768 -32768 -32768
7 117 -120 -142 144 -32768 -32768 -32768 -32768
8 117 -122 -142 145 -32768 -32768 -32768 -32768
9 116 -122 -142 145 -32768 -32768 -32768 -32768
10 116 -120 -142 145 -32768 -32768 -32768 -32768
11 116 -120 -142 145 -32768 -32768 -32768 -32768
12 116 -120 -142 145 -32768 -32768 -32768 -32768
13 120 -132 -117 130 -32768 -32768 -32768 -32768
14 112 -120 -95 99 -32768 -32768 -32768 -32768
15 135 -149 -222 224 -32768 -32768 -32768 -32768
16 169 -174 -165 173 -32768 -32768 -32768 -32768
17 165 -174 -36 35 -32768 -32768 -32768 -32768
18 156 -162 -5 10 -32768 -32768 -32768 -32768
19 123 -135 -1 7 -32768 -32768 -32768 -32768
20 131 -138 -37 39 -32768 -32768 -32768 -32768
21 105 -116 -58 64 -32768 -32768 -32768 -32768
22 84 -91 -42 48 -32768 -32768 -32768 -32768
23 72 -80 -34 38 -32768 -32768 -32768 -32768
24 70 -81 -16 21 -32768 -32768 -32768 -32768
25 70 -78 22 -20 -32768 -32768 -32768 -32768
26 89 -98 29 -22 -32768 -32768 -32768 -32768
27 120 -128 6 -1 -32768 -32768 -32768 -32768
28 195 -203 -43 48 -32768 -32768 -32768 -32768
29 219 -228 -60 65 -32768 -32768 -32768 -32768
30 228 -237 -72 71 -32768 -32768 -32768 -32768
31 212 -222 -93 97 -32768 -32768 -32768 -32768
32 221 -230 -111 119 -32768 -32768 -32768 -32768
33 203 -210 -123 129 -32768 -32768 -32768 -32768
34 183 -189 -139 142 -32768 -32768 -32768 -32768
35 185 -196 -212 214 -32768 -32768 -32768 -32768
36 153 -159 -159 164 -32768 -32768 -32768 -32768
37 120 -130 -174 177 -32768 -32768 -32768 -32768
38 98 -107 -172 179 -32768 -32768 -32768 -32768
39 88 -95 -166 171 -32768 -32768 -32768 -32768
40 89 -98 -184 187 -32768 -32768 -32768 -32768
41 101 -109 -215 219 -32768 -32768 -32768 -32768
42 85 -94 -212 218 -32768 -32768 -32768 -32768
43 63 -73 -231 235 -32768 -32768 -32768 -32768
44 69 -77 -241 247 -32768 -32768 -32768 -32768
45 52 -58 -250 256 -32768 -32768 -32768 -32768
46 41 -49 -254 260 -32768 -32768 -32768 -32768
47 58 -65 -282 287 -32768 -32768 -32768 -32768
48 50 -58 -264 268 -32768 -32768 -32768 -32768
49 138 -140 -202 214 -32768 -32768 -32768 -32768
50 164 -171 -170 177 -32768 -32768 -32768 -32768
51 182 -190 -149 155 -32768 -32768 -32768 -32768
52 181 -193 -132 139 -32768 -32768 -32768 -32768
