OSINK 7A
1
03.12.20
Osova
0.0 0.0
0.0
0.00 0.00
-1.00 -1.00
0.00 0.00
20000.00
0.0
50
50
N
1
52
1 109 -119 -141 152 -32768 -32768 -32768 -32768
2 110 -119 -141 153 -32768 -32768 -32768 -32768
3 110 -119 -141 153 -32768 -32768 -32768 -32768
4 110 -119 -141 153 -32768 -32768 -32768 -32768
5 110 -120 -141 152 -32768 -32768 -32768 -32768
6 110 -120 -141 152 -32768 -32768 -32768 -32768
7 110 -121 -141 153 -32768 -32768 -32768 -32768
8 111 -121 -141 153 -32768 -32768 -32768 -32768
9 111 -118 -141 152 -32768 -32768 -32768 -32768
10 110 -118 -141 152 -32768 -32768 -32768 -32768
11 110 -116 -141 152 -32768 -32768 -32768 -32768
12 110 -116 -141 152 -32768 -32768 -32768 -32768
13 123 -130 -123 133 -32768 -32768 -32768 -32768
14 115 -117 -93 103 -32768 -32768 -32768 -32768
15 137 -146 -218 223 -32768 -32768 -32768 -32768
16 172 -176 -169 174 -32768 -32768 -32768 -32768
17 168 -174 -31 41 -32768 -32768 -32768 -32768
18 157 -162 0 8 -32768 -32768 -32768 -32768
19 128 -134 3 9 -32768 -32768 -32768 -32768
20 133 -137 -28 42 -32768 -32768 -32768 -32768
21 108 -116 -58 65 -32768 -32768 -32768 -32768
22 84 -93 -39 50 -32768 -32768 -32768 -32768
23 80 -81 -32 39 -32768 -32768 -32768 -32768
24 63 -80 -17 22 -32768 -32768 -32768 -32768
25 71 -76 25 -19 -32768 -32768 -32768 -32768
26 92 -96 31 -21 -32768 -32768 -32768 -32768
27 121 -130 7 0 -32768 -32768 -32768 -32768
28 196 -201 -40 49 -32768 -32768 -32768 -32768
29 221 -224 -58 67 -32768 -32768 -32768 -32768
30 232 -235 -67 76 -32768 -32768 -32768 -32768
31 217 -221 -92 99 -32768 -32768 -32768 -32768
32 224 -228 -105 115 -32768 -32768 -32768 -32768
33 205 -210 -122 131 -32768 -32768 -32768 -32768
34 184 -188 -133 141 -32768 -32768 -32768 -32768
35 188 -194 -211 215 -32768 -32768 -32768 -32768
36 154 -157 -158 165 -32768 -32768 -32768 -32768
37 126 -128 -172 179 -32768 -32768 -32768 -32768
38 101 -106 -170 180 -32768 -32768 -32768 -32768
39 92 -96 -165 173 -32768 -32768 -32768 -32768
40 87 -96 -180 189 -32768 -32768 -32768 -32768
41 100 -106 -212 221 -32768 -32768 -32768 -32768
42 87 -92 -212 221 -32768 -32768 -32768 -32768
43 65 -71 -229 236 -32768 -32768 -32768 -32768
44 69 -76 -239 249 -32768 -32768 -32768 -32768
45 53 -57 -248 255 -32768 -32768 -32768 -32768
46 42 -49 -252 261 -32768 -32768 -32768 -32768
47 59 -64 -280 288 -32768 -32768 -32768 -32768
48 51 -57 -261 270 -32768 -32768 -32768 -32768
49 134 -139 -207 215 -32768 -32768 -32768 -32768
50 164 -167 -171 180 -32768 -32768 -32768 -32768
51 183 -188 -149 158 -32768 -32768 -32768 -32768
52 182 -187 -130 140 -32768 -32768 -32768 -32768
