OSINK 7A
1
03.09.20
Osova
0.0 0.0
0.0
0.00 0.00
-1.00 -1.00
0.00 0.00
20000.00
0.0
50
50
N
1
52
1 35 -45 -179 179 -32768 -32768 -32768 -32768
2 37 -45 -178 179 -32768 -32768 -32768 -32768
3 37 -44 -178 179 -32768 -32768 -32768 -32768
4 37 -44 -178 179 -32768 -32768 -32768 -32768
5 37 -44 -178 179 -32768 -32768 -32768 -32768
6 37 -44 -178 179 -32768 -32768 -32768 -32768
7 37 -44 -178 179 -32768 -32768 -32768 -32768
8 37 -44 -178 179 -32768 -32768 -32768 -32768
9 37 -44 -178 179 -32768 -32768 -32768 -32768
10 36 -44 -178 179 -32768 -32768 -32768 -32768
11 36 -45 -178 179 -32768 -32768 -32768 -32768
12 36 -45 -178 179 -32768 -32768 -32768 -32768
13 120 -132 -169 166 -32768 -32768 -32768 -32768
14 119 -129 -130 130 -32768 -32768 -32768 -32768
15 102 -121 -131 129 -32768 -32768 -32768 -32768
16 125 -136 -104 104 -32768 -32768 -32768 -32768
17 157 -171 -96 94 -32768 -32768 -32768 -32768
18 169 -184 -76 71 -32768 -32768 -32768 -32768
19 136 -152 -76 74 -32768 -32768 -32768 -32768
20 131 -139 -80 79 -32768 -32768 -32768 -32768
21 95 -115 -80 78 -32768 -32768 -32768 -32768
22 78 -91 -60 59 -32768 -32768 -32768 -32768
23 66 -81 -48 49 -32768 -32768 -32768 -32768
24 66 -81 -30 27 -32768 -32768 -32768 -32768
25 64 -82 3 -6 -32768 -32768 -32768 -32768
26 80 -94 23 -24 -32768 -32768 -32768 -32768
27 104 -119 5 -7 -32768 -32768 -32768 -32768
28 179 -192 -41 37 -32768 -32768 -32768 -32768
29 210 -224 -63 61 -32768 -32768 -32768 -32768
30 221 -235 -72 70 -32768 -32768 -32768 -32768
31 208 -221 -95 92 -32768 -32768 -32768 -32768
32 212 -228 -112 111 -32768 -32768 -32768 -32768
33 196 -209 -131 129 -32768 -32768 -32768 -32768
34 175 -187 -134 134 -32768 -32768 -32768 -32768
35 177 -192 -216 211 -32768 -32768 -32768 -32768
36 145 -158 -168 165 -32768 -32768 -32768 -32768
37 115 -130 -178 175 -32768 -32768 -32768 -32768
38 92 -106 -177 177 -32768 -32768 -32768 -32768
39 83 -96 -170 168 -32768 -32768 -32768 -32768
40 83 -97 -186 184 -32768 -32768 -32768 -32768
41 94 -107 -218 216 -32768 -32768 -32768 -32768
42 82 -95 -218 216 -32768 -32768 -32768 -32768
43 59 -73 -236 232 -32768 -32768 -32768 -32768
44 64 -78 -245 244 -32768 -32768 -32768 -32768
45 47 -60 -255 252 -32768 -32768 -32768 -32768
46 38 -52 -260 256 -32768 -32768 -32768 -32768
47 54 -68 -286 284 -32768 -32768 -32768 -32768
48 46 -60 -268 265 -32768 -32768 -32768 -32768
49 132 -148 -210 209 -32768 -32768 -32768 -32768
50 159 -175 -176 173 -32768 -32768 -32768 -32768
51 179 -193 -153 151 -32768 -32768 -32768 -32768
52 178 -192 -135 135 -32768 -32768 -32768 -32768
