OSINK 7A
1
25.02.21
Osova
0.0 0.0
0.0
0.00 0.00
-1.00 -1.00
0.00 0.00
20000.00
0.0
50
50
N
1
52
1 105 -118 -137 139 -32768 -32768 -32768 -32768
2 105 -116 -137 138 -32768 -32768 -32768 -32768
3 105 -116 -137 138 -32768 -32768 -32768 -32768
4 105 -116 -137 138 -32768 -32768 -32768 -32768
5 105 -118 -137 135 -32768 -32768 -32768 -32768
6 105 -118 -137 135 -32768 -32768 -32768 -32768
7 105 -118 -137 135 -32768 -32768 -32768 -32768
8 105 -117 -137 136 -32768 -32768 -32768 -32768
9 105 -117 -137 136 -32768 -32768 -32768 -32768
10 105 -117 -137 136 -32768 -32768 -32768 -32768
11 105 -117 -137 136 -32768 -32768 -32768 -32768
12 105 -117 -137 136 -32768 -32768 -32768 -32768
13 114 -137 -122 129 -32768 -32768 -32768 -32768
14 108 -125 -101 100 -32768 -32768 -32768 -32768
15 138 -161 -226 224 -32768 -32768 -32768 -32768
16 176 -190 -162 162 -32768 -32768 -32768 -32768
17 166 -182 -27 27 -32768 -32768 -32768 -32768
18 156 -172 4 -4 -32768 -32768 -32768 -32768
19 128 -145 4 -1 -32768 -32768 -32768 -32768
20 135 -150 -34 34 -32768 -32768 -32768 -32768
21 111 -130 -55 58 -32768 -32768 -32768 -32768
22 87 -105 -39 41 -32768 -32768 -32768 -32768
23 75 -92 -35 34 -32768 -32768 -32768 -32768
24 75 -92 -14 14 -32768 -32768 -32768 -32768
25 67 -85 26 -28 -32768 -32768 -32768 -32768
26 88 -106 31 -28 -32768 -32768 -32768 -32768
27 121 -136 4 -5 -32768 -32768 -32768 -32768
28 193 -211 -44 45 -32768 -32768 -32768 -32768
29 217 -234 -61 63 -32768 -32768 -32768 -32768
30 227 -242 -70 72 -32768 -32768 -32768 -32768
31 213 -228 -96 95 -32768 -32768 -32768 -32768
32 219 -237 -113 113 -32768 -32768 -32768 -32768
33 200 -217 -122 125 -32768 -32768 -32768 -32768
34 179 -195 -139 137 -32768 -32768 -32768 -32768
35 184 -202 -212 211 -32768 -32768 -32768 -32768
36 149 -164 -159 160 -32768 -32768 -32768 -32768
37 120 -137 -175 175 -32768 -32768 -32768 -32768
38 95 -114 -173 176 -32768 -32768 -32768 -32768
39 84 -101 -168 169 -32768 -32768 -32768 -32768
40 85 -103 -184 187 -32768 -32768 -32768 -32768
41 96 -115 -215 215 -32768 -32768 -32768 -32768
42 82 -98 -214 215 -32768 -32768 -32768 -32768
43 60 -77 -232 234 -32768 -32768 -32768 -32768
44 65 -81 -242 245 -32768 -32768 -32768 -32768
45 47 -64 -252 253 -32768 -32768 -32768 -32768
46 38 -55 -256 257 -32768 -32768 -32768 -32768
47 53 -71 -282 284 -32768 -32768 -32768 -32768
48 45 -63 -265 266 -32768 -32768 -32768 -32768
49 125 -146 -211 209 -32768 -32768 -32768 -32768
50 159 -176 -174 175 -32768 -32768 -32768 -32768
51 177 -196 -151 153 -32768 -32768 -32768 -32768
52 176 -194 -133 135 -32768 -32768 -32768 -32768
