OSINK 7A
1
08.10.20
Osova
0.0 0.0
0.0
0.00 0.00
-1.00 -1.00
0.00 0.00
20000.00
0.0
50
50
N
1
52
1 69 -116 -156 148 -32768 -32768 -32768 -32768
2 69 -116 -156 148 -32768 -32768 -32768 -32768
3 69 -116 -156 148 -32768 -32768 -32768 -32768
4 69 -116 -156 148 -32768 -32768 -32768 -32768
5 69 -117 -156 148 -32768 -32768 -32768 -32768
6 69 -117 -156 148 -32768 -32768 -32768 -32768
7 69 -117 -156 148 -32768 -32768 -32768 -32768
8 69 -117 -156 148 -32768 -32768 -32768 -32768
9 69 -115 -156 148 -32768 -32768 -32768 -32768
10 69 -115 -156 148 -32768 -32768 -32768 -32768
11 69 -115 -156 148 -32768 -32768 -32768 -32768
12 69 -113 -156 151 -32768 -32768 -32768 -32768
13 129 -144 -140 142 -32768 -32768 -32768 -32768
14 129 -134 -98 101 -32768 -32768 -32768 -32768
15 122 -138 -159 162 -32768 -32768 -32768 -32768
16 152 -162 -198 198 -32768 -32768 -32768 -32768
17 166 -175 -78 74 -32768 -32768 -32768 -32768
18 157 -167 -13 12 -32768 -32768 -32768 -32768
19 124 -135 -16 18 -32768 -32768 -32768 -32768
20 136 -142 -46 47 -32768 -32768 -32768 -32768
21 99 -115 -68 70 -32768 -32768 -32768 -32768
22 84 -94 -49 51 -32768 -32768 -32768 -32768
23 69 -79 -41 43 -32768 -32768 -32768 -32768
24 68 -79 -24 24 -32768 -32768 -32768 -32768
25 66 -76 8 -10 -32768 -32768 -32768 -32768
26 82 -93 28 -25 -32768 -32768 -32768 -32768
27 108 -118 10 -8 -32768 -32768 -32768 -32768
28 181 -191 -37 37 -32768 -32768 -32768 -32768
29 215 -225 -59 61 -32768 -32768 -32768 -32768
30 227 -237 -69 71 -32768 -32768 -32768 -32768
31 213 -222 -92 93 -32768 -32768 -32768 -32768
32 218 -229 -109 111 -32768 -32768 -32768 -32768
33 202 -215 -128 132 -32768 -32768 -32768 -32768
34 179 -189 -129 132 -32768 -32768 -32768 -32768
35 183 -196 -212 212 -32768 -32768 -32768 -32768
36 151 -161 -165 166 -32768 -32768 -32768 -32768
37 123 -135 -173 174 -32768 -32768 -32768 -32768
38 98 -108 -173 177 -32768 -32768 -32768 -32768
39 88 -97 -168 169 -32768 -32768 -32768 -32768
40 87 -98 -182 184 -32768 -32768 -32768 -32768
41 98 -109 -212 214 -32768 -32768 -32768 -32768
42 85 -96 -215 217 -32768 -32768 -32768 -32768
43 62 -73 -232 233 -32768 -32768 -32768 -32768
44 68 -78 -242 246 -32768 -32768 -32768 -32768
45 50 -61 -251 253 -32768 -32768 -32768 -32768
46 41 -52 -256 257 -32768 -32768 -32768 -32768
47 57 -67 -283 285 -32768 -32768 -32768 -32768
48 50 -60 -265 267 -32768 -32768 -32768 -32768
49 129 -138 -212 214 -32768 -32768 -32768 -32768
50 163 -171 -173 175 -32768 -32768 -32768 -32768
51 181 -191 -150 153 -32768 -32768 -32768 -32768
52 180 -189 -132 136 -32768 -32768 -32768 -32768
