OSINK 7A
1
27.08.20
Osova
0.0 0.0
0.0
0.00 0.00
-1.00 -1.00
0.00 0.00
20000.00
0.0
50
50
N
1
52
1 40 -58 -182 179 -32768 -32768 -32768 -32768
2 40 -58 -182 179 -32768 -32768 -32768 -32768
3 40 -58 -182 179 -32768 -32768 -32768 -32768
4 40 -58 -182 179 -32768 -32768 -32768 -32768
5 40 -58 -182 179 -32768 -32768 -32768 -32768
6 40 -58 -182 179 -32768 -32768 -32768 -32768
7 40 -58 -182 179 -32768 -32768 -32768 -32768
8 40 -58 -182 179 -32768 -32768 -32768 -32768
9 40 -58 -182 179 -32768 -32768 -32768 -32768
10 40 -58 -182 179 -32768 -32768 -32768 -32768
11 40 -58 -182 179 -32768 -32768 -32768 -32768
12 40 -58 -182 179 -32768 -32768 -32768 -32768
13 112 -131 -175 171 -32768 -32768 -32768 -32768
14 109 -126 -137 135 -32768 -32768 -32768 -32768
15 96 -118 -133 130 -32768 -32768 -32768 -32768
16 122 -138 -103 102 -32768 -32768 -32768 -32768
17 152 -168 -99 95 -32768 -32768 -32768 -32768
18 161 -180 -81 76 -32768 -32768 -32768 -32768
19 130 -148 -79 77 -32768 -32768 -32768 -32768
20 125 -140 -85 81 -32768 -32768 -32768 -32768
21 90 -113 -83 80 -32768 -32768 -32768 -32768
22 73 -90 -63 61 -32768 -32768 -32768 -32768
23 59 -79 -51 48 -32768 -32768 -32768 -32768
24 61 -80 -33 28 -32768 -32768 -32768 -32768
25 59 -81 1 -2 -32768 -32768 -32768 -32768
26 73 -92 21 -23 -32768 -32768 -32768 -32768
27 96 -111 2 -6 -32768 -32768 -32768 -32768
28 172 -190 -44 39 -32768 -32768 -32768 -32768
29 205 -223 -65 63 -32768 -32768 -32768 -32768
30 216 -234 -74 70 -32768 -32768 -32768 -32768
31 202 -220 -96 91 -32768 -32768 -32768 -32768
32 207 -226 -113 110 -32768 -32768 -32768 -32768
33 192 -211 -133 130 -32768 -32768 -32768 -32768
34 171 -188 -136 132 -32768 -32768 -32768 -32768
35 174 -194 -217 210 -32768 -32768 -32768 -32768
36 143 -160 -169 165 -32768 -32768 -32768 -32768
37 114 -133 -178 174 -32768 -32768 -32768 -32768
38 91 -107 -177 176 -32768 -32768 -32768 -32768
39 83 -98 -172 168 -32768 -32768 -32768 -32768
40 80 -100 -189 183 -32768 -32768 -32768 -32768
41 92 -111 -218 215 -32768 -32768 -32768 -32768
42 79 -97 -218 215 -32768 -32768 -32768 -32768
43 56 -76 -235 231 -32768 -32768 -32768 -32768
44 62 -80 -245 244 -32768 -32768 -32768 -32768
45 45 -63 -254 251 -32768 -32768 -32768 -32768
46 35 -55 -259 255 -32768 -32768 -32768 -32768
47 52 -69 -286 283 -32768 -32768 -32768 -32768
48 44 -63 -268 264 -32768 -32768 -32768 -32768
49 129 -144 -212 210 -32768 -32768 -32768 -32768
50 157 -175 -176 173 -32768 -32768 -32768 -32768
51 177 -194 -153 151 -32768 -32768 -32768 -32768
52 176 -194 -135 133 -32768 -32768 -32768 -32768
