OSINK 7A
1
10.09.20
Osova
0.0 0.0
0.0
0.00 0.00
-1.00 -1.00
0.00 0.00
20000.00
0.0
50
50
N
1
52
1 64 -82 -130 155 -32768 -32768 -32768 -32768
2 64 -82 -130 155 -32768 -32768 -32768 -32768
3 64 -82 -130 155 -32768 -32768 -32768 -32768
4 64 -81 -130 155 -32768 -32768 -32768 -32768
5 64 -81 -130 155 -32768 -32768 -32768 -32768
6 64 -81 -130 155 -32768 -32768 -32768 -32768
7 64 -81 -130 155 -32768 -32768 -32768 -32768
8 64 -82 -130 156 -32768 -32768 -32768 -32768
9 64 -82 -130 156 -32768 -32768 -32768 -32768
10 64 -82 -130 156 -32768 -32768 -32768 -32768
11 65 -77 -130 156 -32768 -32768 -32768 -32768
12 66 -77 -130 156 -32768 -32768 -32768 -32768
13 137 -139 -135 146 -32768 -32768 -32768 -32768
14 133 -128 -95 111 -32768 -32768 -32768 -32768
15 126 -130 -152 167 -32768 -32768 -32768 -32768
16 150 -150 -188 202 -32768 -32768 -32768 -32768
17 174 -169 -64 78 -32768 -32768 -32768 -32768
18 161 -161 -12 24 -32768 -32768 -32768 -32768
19 132 -133 -15 30 -32768 -32768 -32768 -32768
20 139 -135 -48 62 -32768 -32768 -32768 -32768
21 106 -110 -66 80 -32768 -32768 -32768 -32768
22 89 -88 -45 60 -32768 -32768 -32768 -32768
23 72 -72 -37 52 -32768 -32768 -32768 -32768
24 73 -72 -19 32 -32768 -32768 -32768 -32768
25 72 -74 12 -4 -32768 -32768 -32768 -32768
26 87 -87 33 -17 -32768 -32768 -32768 -32768
27 111 -109 16 -1 -32768 -32768 -32768 -32768
28 186 -185 -31 44 -32768 -32768 -32768 -32768
29 218 -216 -54 67 -32768 -32768 -32768 -32768
30 229 -228 -63 77 -32768 -32768 -32768 -32768
31 216 -217 -85 97 -32768 -32768 -32768 -32768
32 219 -219 -101 116 -32768 -32768 -32768 -32768
33 204 -204 -124 138 -32768 -32768 -32768 -32768
34 181 -180 -124 139 -32768 -32768 -32768 -32768
35 185 -186 -208 218 -32768 -32768 -32768 -32768
36 154 -152 -162 173 -32768 -32768 -32768 -32768
37 125 -125 -169 182 -32768 -32768 -32768 -32768
38 100 -98 -169 185 -32768 -32768 -32768 -32768
39 90 -89 -162 176 -32768 -32768 -32768 -32768
40 91 -90 -177 192 -32768 -32768 -32768 -32768
41 101 -103 -208 223 -32768 -32768 -32768 -32768
42 89 -90 -211 224 -32768 -32768 -32768 -32768
43 66 -66 -227 239 -32768 -32768 -32768 -32768
44 71 -71 -236 249 -32768 -32768 -32768 -32768
45 55 -49 -246 259 -32768 -32768 -32768 -32768
46 45 -45 -250 263 -32768 -32768 -32768 -32768
47 62 -60 -278 291 -32768 -32768 -32768 -32768
48 55 -54 -260 273 -32768 -32768 -32768 -32768
49 133 -135 -206 218 -32768 -32768 -32768 -32768
50 166 -165 -169 183 -32768 -32768 -32768 -32768
51 186 -185 -145 161 -32768 -32768 -32768 -32768
52 184 -185 -128 143 -32768 -32768 -32768 -32768
