OSINK 7A
1
03.06.21
Osova
0.0 0.0
0.0
0.00 0.00
-1.00 -1.00
0.00 0.00
20000.00
0.0
50
50
N
1
52
1 110 -126 -144 145 -32768 -32768 -32768 -32768
2 110 -126 -144 145 -32768 -32768 -32768 -32768
3 119 -128 -143 149 -32768 -32768 -32768 -32768
4 106 -128 -142 149 -32768 -32768 -32768 -32768
5 110 -128 -147 149 -32768 -32768 -32768 -32768
6 111 -128 -147 149 -32768 -32768 -32768 -32768
7 110 -129 -146 146 -32768 -32768 -32768 -32768
8 111 -129 -146 146 -32768 -32768 -32768 -32768
9 111 -129 -146 146 -32768 -32768 -32768 -32768
10 110 -129 -147 145 -32768 -32768 -32768 -32768
11 110 -129 -146 145 -32768 -32768 -32768 -32768
12 110 -129 -146 145 -32768 -32768 -32768 -32768
13 114 -138 -120 121 -32768 -32768 -32768 -32768
14 107 -129 -99 99 -32768 -32768 -32768 -32768
15 140 -168 -229 227 -32768 -32768 -32768 -32768
16 179 -200 -155 160 -32768 -32768 -32768 -32768
17 164 -186 -20 23 -32768 -32768 -32768 -32768
18 152 -173 5 -10 -32768 -32768 -32768 -32768
19 123 -153 10 -5 -32768 -32768 -32768 -32768
20 133 -155 -38 37 -32768 -32768 -32768 -32768
21 113 -136 -53 53 -32768 -32768 -32768 -32768
22 86 -110 -37 39 -32768 -32768 -32768 -32768
23 75 -94 -31 28 -32768 -32768 -32768 -32768
24 75 -98 -10 11 -32768 -32768 -32768 -32768
25 67 -87 41 -36 -32768 -32768 -32768 -32768
26 87 -109 32 -29 -32768 -32768 -32768 -32768
27 124 -145 1 -2 -32768 -32768 -32768 -32768
28 193 -216 -46 46 -32768 -32768 -32768 -32768
29 215 -238 -62 62 -32768 -32768 -32768 -32768
30 222 -247 -73 70 -32768 -32768 -32768 -32768
31 210 -234 -96 97 -32768 -32768 -32768 -32768
32 217 -241 -116 116 -32768 -32768 -32768 -32768
33 195 -217 -117 121 -32768 -32768 -32768 -32768
34 178 -200 -144 145 -32768 -32768 -32768 -32768
35 180 -203 -210 209 -32768 -32768 -32768 -32768
36 147 -173 -159 155 -32768 -32768 -32768 -32768
37 110 -131 -175 176 -32768 -32768 -32768 -32768
38 93 -115 -173 177 -32768 -32768 -32768 -32768
39 81 -103 -169 168 -32768 -32768 -32768 -32768
40 84 -107 -186 187 -32768 -32768 -32768 -32768
41 94 -117 -218 218 -32768 -32768 -32768 -32768
42 80 -104 -222 219 -32768 -32768 -32768 -32768
43 56 -77 -227 227 -32768 -32768 -32768 -32768
44 62 -84 -243 245 -32768 -32768 -32768 -32768
45 44 -66 -254 255 -32768 -32768 -32768 -32768
46 36 -59 -257 258 -32768 -32768 -32768 -32768
47 51 -74 -283 283 -32768 -32768 -32768 -32768
48 50 -71 -274 267 -32768 -32768 -32768 -32768
49 134 -154 -198 203 -32768 -32768 -32768 -32768
50 160 -181 -170 171 -32768 -32768 -32768 -32768
51 175 -197 -149 150 -32768 -32768 -32768 -32768
52 179 -196 -132 134 -32768 -32768 -32768 -32768
