OSINK 7A
1
07.01.21
Osova
0.0 0.0
0.0
0.00 0.00
-1.00 -1.00
0.00 0.00
20000.00
0.0
50
50
N
1
52
1 114 -137 -146 146 -32768 -32768 -32768 -32768
2 114 -137 -145 146 -32768 -32768 -32768 -32768
3 114 -137 -145 146 -32768 -32768 -32768 -32768
4 114 -137 -145 146 -32768 -32768 -32768 -32768
5 114 -137 -145 145 -32768 -32768 -32768 -32768
6 114 -137 -145 145 -32768 -32768 -32768 -32768
7 114 -137 -145 145 -32768 -32768 -32768 -32768
8 114 -136 -145 145 -32768 -32768 -32768 -32768
9 114 -136 -145 145 -32768 -32768 -32768 -32768
10 114 -136 -146 145 -32768 -32768 -32768 -32768
11 114 -136 -146 145 -32768 -32768 -32768 -32768
12 114 -136 -146 145 -32768 -32768 -32768 -32768
13 113 -137 -123 126 -32768 -32768 -32768 -32768
14 106 -124 -101 98 -32768 -32768 -32768 -32768
15 133 -157 -227 223 -32768 -32768 -32768 -32768
16 166 -185 -175 170 -32768 -32768 -32768 -32768
17 161 -181 -37 26 -32768 -32768 -32768 -32768
18 153 -171 -1 0 -32768 -32768 -32768 -32768
19 122 -142 -2 0 -32768 -32768 -32768 -32768
20 130 -147 -35 32 -32768 -32768 -32768 -32768
21 105 -126 -60 58 -32768 -32768 -32768 -32768
22 82 -102 -43 42 -32768 -32768 -32768 -32768
23 70 -90 -39 33 -32768 -32768 -32768 -32768
24 70 -90 -17 14 -32768 -32768 -32768 -32768
25 64 -80 18 -28 -32768 -32768 -32768 -32768
26 85 -105 26 -29 -32768 -32768 -32768 -32768
27 113 -133 4 -8 -32768 -32768 -32768 -32768
28 190 -209 -46 43 -32768 -32768 -32768 -32768
29 215 -233 -64 61 -32768 -32768 -32768 -32768
30 225 -244 -73 69 -32768 -32768 -32768 -32768
31 209 -230 -97 93 -32768 -32768 -32768 -32768
32 216 -237 -114 114 -32768 -32768 -32768 -32768
33 197 -216 -124 123 -32768 -32768 -32768 -32768
34 176 -196 -141 139 -32768 -32768 -32768 -32768
35 182 -202 -214 209 -32768 -32768 -32768 -32768
36 147 -165 -161 158 -32768 -32768 -32768 -32768
37 115 -137 -177 173 -32768 -32768 -32768 -32768
38 94 -115 -175 174 -32768 -32768 -32768 -32768
39 83 -102 -170 166 -32768 -32768 -32768 -32768
40 84 -104 -187 185 -32768 -32768 -32768 -32768
41 94 -114 -219 215 -32768 -32768 -32768 -32768
42 79 -100 -217 220 -32768 -32768 -32768 -32768
43 57 -79 -234 230 -32768 -32768 -32768 -32768
44 63 -82 -245 243 -32768 -32768 -32768 -32768
45 45 -64 -255 253 -32768 -32768 -32768 -32768
46 37 -56 -259 256 -32768 -32768 -32768 -32768
47 53 -72 -285 283 -32768 -32768 -32768 -32768
48 44 -64 -267 264 -32768 -32768 -32768 -32768
49 128 -151 -211 206 -32768 -32768 -32768 -32768
50 158 -178 -175 172 -32768 -32768 -32768 -32768
51 177 -196 -153 151 -32768 -32768 -32768 -32768
52 175 -195 -135 133 -32768 -32768 -32768 -32768
