OSINK 7A
1
01.04.21
Osova
0.0 0.0
0.0
0.00 0.00
-1.00 -1.00
0.00 0.00
20000.00
0.0
50
50
N
1
52
1 107 -124 -150 149 -32768 -32768 -32768 -32768
2 108 -124 -150 149 -32768 -32768 -32768 -32768
3 108 -124 -150 149 -32768 -32768 -32768 -32768
4 108 -124 -150 147 -32768 -32768 -32768 -32768
5 108 -124 -150 147 -32768 -32768 -32768 -32768
6 107 -124 -150 147 -32768 -32768 -32768 -32768
7 107 -124 -150 147 -32768 -32768 -32768 -32768
8 107 -124 -150 147 -32768 -32768 -32768 -32768
9 107 -124 -150 147 -32768 -32768 -32768 -32768
10 108 -124 -150 147 -32768 -32768 -32768 -32768
11 108 -124 -150 147 -32768 -32768 -32768 -32768
12 108 -124 -150 147 -32768 -32768 -32768 -32768
13 117 -137 -123 129 -32768 -32768 -32768 -32768
14 109 -126 -101 100 -32768 -32768 -32768 -32768
15 138 -163 -227 224 -32768 -32768 -32768 -32768
16 178 -195 -165 164 -32768 -32768 -32768 -32768
17 166 -183 -28 26 -32768 -32768 -32768 -32768
18 156 -172 4 -7 -32768 -32768 -32768 -32768
19 123 -146 7 -4 -32768 -32768 -32768 -32768
20 136 -151 -36 35 -32768 -32768 -32768 -32768
21 114 -131 -56 55 -32768 -32768 -32768 -32768
22 90 -106 -39 40 -32768 -32768 -32768 -32768
23 77 -93 -34 32 -32768 -32768 -32768 -32768
24 76 -92 -12 11 -32768 -32768 -32768 -32768
25 70 -88 26 -31 -32768 -32768 -32768 -32768
26 88 -106 31 -29 -32768 -32768 -32768 -32768
27 121 -139 3 -5 -32768 -32768 -32768 -32768
28 196 -212 -46 43 -32768 -32768 -32768 -32768
29 217 -234 -61 61 -32768 -32768 -32768 -32768
30 227 -245 -71 70 -32768 -32768 -32768 -32768
31 209 -228 -97 94 -32768 -32768 -32768 -32768
32 219 -236 -113 113 -32768 -32768 -32768 -32768
33 199 -218 -121 123 -32768 -32768 -32768 -32768
34 180 -196 -140 138 -32768 -32768 -32768 -32768
35 185 -203 -213 210 -32768 -32768 -32768 -32768
36 149 -171 -160 157 -32768 -32768 -32768 -32768
37 117 -133 -175 176 -32768 -32768 -32768 -32768
38 95 -114 -173 175 -32768 -32768 -32768 -32768
39 84 -101 -169 168 -32768 -32768 -32768 -32768
40 87 -105 -186 185 -32768 -32768 -32768 -32768
41 95 -115 -217 217 -32768 -32768 -32768 -32768
42 85 -99 -221 215 -32768 -32768 -32768 -32768
43 58 -77 -227 229 -32768 -32768 -32768 -32768
44 65 -83 -243 244 -32768 -32768 -32768 -32768
45 47 -64 -253 252 -32768 -32768 -32768 -32768
46 38 -56 -256 256 -32768 -32768 -32768 -32768
47 54 -72 -283 283 -32768 -32768 -32768 -32768
48 46 -63 -265 265 -32768 -32768 -32768 -32768
49 132 -149 -206 203 -32768 -32768 -32768 -32768
50 159 -176 -173 172 -32768 -32768 -32768 -32768
51 177 -196 -151 152 -32768 -32768 -32768 -32768
52 176 -194 -133 134 -32768 -32768 -32768 -32768
