OSINK 7A
1
24.09.20
Osova
0.0 0.0
0.0
0.00 0.00
-1.00 -1.00
0.00 0.00
20000.00
0.0
50
50
N
1
52
1 88 -58 -135 163 -32768 -32768 -32768 -32768
2 88 -58 -135 163 -32768 -32768 -32768 -32768
3 87 -58 -135 163 -32768 -32768 -32768 -32768
4 87 -58 -135 163 -32768 -32768 -32768 -32768
5 87 -58 -135 163 -32768 -32768 -32768 -32768
6 87 -58 -135 163 -32768 -32768 -32768 -32768
7 88 -58 -136 163 -32768 -32768 -32768 -32768
8 88 -157 -136 139 -32768 -32768 -32768 -32768
9 90 -157 -135 139 -32768 -32768 -32768 -32768
10 90 -157 -135 139 -32768 -32768 -32768 -32768
11 88 -157 -136 139 -32768 -32768 -32768 -32768
12 128 -68 -137 151 -32768 -32768 -32768 -32768
13 126 -140 -96 143 -32768 -32768 -32768 -32768
14 120 -137 -156 105 -32768 -32768 -32768 -32768
15 148 -138 -193 164 -32768 -32768 -32768 -32768
16 162 -160 -68 200 -32768 -32768 -32768 -32768
17 155 -176 -12 77 -32768 -32768 -32768 -32768
18 124 -167 -15 18 -32768 -32768 -32768 -32768
19 133 -137 -49 23 -32768 -32768 -32768 -32768
20 97 -142 -70 55 -32768 -32768 -32768 -32768
21 83 -115 -49 76 -32768 -32768 -32768 -32768
22 67 -95 -39 56 -32768 -32768 -32768 -32768
23 67 -79 -39 47 -32768 -32768 -32768 -32768
24 66 -79 -22 29 -32768 -32768 -32768 -32768
25 65 -81 9 -6 -32768 -32768 -32768 -32768
26 82 -94 30 -21 -32768 -32768 -32768 -32768
27 102 -116 15 -6 -32768 -32768 -32768 -32768
28 180 -192 -33 41 -32768 -32768 -32768 -32768
29 210 -224 -56 64 -32768 -32768 -32768 -32768
30 222 -235 -66 73 -32768 -32768 -32768 -32768
31 210 -222 -88 94 -32768 -32768 -32768 -32768
32 214 -226 -105 112 -32768 -32768 -32768 -32768
33 198 -212 -126 135 -32768 -32768 -32768 -32768
34 176 -188 -126 135 -32768 -32768 -32768 -32768
35 181 -195 -211 214 -32768 -32768 -32768 -32768
36 147 -160 -162 172 -32768 -32768 -32768 -32768
37 118 -133 -171 178 -32768 -32768 -32768 -32768
38 95 -105 -171 181 -32768 -32768 -32768 -32768
39 84 -95 -165 173 -32768 -32768 -32768 -32768
40 85 -98 -180 187 -32768 -32768 -32768 -32768
41 96 -108 -211 219 -32768 -32768 -32768 -32768
42 84 -96 -212 221 -32768 -32768 -32768 -32768
43 60 -74 -232 236 -32768 -32768 -32768 -32768
44 65 -79 -240 249 -32768 -32768 -32768 -32768
45 49 -61 -249 255 -32768 -32768 -32768 -32768
46 39 -53 -253 260 -32768 -32768 -32768 -32768
47 55 -67 -281 289 -32768 -32768 -32768 -32768
48 47 -61 -262 269 -32768 -32768 -32768 -32768
49 128 -140 -208 216 -32768 -32768 -32768 -32768
50 160 -171 -171 179 -32768 -32768 -32768 -32768
51 180 -192 -148 157 -32768 -32768 -32768 -32768
52 179 -191 -129 139 -32768 -32768 -32768 -32768
