OSINK 7A
1
17.12.20
Osova
0.0 0.0
0.0
0.00 0.00
-1.00 -1.00
0.00 0.00
20000.00
0.0
50
50
N
1
52
1 108 -137 -143 144 -32768 -32768 -32768 -32768
2 108 -137 -143 144 -32768 -32768 -32768 -32768
3 108 -137 -143 144 -32768 -32768 -32768 -32768
4 108 -137 -143 144 -32768 -32768 -32768 -32768
5 108 -137 -143 144 -32768 -32768 -32768 -32768
6 108 -137 -142 144 -32768 -32768 -32768 -32768
7 108 -137 -142 144 -32768 -32768 -32768 -32768
8 108 -137 -142 144 -32768 -32768 -32768 -32768
9 108 -137 -142 144 -32768 -32768 -32768 -32768
10 109 -137 -143 145 -32768 -32768 -32768 -32768
11 108 -137 -143 145 -32768 -32768 -32768 -32768
12 108 -136 -143 145 -32768 -32768 -32768 -32768
13 112 -139 -125 124 -32768 -32768 -32768 -32768
14 103 -130 -97 101 -32768 -32768 -32768 -32768
15 128 -162 -226 230 -32768 -32768 -32768 -32768
16 162 -188 -161 163 -32768 -32768 -32768 -32768
17 163 -184 -29 30 -32768 -32768 -32768 -32768
18 148 -173 -1 4 -32768 -32768 -32768 -32768
19 115 -143 2 1 -32768 -32768 -32768 -32768
20 120 -150 -39 37 -32768 -32768 -32768 -32768
21 97 -130 -57 62 -32768 -32768 -32768 -32768
22 76 -101 -41 46 -32768 -32768 -32768 -32768
23 63 -92 -35 37 -32768 -32768 -32768 -32768
24 65 -93 -14 18 -32768 -32768 -32768 -32768
25 63 -87 23 -20 -32768 -32768 -32768 -32768
26 80 -108 30 -24 -32768 -32768 -32768 -32768
27 116 -141 2 -1 -32768 -32768 -32768 -32768
28 187 -213 -45 46 -32768 -32768 -32768 -32768
29 210 -237 -61 64 -32768 -32768 -32768 -32768
30 220 -248 -70 73 -32768 -32768 -32768 -32768
31 202 -232 -99 96 -32768 -32768 -32768 -32768
32 213 -240 -111 116 -32768 -32768 -32768 -32768
33 193 -209 -121 131 -32768 -32768 -32768 -32768
34 174 -200 -140 146 -32768 -32768 -32768 -32768
35 178 -204 -212 211 -32768 -32768 -32768 -32768
36 146 -175 -158 160 -32768 -32768 -32768 -32768
37 110 -132 -174 179 -32768 -32768 -32768 -32768
38 91 -117 -172 177 -32768 -32768 -32768 -32768
39 79 -105 -167 170 -32768 -32768 -32768 -32768
40 79 -109 -184 187 -32768 -32768 -32768 -32768
41 91 -118 -216 219 -32768 -32768 -32768 -32768
42 76 -104 -214 217 -32768 -32768 -32768 -32768
43 54 -82 -232 235 -32768 -32768 -32768 -32768
44 59 -87 -242 246 -32768 -32768 -32768 -32768
45 41 -67 -252 255 -32768 -32768 -32768 -32768
46 36 -59 -255 259 -32768 -32768 -32768 -32768
47 51 -74 -283 283 -32768 -32768 -32768 -32768
48 44 -70 -264 266 -32768 -32768 -32768 -32768
49 126 -150 -206 211 -32768 -32768 -32768 -32768
50 156 -181 -171 175 -32768 -32768 -32768 -32768
51 173 -200 -149 153 -32768 -32768 -32768 -32768
52 171 -199 -131 136 -32768 -32768 -32768 -32768
