OSINK 7A
1
21.01.21
Osova
0.0 0.0
0.0
0.00 0.00
-1.00 -1.00
0.00 0.00
20000.00
0.0
50
50
N
1
52
1 82 -97 -136 137 -32768 -32768 -32768 -32768
2 83 -97 -136 137 -32768 -32768 -32768 -32768
3 83 -97 -136 137 -32768 -32768 -32768 -32768
4 83 -97 -136 137 -32768 -32768 -32768 -32768
5 82 -97 -137 137 -32768 -32768 -32768 -32768
6 82 -97 -137 137 -32768 -32768 -32768 -32768
7 82 -97 -137 137 -32768 -32768 -32768 -32768
8 82 -97 -137 137 -32768 -32768 -32768 -32768
9 82 -97 -136 137 -32768 -32768 -32768 -32768
10 82 -97 -136 137 -32768 -32768 -32768 -32768
11 82 -97 -136 137 -32768 -32768 -32768 -32768
12 82 -97 -136 137 -32768 -32768 -32768 -32768
13 113 -130 -127 129 -32768 -32768 -32768 -32768
14 109 -123 -98 101 -32768 -32768 -32768 -32768
15 136 -156 -226 223 -32768 -32768 -32768 -32768
16 171 -184 -166 168 -32768 -32768 -32768 -32768
17 166 -181 -30 31 -32768 -32768 -32768 -32768
18 156 -171 1 -1 -32768 -32768 -32768 -32768
19 125 -141 1 2 -32768 -32768 -32768 -32768
20 134 -147 -32 35 -32768 -32768 -32768 -32768
21 108 -127 -56 59 -32768 -32768 -32768 -32768
22 86 -102 -40 43 -32768 -32768 -32768 -32768
23 74 -89 -35 35 -32768 -32768 -32768 -32768
24 74 -89 -14 16 -32768 -32768 -32768 -32768
25 69 -81 23 -25 -32768 -32768 -32768 -32768
26 88 -104 30 -27 -32768 -32768 -32768 -32768
27 118 -137 6 -3 -32768 -32768 -32768 -32768
28 191 -207 -42 43 -32768 -32768 -32768 -32768
29 216 -232 -60 63 -32768 -32768 -32768 -32768
30 227 -243 -70 72 -32768 -32768 -32768 -32768
31 211 -227 -95 95 -32768 -32768 -32768 -32768
32 219 -236 -112 115 -32768 -32768 -32768 -32768
33 203 -217 -124 127 -32768 -32768 -32768 -32768
34 181 -195 -135 140 -32768 -32768 -32768 -32768
35 185 -203 -213 212 -32768 -32768 -32768 -32768
36 151 -162 -161 161 -32768 -32768 -32768 -32768
37 122 -134 -174 175 -32768 -32768 -32768 -32768
38 98 -113 -173 177 -32768 -32768 -32768 -32768
39 86 -101 -168 169 -32768 -32768 -32768 -32768
40 86 -104 -184 186 -32768 -32768 -32768 -32768
41 97 -114 -215 216 -32768 -32768 -32768 -32768
42 82 -97 -214 215 -32768 -32768 -32768 -32768
43 61 -77 -231 233 -32768 -32768 -32768 -32768
44 67 -81 -240 245 -32768 -32768 -32768 -32768
45 49 -63 -250 254 -32768 -32768 -32768 -32768
46 38 -55 -255 257 -32768 -32768 -32768 -32768
47 55 -70 -283 285 -32768 -32768 -32768 -32768
48 48 -63 -265 266 -32768 -32768 -32768 -32768
49 129 -142 -209 210 -32768 -32768 -32768 -32768
50 160 -177 -173 174 -32768 -32768 -32768 -32768
51 179 -194 -150 154 -32768 -32768 -32768 -32768
52 178 -194 -132 135 -32768 -32768 -32768 -32768
