OSINK 7A
1
18.03.21
Osova
0.0 0.0
0.0
0.00 0.00
-1.00 -1.00
0.00 0.00
20000.00
0.0
50
50
N
1
52
1 107 -131 -154 131 -32768 -32768 -32768 -32768
2 107 -131 -154 131 -32768 -32768 -32768 -32768
3 109 -131 -155 131 -32768 -32768 -32768 -32768
4 109 -131 -155 131 -32768 -32768 -32768 -32768
5 109 -131 -155 131 -32768 -32768 -32768 -32768
6 107 -131 -154 131 -32768 -32768 -32768 -32768
7 107 -131 -154 131 -32768 -32768 -32768 -32768
8 107 -131 -154 131 -32768 -32768 -32768 -32768
9 107 -131 -154 131 -32768 -32768 -32768 -32768
10 108 -131 -154 131 -32768 -32768 -32768 -32768
11 108 -131 -152 131 -32768 -32768 -32768 -32768
12 108 -131 -152 130 -32768 -32768 -32768 -32768
13 116 -141 -142 120 -32768 -32768 -32768 -32768
14 108 -128 -111 88 -32768 -32768 -32768 -32768
15 132 -160 -228 201 -32768 -32768 -32768 -32768
16 172 -193 -192 171 -32768 -32768 -32768 -32768
17 163 -189 -56 30 -32768 -32768 -32768 -32768
18 153 -176 -5 -19 -32768 -32768 -32768 -32768
19 124 -148 -7 -13 -32768 -32768 -32768 -32768
20 138 -156 -36 14 -32768 -32768 -32768 -32768
21 108 -138 -69 47 -32768 -32768 -32768 -32768
22 89 -112 -51 30 -32768 -32768 -32768 -32768
23 74 -97 -47 23 -32768 -32768 -32768 -32768
24 72 -96 -26 3 -32768 -32768 -32768 -32768
25 63 -90 10 -35 -32768 -32768 -32768 -32768
26 84 -108 21 -41 -32768 -32768 -32768 -32768
27 109 -134 0 -21 -32768 -32768 -32768 -32768
28 184 -208 -53 30 -32768 -32768 -32768 -32768
29 214 -236 -72 51 -32768 -32768 -32768 -32768
30 222 -247 -84 59 -32768 -32768 -32768 -32768
31 210 -233 -104 79 -32768 -32768 -32768 -32768
32 216 -240 -119 98 -32768 -32768 -32768 -32768
33 199 -224 -137 117 -32768 -32768 -32768 -32768
34 176 -199 -140 115 -32768 -32768 -32768 -32768
35 183 -209 -224 199 -32768 -32768 -32768 -32768
36 147 -171 -173 150 -32768 -32768 -32768 -32768
37 117 -144 -186 161 -32768 -32768 -32768 -32768
38 94 -117 -184 164 -32768 -32768 -32768 -32768
39 82 -105 -180 157 -32768 -32768 -32768 -32768
40 83 -107 -194 171 -32768 -32768 -32768 -32768
41 93 -118 -225 203 -32768 -32768 -32768 -32768
42 78 -105 -226 206 -32768 -32768 -32768 -32768
43 57 -82 -242 219 -32768 -32768 -32768 -32768
44 61 -86 -253 233 -32768 -32768 -32768 -32768
45 46 -69 -261 239 -32768 -32768 -32768 -32768
46 34 -59 -267 245 -32768 -32768 -32768 -32768
47 49 -73 -295 272 -32768 -32768 -32768 -32768
48 45 -69 -277 255 -32768 -32768 -32768 -32768
49 114 -139 -227 202 -32768 -32768 -32768 -32768
50 153 -176 -188 166 -32768 -32768 -32768 -32768
51 173 -198 -163 143 -32768 -32768 -32768 -32768
52 173 -198 -144 124 -32768 -32768 -32768 -32768
