OSINK 7A
1
10.12.20
Osova
0.0 0.0
0.0
0.00 0.00
-1.00 -1.00
0.00 0.00
20000.00
0.0
50
50
N
1
52
1 116 -123 -147 139 -32768 -32768 -32768 -32768
2 116 -123 -147 139 -32768 -32768 -32768 -32768
3 116 -123 -147 139 -32768 -32768 -32768 -32768
4 116 -123 -147 139 -32768 -32768 -32768 -32768
5 116 -123 -147 139 -32768 -32768 -32768 -32768
6 117 -123 -147 138 -32768 -32768 -32768 -32768
7 117 -123 -147 139 -32768 -32768 -32768 -32768
8 116 -123 -147 139 -32768 -32768 -32768 -32768
9 116 -123 -147 139 -32768 -32768 -32768 -32768
10 116 -123 -147 139 -32768 -32768 -32768 -32768
11 116 -122 -147 139 -32768 -32768 -32768 -32768
12 121 -120 -153 139 -32768 -32768 -32768 -32768
13 122 -131 -127 122 -32768 -32768 -32768 -32768
14 109 -121 -101 99 -32768 -32768 -32768 -32768
15 130 -153 -219 223 -32768 -32768 -32768 -32768
16 167 -180 -180 166 -32768 -32768 -32768 -32768
17 166 -178 -37 28 -32768 -32768 -32768 -32768
18 152 -166 -5 2 -32768 -32768 -32768 -32768
19 124 -137 -1 1 -32768 -32768 -32768 -32768
20 130 -140 -39 40 -32768 -32768 -32768 -32768
21 106 -120 -61 58 -32768 -32768 -32768 -32768
22 83 -96 -46 42 -32768 -32768 -32768 -32768
23 72 -84 -39 33 -32768 -32768 -32768 -32768
24 72 -87 -19 15 -32768 -32768 -32768 -32768
25 69 -73 19 -31 -32768 -32768 -32768 -32768
26 88 -102 25 -28 -32768 -32768 -32768 -32768
27 118 -137 2 -4 -32768 -32768 -32768 -32768
28 192 -208 -46 45 -32768 -32768 -32768 -32768
29 217 -230 -64 62 -32768 -32768 -32768 -32768
30 227 -241 -72 73 -32768 -32768 -32768 -32768
31 211 -225 -98 94 -32768 -32768 -32768 -32768
32 220 -232 -113 111 -32768 -32768 -32768 -32768
33 199 -211 -125 122 -32768 -32768 -32768 -32768
34 180 -193 -147 143 -32768 -32768 -32768 -32768
35 183 -198 -215 209 -32768 -32768 -32768 -32768
36 162 -167 -162 157 -32768 -32768 -32768 -32768
37 112 -130 -177 176 -32768 -32768 -32768 -32768
38 97 -110 -176 174 -32768 -32768 -32768 -32768
39 85 -98 -171 167 -32768 -32768 -32768 -32768
40 87 -102 -187 185 -32768 -32768 -32768 -32768
41 97 -112 -220 216 -32768 -32768 -32768 -32768
42 82 -96 -218 213 -32768 -32768 -32768 -32768
43 59 -75 -235 233 -32768 -32768 -32768 -32768
44 66 -79 -246 243 -32768 -32768 -32768 -32768
45 48 -61 -255 251 -32768 -32768 -32768 -32768
46 39 -54 -258 255 -32768 -32768 -32768 -32768
47 55 -66 -285 282 -32768 -32768 -32768 -32768
48 48 -61 -267 264 -32768 -32768 -32768 -32768
49 135 -144 -208 206 -32768 -32768 -32768 -32768
50 162 -173 -174 173 -32768 -32768 -32768 -32768
51 179 -192 -153 151 -32768 -32768 -32768 -32768
52 184 -192 -134 133 -32768 -32768 -32768 -32768
