OSINK 7A
1
13.05.21
Osova
0.0 0.0
0.0
0.00 0.00
-1.00 -1.00
0.00 0.00
20000.00
0.0
50
50
N
1
52
1 107 -130 -134 146 -32768 -32768 -32768 -32768
2 107 -130 -134 146 -32768 -32768 -32768 -32768
3 107 -130 -135 146 -32768 -32768 -32768 -32768
4 107 -130 -135 146 -32768 -32768 -32768 -32768
5 107 -130 -135 146 -32768 -32768 -32768 -32768
6 107 -130 -135 146 -32768 -32768 -32768 -32768
7 107 -131 -135 146 -32768 -32768 -32768 -32768
8 107 -131 -135 146 -32768 -32768 -32768 -32768
9 107 -131 -135 146 -32768 -32768 -32768 -32768
10 107 -131 -135 146 -32768 -32768 -32768 -32768
11 107 -131 -134 146 -32768 -32768 -32768 -32768
12 107 -130 -134 146 -32768 -32768 -32768 -32768
13 110 -138 -112 133 -32768 -32768 -32768 -32768
14 104 -130 -91 110 -32768 -32768 -32768 -32768
15 136 -169 -220 239 -32768 -32768 -32768 -32768
16 174 -201 -158 165 -32768 -32768 -32768 -32768
17 163 -187 -11 30 -32768 -32768 -32768 -32768
18 149 -174 12 0 -32768 -32768 -32768 -32768
19 122 -152 17 6 -32768 -32768 -32768 -32768
20 132 -156 -27 47 -32768 -32768 -32768 -32768
21 109 -137 -44 63 -32768 -32768 -32768 -32768
22 85 -111 -28 49 -32768 -32768 -32768 -32768
23 72 -98 -22 40 -32768 -32768 -32768 -32768
24 71 -98 -1 18 -32768 -32768 -32768 -32768
25 64 -92 49 -24 -32768 -32768 -32768 -32768
26 85 -110 42 -20 -32768 -32768 -32768 -32768
27 121 -143 11 4 -32768 -32768 -32768 -32768
28 190 -217 -36 55 -32768 -32768 -32768 -32768
29 213 -239 -52 71 -32768 -32768 -32768 -32768
30 223 -248 -61 77 -32768 -32768 -32768 -32768
31 205 -233 -89 103 -32768 -32768 -32768 -32768
32 215 -242 -106 123 -32768 -32768 -32768 -32768
33 195 -220 -111 131 -32768 -32768 -32768 -32768
34 176 -201 -132 153 -32768 -32768 -32768 -32768
35 179 -205 -203 220 -32768 -32768 -32768 -32768
36 146 -176 -150 161 -32768 -32768 -32768 -32768
37 109 -139 -166 183 -32768 -32768 -32768 -32768
38 91 -118 -163 185 -32768 -32768 -32768 -32768
39 80 -104 -158 178 -32768 -32768 -32768 -32768
40 82 -109 -176 196 -32768 -32768 -32768 -32768
41 92 -119 -208 227 -32768 -32768 -32768 -32768
42 77 -103 -205 231 -32768 -32768 -32768 -32768
43 53 -82 -217 243 -32768 -32768 -32768 -32768
44 60 -86 -233 255 -32768 -32768 -32768 -32768
45 41 -68 -244 262 -32768 -32768 -32768 -32768
46 33 -61 -247 267 -32768 -32768 -32768 -32768
47 50 -76 -273 293 -32768 -32768 -32768 -32768
48 41 -67 -255 275 -32768 -32768 -32768 -32768
49 131 -158 -189 212 -32768 -32768 -32768 -32768
50 156 -182 -162 182 -32768 -32768 -32768 -32768
51 173 -199 -142 161 -32768 -32768 -32768 -32768
52 171 -199 -122 144 -32768 -32768 -32768 -32768
