OSINK 7A
1
27.05.21
Osova
0.0 0.0
0.0
0.00 0.00
-1.00 -1.00
0.00 0.00
20000.00
0.0
50
50
N
1
52
1 111 -121 -136 147 -32768 -32768 -32768 -32768
2 111 -121 -136 147 -32768 -32768 -32768 -32768
3 111 -121 -136 147 -32768 -32768 -32768 -32768
4 111 -120 -136 145 -32768 -32768 -32768 -32768
5 112 -120 -136 145 -32768 -32768 -32768 -32768
6 112 -125 -136 148 -32768 -32768 -32768 -32768
7 112 -125 -136 148 -32768 -32768 -32768 -32768
8 113 -125 -137 148 -32768 -32768 -32768 -32768
9 113 -126 -137 147 -32768 -32768 -32768 -32768
10 113 -126 -137 147 -32768 -32768 -32768 -32768
11 114 -126 -137 147 -32768 -32768 -32768 -32768
12 114 -121 -137 144 -32768 -32768 -32768 -32768
13 120 -135 -114 127 -32768 -32768 -32768 -32768
14 112 -124 -94 105 -32768 -32768 -32768 -32768
15 145 -160 -224 226 -32768 -32768 -32768 -32768
16 183 -196 -151 164 -32768 -32768 -32768 -32768
17 169 -182 -14 29 -32768 -32768 -32768 -32768
18 157 -167 9 -5 -32768 -32768 -32768 -32768
19 124 -151 12 0 -32768 -32768 -32768 -32768
20 139 -151 -30 42 -32768 -32768 -32768 -32768
21 118 -132 -47 60 -32768 -32768 -32768 -32768
22 93 -105 -31 44 -32768 -32768 -32768 -32768
23 80 -93 -27 36 -32768 -32768 -32768 -32768
24 79 -93 -5 14 -32768 -32768 -32768 -32768
25 71 -80 46 -31 -32768 -32768 -32768 -32768
26 91 -104 38 -24 -32768 -32768 -32768 -32768
27 126 -140 9 2 -32768 -32768 -32768 -32768
28 198 -213 -40 51 -32768 -32768 -32768 -32768
29 220 -233 -56 68 -32768 -32768 -32768 -32768
30 228 -241 -66 73 -32768 -32768 -32768 -32768
31 215 -229 -90 103 -32768 -32768 -32768 -32768
32 222 -236 -111 123 -32768 -32768 -32768 -32768
33 200 -214 -113 127 -32768 -32768 -32768 -32768
34 183 -195 -138 152 -32768 -32768 -32768 -32768
35 187 -199 -207 215 -32768 -32768 -32768 -32768
36 153 -168 -153 160 -32768 -32768 -32768 -32768
37 116 -134 -169 179 -32768 -32768 -32768 -32768
38 99 -111 -166 182 -32768 -32768 -32768 -32768
39 87 -98 -163 174 -32768 -32768 -32768 -32768
40 89 -103 -180 192 -32768 -32768 -32768 -32768
41 97 -112 -211 223 -32768 -32768 -32768 -32768
42 86 -96 -216 226 -32768 -32768 -32768 -32768
43 61 -72 -220 232 -32768 -32768 -32768 -32768
44 67 -80 -236 250 -32768 -32768 -32768 -32768
45 48 -61 -247 260 -32768 -32768 -32768 -32768
46 41 -54 -251 263 -32768 -32768 -32768 -32768
47 56 -70 -277 289 -32768 -32768 -32768 -32768
48 55 -67 -268 272 -32768 -32768 -32768 -32768
49 137 -149 -194 209 -32768 -32768 -32768 -32768
50 162 -175 -166 178 -32768 -32768 -32768 -32768
51 180 -193 -144 157 -32768 -32768 -32768 -32768
52 179 -192 -126 140 -32768 -32768 -32768 -32768
