OSINK 7A
1
29.10.20
Osova
0.0 0.0
0.0
0.00 0.00
-1.00 -1.00
0.00 0.00
20000.00
0.0
50
50
N
1
52
1 51 -66 -133 148 -32768 -32768 -32768 -32768
2 51 -66 -133 148 -32768 -32768 -32768 -32768
3 51 -66 -133 148 -32768 -32768 -32768 -32768
4 50 -66 -133 148 -32768 -32768 -32768 -32768
5 50 -66 -133 148 -32768 -32768 -32768 -32768
6 50 -66 -133 148 -32768 -32768 -32768 -32768
7 48 -66 -137 148 -32768 -32768 -32768 -32768
8 48 -66 -137 148 -32768 -32768 -32768 -32768
9 53 -66 -135 148 -32768 -32768 -32768 -32768
10 53 -66 -135 148 -32768 -32768 -32768 -32768
11 53 -66 -135 148 -32768 -32768 -32768 -32768
12 52 -66 -135 148 -32768 -32768 -32768 -32768
13 117 -124 -134 140 -32768 -32768 -32768 -32768
14 120 -125 -95 102 -32768 -32768 -32768 -32768
15 119 -130 -163 165 -32768 -32768 -32768 -32768
16 158 -163 -207 216 -32768 -32768 -32768 -32768
17 170 -179 -74 91 -32768 -32768 -32768 -32768
18 160 -168 -5 9 -32768 -32768 -32768 -32768
19 125 -130 -4 11 -32768 -32768 -32768 -32768
20 139 -143 -18 25 -32768 -32768 -32768 -32768
21 106 -118 -62 68 -32768 -32768 -32768 -32768
22 90 -97 -44 50 -32768 -32768 -32768 -32768
23 74 -81 -37 43 -32768 -32768 -32768 -32768
24 71 -79 -21 26 -32768 -32768 -32768 -32768
25 67 -75 10 -9 -32768 -32768 -32768 -32768
26 86 -93 31 -25 -32768 -32768 -32768 -32768
27 108 -114 15 -8 -32768 -32768 -32768 -32768
28 185 -191 -35 41 -32768 -32768 -32768 -32768
29 216 -225 -57 64 -32768 -32768 -32768 -32768
30 229 -236 -67 72 -32768 -32768 -32768 -32768
31 216 -223 -88 93 -32768 -32768 -32768 -32768
32 221 -225 -105 112 -32768 -32768 -32768 -32768
33 209 -214 -128 134 -32768 -32768 -32768 -32768
34 182 -188 -125 131 -32768 -32768 -32768 -32768
35 187 -196 -211 215 -32768 -32768 -32768 -32768
36 153 -160 -164 168 -32768 -32768 -32768 -32768
37 125 -134 -172 177 -32768 -32768 -32768 -32768
38 101 -107 -171 179 -32768 -32768 -32768 -32768
39 89 -95 -166 172 -32768 -32768 -32768 -32768
40 89 -96 -180 186 -32768 -32768 -32768 -32768
41 100 -109 -212 217 -32768 -32768 -32768 -32768
42 88 -94 -214 219 -32768 -32768 -32768 -32768
43 63 -72 -229 233 -32768 -32768 -32768 -32768
44 69 -77 -240 247 -32768 -32768 -32768 -32768
45 53 -58 -248 255 -32768 -32768 -32768 -32768
46 41 -50 -254 260 -32768 -32768 -32768 -32768
47 59 -65 -281 287 -32768 -32768 -32768 -32768
48 51 -58 -262 269 -32768 -32768 -32768 -32768
49 130 -139 -209 214 -32768 -32768 -32768 -32768
50 163 -170 -172 177 -32768 -32768 -32768 -32768
51 183 -190 -149 156 -32768 -32768 -32768 -32768
52 182 -189 -131 139 -32768 -32768 -32768 -32768
