OSINK 7A
1
12.11.20
Osova
0.0 0.0
0.0
0.00 0.00
-1.00 -1.00
0.00 0.00
20000.00
0.0
50
50
N
1
52
1 82 -82 -143 143 -32768 -32768 -32768 -32768
2 82 -82 -143 143 -32768 -32768 -32768 -32768
3 82 -82 -143 143 -32768 -32768 -32768 -32768
4 82 -82 -143 142 -32768 -32768 -32768 -32768
5 82 -81 -143 142 -32768 -32768 -32768 -32768
6 82 -82 -143 143 -32768 -32768 -32768 -32768
7 82 -82 -143 143 -32768 -32768 -32768 -32768
8 82 -81 -143 143 -32768 -32768 -32768 -32768
9 82 -81 -143 143 -32768 -32768 -32768 -32768
10 82 -81 -143 143 -32768 -32768 -32768 -32768
11 68 -81 -143 143 -32768 -32768 -32768 -32768
12 79 -81 -139 143 -32768 -32768 -32768 -32768
13 117 -137 -127 126 -32768 -32768 -32768 -32768
14 109 -125 -96 97 -32768 -32768 -32768 -32768
15 131 -153 -227 224 -32768 -32768 -32768 -32768
16 163 -180 -171 174 -32768 -32768 -32768 -32768
17 162 -179 -36 36 -32768 -32768 -32768 -32768
18 150 -168 -8 6 -32768 -32768 -32768 -32768
19 118 -137 -3 4 -32768 -32768 -32768 -32768
20 125 -142 -41 40 -32768 -32768 -32768 -32768
21 100 -121 -63 61 -32768 -32768 -32768 -32768
22 79 -97 -44 46 -32768 -32768 -32768 -32768
23 68 -86 -37 37 -32768 -32768 -32768 -32768
24 68 -87 -18 18 -32768 -32768 -32768 -32768
25 66 -84 18 -22 -32768 -32768 -32768 -32768
26 84 -103 27 -23 -32768 -32768 -32768 -32768
27 118 -133 1 -4 -32768 -32768 -32768 -32768
28 190 -208 -46 45 -32768 -32768 -32768 -32768
29 213 -231 -62 63 -32768 -32768 -32768 -32768
30 222 -242 -74 73 -32768 -32768 -32768 -32768
31 209 -226 -96 94 -32768 -32768 -32768 -32768
32 216 -234 -112 111 -32768 -32768 -32768 -32768
33 197 -216 -125 128 -32768 -32768 -32768 -32768
34 177 -194 -136 142 -32768 -32768 -32768 -32768
35 181 -201 -215 212 -32768 -32768 -32768 -32768
36 148 -165 -164 162 -32768 -32768 -32768 -32768
37 112 -134 -175 176 -32768 -32768 -32768 -32768
38 93 -111 -174 176 -32768 -32768 -32768 -32768
39 82 -99 -169 169 -32768 -32768 -32768 -32768
40 84 -104 -186 186 -32768 -32768 -32768 -32768
41 94 -114 -218 218 -32768 -32768 -32768 -32768
42 79 -98 -215 215 -32768 -32768 -32768 -32768
43 57 -76 -234 234 -32768 -32768 -32768 -32768
44 62 -81 -243 245 -32768 -32768 -32768 -32768
45 45 -63 -254 253 -32768 -32768 -32768 -32768
46 36 -55 -256 257 -32768 -32768 -32768 -32768
47 52 -70 -284 284 -32768 -32768 -32768 -32768
48 56 -62 -267 266 -32768 -32768 -32768 -32768
49 126 -145 -210 210 -32768 -32768 -32768 -32768
50 156 -176 -177 173 -32768 -32768 -32768 -32768
51 181 -194 -152 153 -32768 -32768 -32768 -32768
52 176 -194 -134 135 -32768 -32768 -32768 -32768
