OSINK 7A
1
01.10.20
Osova
0.0 0.0
0.0
0.00 0.00
-1.00 -1.00
0.00 0.00
20000.00
0.0
50
50
N
1
52
1 57 -65 -129 129 -32768 -32768 -32768 -32768
2 57 -66 -129 129 -32768 -32768 -32768 -32768
3 57 -66 -129 129 -32768 -32768 -32768 -32768
4 57 -66 -130 129 -32768 -32768 -32768 -32768
5 57 -66 -130 129 -32768 -32768 -32768 -32768
6 57 -65 -130 129 -32768 -32768 -32768 -32768
7 57 -65 -130 129 -32768 -32768 -32768 -32768
8 56 -65 -130 129 -32768 -32768 -32768 -32768
9 56 -65 -130 129 -32768 -32768 -32768 -32768
10 56 -65 -130 129 -32768 -32768 -32768 -32768
11 57 -65 -129 129 -32768 -32768 -32768 -32768
12 57 -65 -129 129 -32768 -32768 -32768 -32768
13 132 -138 -140 138 -32768 -32768 -32768 -32768
14 132 -134 -101 102 -32768 -32768 -32768 -32768
15 125 -138 -164 163 -32768 -32768 -32768 -32768
16 152 -160 -202 198 -32768 -32768 -32768 -32768
17 169 -174 -74 72 -32768 -32768 -32768 -32768
18 159 -166 -15 14 -32768 -32768 -32768 -32768
19 129 -133 -18 18 -32768 -32768 -32768 -32768
20 139 -139 -51 50 -32768 -32768 -32768 -32768
21 103 -115 -70 70 -32768 -32768 -32768 -32768
22 86 -92 -53 50 -32768 -32768 -32768 -32768
23 73 -78 -42 42 -32768 -32768 -32768 -32768
24 70 -77 -25 24 -32768 -32768 -32768 -32768
25 69 -75 7 -11 -32768 -32768 -32768 -32768
26 85 -92 26 -25 -32768 -32768 -32768 -32768
27 110 -115 9 -9 -32768 -32768 -32768 -32768
28 185 -191 -39 38 -32768 -32768 -32768 -32768
29 217 -223 -61 60 -32768 -32768 -32768 -32768
30 228 -234 -70 69 -32768 -32768 -32768 -32768
31 214 -221 -93 91 -32768 -32768 -32768 -32768
32 221 -226 -111 110 -32768 -32768 -32768 -32768
33 204 -211 -130 131 -32768 -32768 -32768 -32768
34 181 -186 -132 132 -32768 -32768 -32768 -32768
35 186 -193 -214 211 -32768 -32768 -32768 -32768
36 151 -158 -165 165 -32768 -32768 -32768 -32768
37 123 -130 -175 174 -32768 -32768 -32768 -32768
38 100 -105 -174 176 -32768 -32768 -32768 -32768
39 88 -94 -169 168 -32768 -32768 -32768 -32768
40 90 -95 -184 183 -32768 -32768 -32768 -32768
41 99 -106 -216 215 -32768 -32768 -32768 -32768
42 86 -94 -216 217 -32768 -32768 -32768 -32768
43 64 -72 -234 232 -32768 -32768 -32768 -32768
44 69 -76 -243 245 -32768 -32768 -32768 -32768
45 52 -56 -253 252 -32768 -32768 -32768 -32768
46 43 -50 -257 256 -32768 -32768 -32768 -32768
47 58 -66 -284 284 -32768 -32768 -32768 -32768
48 51 -58 -266 265 -32768 -32768 -32768 -32768
49 134 -140 -210 210 -32768 -32768 -32768 -32768
50 164 -170 -175 174 -32768 -32768 -32768 -32768
51 184 -189 -151 152 -32768 -32768 -32768 -32768
52 182 -189 -134 134 -32768 -32768 -32768 -32768
