OSINK 7A
1
16.06.20
Osova
0.0 0.0
0.0
0.00 0.00
-1.00 -1.00
0.00 0.00
20000.00
0.0
50
50
N
1
52
1 -17 9 -188 193 -196 190 12 -8
2 -17 9 -189 193 -196 190 12 -8
3 -17 9 -189 193 -196 190 12 -8
4 -17 9 -189 193 -196 190 12 -8
5 -17 9 -188 193 -196 190 12 -8
6 -17 9 -188 193 -196 189 12 -8
7 -17 9 -189 193 -196 189 12 -8
8 -17 9 -189 193 -196 189 12 -7
9 -17 9 -189 193 -196 189 12 -7
10 -16 9 -188 193 -196 189 12 -7
11 -16 9 -188 193 -196 189 12 -7
12 -17 9 -189 193 -196 189 12 -7
13 76 -82 -156 159 -158 152 -77 80
14 99 -102 -147 149 -157 147 -98 102
15 110 -122 -142 144 -144 143 -113 116
16 113 -120 -111 116 -119 113 -115 119
17 134 -139 -105 109 -111 104 -137 141
18 149 -156 -92 92 -95 89 -150 151
19 126 -134 -96 100 -102 96 -131 134
20 129 -129 -95 98 -108 95 -128 132
21 100 -114 -76 80 -81 83 -107 111
22 76 -82 -62 66 -69 62 -79 84
23 61 -68 -52 55 -58 52 -63 66
24 62 -68 -32 33 -37 30 -64 65
25 61 -66 0 1 -2 -4 -61 63
26 75 -81 20 -15 14 -19 -75 79
27 99 -105 1 1 -3 -1 -100 102
28 177 -183 -40 44 -46 42 -179 183
29 209 -216 -62 65 -70 63 -210 214
30 221 -227 -71 74 -78 71 -221 224
31 207 -213 -94 96 -105 100 -211 213
32 212 -219 -110 113 -117 111 -217 219
33 195 -201 -128 132 -135 129 -198 201
34 175 -181 -135 141 -146 139 -178 183
35 175 -183 -207 208 -214 209 -177 180
36 149 -154 -168 171 -179 172 -151 152
37 117 -123 -176 179 -175 172 -120 121
38 94 -99 -175 181 -183 177 -95 100
39 86 -92 -167 170 -172 167 -88 92
40 85 -94 -184 188 -192 186 -91 94
41 94 -102 -215 216 -220 212 -99 103
42 84 -92 -215 219 -223 216 -89 94
43 62 -70 -234 237 -237 231 -64 66
44 65 -72 -242 247 -249 243 -68 74
45 51 -58 -253 256 -259 252 -55 58
46 42 -49 -256 260 -264 259 -49 52
47 57 -64 -282 286 -290 283 -61 66
48 49 -55 -264 267 -272 266 -53 56
49 137 -141 -206 212 -216 208 -134 141
50 164 -170 -172 175 -177 172 -168 171
51 183 -188 -150 154 -157 150 -185 188
52 181 -189 -132 136 -140 134 -183 189
