OSINK 7A
1
14.01.21
Osova
0.0 0.0
0.0
0.00 0.00
-1.00 -1.00
0.00 0.00
20000.00
0.0
50
50
N
1
52
1 87 -102 -142 144 -32768 -32768 -32768 -32768
2 87 -102 -142 144 -32768 -32768 -32768 -32768
3 87 -102 -142 144 -32768 -32768 -32768 -32768
4 87 -102 -142 144 -32768 -32768 -32768 -32768
5 87 -102 -142 144 -32768 -32768 -32768 -32768
6 87 -102 -142 143 -32768 -32768 -32768 -32768
7 86 -102 -142 143 -32768 -32768 -32768 -32768
8 86 -102 -142 143 -32768 -32768 -32768 -32768
9 86 -102 -142 143 -32768 -32768 -32768 -32768
10 86 -102 -142 144 -32768 -32768 -32768 -32768
11 86 -102 -142 144 -32768 -32768 -32768 -32768
12 86 -102 -142 144 -32768 -32768 -32768 -32768
13 116 -129 -127 128 -32768 -32768 -32768 -32768
14 110 -121 -100 101 -32768 -32768 -32768 -32768
15 136 -156 -225 227 -32768 -32768 -32768 -32768
16 172 -183 -164 165 -32768 -32768 -32768 -32768
17 167 -179 -29 25 -32768 -32768 -32768 -32768
18 155 -169 -1 0 -32768 -32768 -32768 -32768
19 125 -142 1 1 -32768 -32768 -32768 -32768
20 132 -144 -37 36 -32768 -32768 -32768 -32768
21 109 -124 -57 58 -32768 -32768 -32768 -32768
22 87 -100 -42 42 -32768 -32768 -32768 -32768
23 75 -87 -36 35 -32768 -32768 -32768 -32768
24 74 -89 -14 14 -32768 -32768 -32768 -32768
25 70 -81 22 -25 -32768 -32768 -32768 -32768
26 89 -103 29 -27 -32768 -32768 -32768 -32768
27 124 -135 1 -2 -32768 -32768 -32768 -32768
28 194 -205 -45 43 -32768 -32768 -32768 -32768
29 216 -231 -61 62 -32768 -32768 -32768 -32768
30 227 -241 -71 71 -32768 -32768 -32768 -32768
31 212 -226 -96 95 -32768 -32768 -32768 -32768
32 220 -234 -110 113 -32768 -32768 -32768 -32768
33 204 -214 -125 125 -32768 -32768 -32768 -32768
34 181 -194 -137 140 -32768 -32768 -32768 -32768
35 185 -200 -213 210 -32768 -32768 -32768 -32768
36 151 -163 -160 160 -32768 -32768 -32768 -32768
37 119 -133 -175 175 -32768 -32768 -32768 -32768
38 100 -111 -175 176 -32768 -32768 -32768 -32768
39 92 -100 -168 168 -32768 -32768 -32768 -32768
40 89 -101 -184 187 -32768 -32768 -32768 -32768
41 96 -111 -215 216 -32768 -32768 -32768 -32768
42 84 -97 -215 216 -32768 -32768 -32768 -32768
43 62 -77 -232 232 -32768 -32768 -32768 -32768
44 67 -81 -243 245 -32768 -32768 -32768 -32768
45 50 -62 -251 252 -32768 -32768 -32768 -32768
46 40 -54 -256 257 -32768 -32768 -32768 -32768
47 55 -69 -284 283 -32768 -32768 -32768 -32768
48 48 -62 -265 265 -32768 -32768 -32768 -32768
49 130 -144 -209 209 -32768 -32768 -32768 -32768
50 160 -173 -175 173 -32768 -32768 -32768 -32768
51 179 -193 -151 152 -32768 -32768 -32768 -32768
52 178 -193 -134 135 -32768 -32768 -32768 -32768
