OSINK 7A
1
22.10.20
Osova
0.0 0.0
0.0
0.00 0.00
-1.00 -1.00
0.00 0.00
20000.00
0.0
50
50
N
1
52
1 100 -60 -142 130 -32768 -32768 -32768 -32768
2 100 -60 -142 130 -32768 -32768 -32768 -32768
3 100 -60 -142 130 -32768 -32768 -32768 -32768
4 100 -60 -142 130 -32768 -32768 -32768 -32768
5 100 -60 -142 130 -32768 -32768 -32768 -32768
6 100 -60 -142 129 -32768 -32768 -32768 -32768
7 100 -60 -142 129 -32768 -32768 -32768 -32768
8 100 -60 -142 129 -32768 -32768 -32768 -32768
9 100 -60 -142 129 -32768 -32768 -32768 -32768
10 100 -60 -142 129 -32768 -32768 -32768 -32768
11 100 -60 -142 129 -32768 -32768 -32768 -32768
12 100 -60 -142 129 -32768 -32768 -32768 -32768
13 122 -128 -134 137 -32768 -32768 -32768 -32768
14 121 -129 -93 100 -32768 -32768 -32768 -32768
15 120 -134 -166 168 -32768 -32768 -32768 -32768
16 155 -164 -210 213 -32768 -32768 -32768 -32768
17 173 -180 -75 84 -32768 -32768 -32768 -32768
18 159 -170 -4 8 -32768 -32768 -32768 -32768
19 121 -133 -5 11 -32768 -32768 -32768 -32768
20 137 -145 -22 23 -32768 -32768 -32768 -32768
21 104 -119 -62 67 -32768 -32768 -32768 -32768
22 86 -97 -44 50 -32768 -32768 -32768 -32768
23 71 -82 -37 43 -32768 -32768 -32768 -32768
24 69 -80 -20 25 -32768 -32768 -32768 -32768
25 67 -78 12 -10 -32768 -32768 -32768 -32768
26 85 -94 31 -25 -32768 -32768 -32768 -32768
27 108 -117 12 -9 -32768 -32768 -32768 -32768
28 182 -188 -34 36 -32768 -32768 -32768 -32768
29 216 -224 -58 61 -32768 -32768 -32768 -32768
30 227 -236 -67 71 -32768 -32768 -32768 -32768
31 214 -224 -88 92 -32768 -32768 -32768 -32768
32 221 -230 -104 110 -32768 -32768 -32768 -32768
33 205 -217 -127 133 -32768 -32768 -32768 -32768
34 180 -189 -127 130 -32768 -32768 -32768 -32768
35 186 -197 -210 212 -32768 -32768 -32768 -32768
36 153 -161 -162 167 -32768 -32768 -32768 -32768
37 126 -134 -170 175 -32768 -32768 -32768 -32768
38 99 -108 -171 177 -32768 -32768 -32768 -32768
39 87 -97 -166 170 -32768 -32768 -32768 -32768
40 88 -98 -179 184 -32768 -32768 -32768 -32768
41 98 -108 -211 216 -32768 -32768 -32768 -32768
42 86 -95 -214 218 -32768 -32768 -32768 -32768
43 63 -73 -229 233 -32768 -32768 -32768 -32768
44 67 -78 -240 246 -32768 -32768 -32768 -32768
45 50 -60 -249 252 -32768 -32768 -32768 -32768
46 41 -51 -253 258 -32768 -32768 -32768 -32768
47 57 -66 -280 285 -32768 -32768 -32768 -32768
48 50 -59 -263 267 -32768 -32768 -32768 -32768
49 132 -139 -207 213 -32768 -32768 -32768 -32768
50 162 -171 -172 175 -32768 -32768 -32768 -32768
51 181 -190 -149 154 -32768 -32768 -32768 -32768
52 181 -190 -130 136 -32768 -32768 -32768 -32768
