OSINK 7A
1
17.09.20
Osova
0.0 0.0
0.0
0.00 0.00
-1.00 -1.00
0.00 0.00
20000.00
0.0
50
50
N
1
52
1 115 -104 -131 144 -32768 -32768 -32768 -32768
2 115 -104 -131 144 -32768 -32768 -32768 -32768
3 115 -104 -131 144 -32768 -32768 -32768 -32768
4 115 -104 -131 144 -32768 -32768 -32768 -32768
5 115 -104 -131 144 -32768 -32768 -32768 -32768
6 115 -104 -131 143 -32768 -32768 -32768 -32768
7 115 -104 -131 143 -32768 -32768 -32768 -32768
8 115 -104 -131 144 -32768 -32768 -32768 -32768
9 115 -104 -131 143 -32768 -32768 -32768 -32768
10 115 -104 -131 143 -32768 -32768 -32768 -32768
11 115 -104 -131 144 -32768 -32768 -32768 -32768
12 121 -104 -140 144 -32768 -32768 -32768 -32768
13 135 -141 -137 147 -32768 -32768 -32768 -32768
14 127 -134 -96 109 -32768 -32768 -32768 -32768
15 119 -136 -158 167 -32768 -32768 -32768 -32768
16 148 -156 -189 202 -32768 -32768 -32768 -32768
17 166 -174 -64 76 -32768 -32768 -32768 -32768
18 156 -166 -12 20 -32768 -32768 -32768 -32768
19 127 -136 -15 25 -32768 -32768 -32768 -32768
20 134 -140 -49 58 -32768 -32768 -32768 -32768
21 98 -110 -66 77 -32768 -32768 -32768 -32768
22 83 -94 -47 58 -32768 -32768 -32768 -32768
23 67 -78 -38 48 -32768 -32768 -32768 -32768
24 69 -78 -21 30 -32768 -32768 -32768 -32768
25 66 -77 11 -6 -32768 -32768 -32768 -32768
26 82 -93 30 -19 -32768 -32768 -32768 -32768
27 104 -115 15 -4 -32768 -32768 -32768 -32768
28 181 -190 -34 42 -32768 -32768 -32768 -32768
29 212 -223 -56 65 -32768 -32768 -32768 -32768
30 223 -234 -65 74 -32768 -32768 -32768 -32768
31 210 -220 -88 96 -32768 -32768 -32768 -32768
32 213 -223 -105 114 -32768 -32768 -32768 -32768
33 196 -208 -126 136 -32768 -32768 -32768 -32768
34 176 -185 -126 136 -32768 -32768 -32768 -32768
35 180 -191 -210 216 -32768 -32768 -32768 -32768
36 148 -158 -163 173 -32768 -32768 -32768 -32768
37 119 -130 -172 179 -32768 -32768 -32768 -32768
38 90 -104 -170 182 -32768 -32768 -32768 -32768
39 80 -94 -160 174 -32768 -32768 -32768 -32768
40 104 -96 -168 188 -32768 -32768 -32768 -32768
41 100 -106 -203 220 -32768 -32768 -32768 -32768
42 83 -94 -211 222 -32768 -32768 -32768 -32768
43 61 -73 -231 237 -32768 -32768 -32768 -32768
44 64 -76 -239 250 -32768 -32768 -32768 -32768
45 47 -57 -247 256 -32768 -32768 -32768 -32768
46 40 -50 -251 261 -32768 -32768 -32768 -32768
47 56 -66 -279 289 -32768 -32768 -32768 -32768
48 48 -59 -261 271 -32768 -32768 -32768 -32768
49 130 -140 -206 216 -32768 -32768 -32768 -32768
50 161 -170 -170 180 -32768 -32768 -32768 -32768
51 180 -191 -147 158 -32768 -32768 -32768 -32768
52 179 -190 -130 140 -32768 -32768 -32768 -32768
