OSINK 7A
1
18.02.21
Osova
0.0 0.0
0.0
0.00 0.00
-1.00 -1.00
0.00 0.00
20000.00
0.0
50
50
N
1
52
1 89 -102 -148 151 -32768 -32768 -32768 -32768
2 89 -102 -148 151 -32768 -32768 -32768 -32768
3 89 -102 -147 151 -32768 -32768 -32768 -32768
4 89 -102 -147 151 -32768 -32768 -32768 -32768
5 89 -102 -147 151 -32768 -32768 -32768 -32768
6 89 -102 -147 151 -32768 -32768 -32768 -32768
7 89 -102 -147 151 -32768 -32768 -32768 -32768
8 89 -102 -147 151 -32768 -32768 -32768 -32768
9 89 -102 -147 151 -32768 -32768 -32768 -32768
10 89 -102 -148 151 -32768 -32768 -32768 -32768
11 89 -102 -148 151 -32768 -32768 -32768 -32768
12 89 -102 -148 151 -32768 -32768 -32768 -32768
13 113 -130 -129 133 -32768 -32768 -32768 -32768
14 110 -124 -97 102 -32768 -32768 -32768 -32768
15 138 -158 -222 222 -32768 -32768 -32768 -32768
16 174 -188 -169 170 -32768 -32768 -32768 -32768
17 168 -182 -31 32 -32768 -32768 -32768 -32768
18 157 -172 5 -2 -32768 -32768 -32768 -32768
19 127 -143 4 1 -32768 -32768 -32768 -32768
20 137 -149 -29 34 -32768 -32768 -32768 -32768
21 111 -130 -56 60 -32768 -32768 -32768 -32768
22 92 -106 -38 44 -32768 -32768 -32768 -32768
23 75 -91 -34 36 -32768 -32768 -32768 -32768
24 75 -90 -14 17 -32768 -32768 -32768 -32768
25 69 -81 21 -24 -32768 -32768 -32768 -32768
26 88 -104 33 -27 -32768 -32768 -32768 -32768
27 117 -131 8 -6 -32768 -32768 -32768 -32768
28 188 -206 -38 43 -32768 -32768 -32768 -32768
29 216 -232 -59 64 -32768 -32768 -32768 -32768
30 227 -243 -68 72 -32768 -32768 -32768 -32768
31 213 -228 -91 95 -32768 -32768 -32768 -32768
32 220 -236 -108 113 -32768 -32768 -32768 -32768
33 204 -218 -124 130 -32768 -32768 -32768 -32768
34 180 -195 -130 132 -32768 -32768 -32768 -32768
35 187 -204 -212 212 -32768 -32768 -32768 -32768
36 151 -163 -161 163 -32768 -32768 -32768 -32768
37 123 -138 -173 175 -32768 -32768 -32768 -32768
38 98 -113 -171 177 -32768 -32768 -32768 -32768
39 86 -100 -167 170 -32768 -32768 -32768 -32768
40 87 -103 -181 185 -32768 -32768 -32768 -32768
41 97 -113 -214 217 -32768 -32768 -32768 -32768
42 84 -100 -214 218 -32768 -32768 -32768 -32768
43 61 -77 -229 232 -32768 -32768 -32768 -32768
44 67 -81 -240 246 -32768 -32768 -32768 -32768
45 50 -63 -248 253 -32768 -32768 -32768 -32768
46 38 -54 -254 257 -32768 -32768 -32768 -32768
47 55 -70 -281 286 -32768 -32768 -32768 -32768
48 47 -63 -264 268 -32768 -32768 -32768 -32768
49 123 -136 -210 213 -32768 -32768 -32768 -32768
50 157 -172 -173 177 -32768 -32768 -32768 -32768
51 179 -194 -149 156 -32768 -32768 -32768 -32768
52 177 -194 -131 138 -32768 -32768 -32768 -32768
