OSINK 7A
1
11.03.21
Osova
0.0 0.0
0.0
0.00 0.00
-1.00 -1.00
0.00 0.00
20000.00
0.0
50
50
N
1
52
1 104 -121 -133 143 -32768 -32768 -32768 -32768
2 105 -121 -133 143 -32768 -32768 -32768 -32768
3 105 -121 -133 143 -32768 -32768 -32768 -32768
4 105 -121 -133 143 -32768 -32768 -32768 -32768
5 105 -121 -133 143 -32768 -32768 -32768 -32768
6 105 -121 -133 143 -32768 -32768 -32768 -32768
7 105 -121 -133 143 -32768 -32768 -32768 -32768
8 105 -118 -133 143 -32768 -32768 -32768 -32768
9 105 -118 -133 143 -32768 -32768 -32768 -32768
10 105 -118 -133 143 -32768 -32768 -32768 -32768
11 105 -119 -133 143 -32768 -32768 -32768 -32768
12 105 -119 -133 143 -32768 -32768 -32768 -32768
13 116 -137 -122 134 -32768 -32768 -32768 -32768
14 109 -126 -96 105 -32768 -32768 -32768 -32768
15 138 -161 -222 226 -32768 -32768 -32768 -32768
16 177 -193 -162 172 -32768 -32768 -32768 -32768
17 166 -183 -20 31 -32768 -32768 -32768 -32768
18 155 -172 10 -1 -32768 -32768 -32768 -32768
19 127 -145 10 2 -32768 -32768 -32768 -32768
20 135 -152 -29 39 -32768 -32768 -32768 -32768
21 112 -131 -51 62 -32768 -32768 -32768 -32768
22 89 -105 -34 47 -32768 -32768 -32768 -32768
23 75 -93 -28 39 -32768 -32768 -32768 -32768
24 75 -93 -8 18 -32768 -32768 -32768 -32768
25 71 -82 28 -25 -32768 -32768 -32768 -32768
26 88 -105 36 -24 -32768 -32768 -32768 -32768
27 119 -136 10 -1 -32768 -32768 -32768 -32768
28 191 -211 -38 49 -32768 -32768 -32768 -32768
29 215 -234 -55 67 -32768 -32768 -32768 -32768
30 225 -244 -64 76 -32768 -32768 -32768 -32768
31 212 -228 -91 99 -32768 -32768 -32768 -32768
32 220 -237 -106 120 -32768 -32768 -32768 -32768
33 201 -217 -117 128 -32768 -32768 -32768 -32768
34 179 -196 -133 143 -32768 -32768 -32768 -32768
35 184 -203 -207 215 -32768 -32768 -32768 -32768
36 150 -163 -154 163 -32768 -32768 -32768 -32768
37 118 -137 -170 179 -32768 -32768 -32768 -32768
38 96 -113 -168 180 -32768 -32768 -32768 -32768
39 85 -100 -163 174 -32768 -32768 -32768 -32768
40 87 -104 -179 189 -32768 -32768 -32768 -32768
41 96 -114 -211 221 -32768 -32768 -32768 -32768
42 83 -100 -209 221 -32768 -32768 -32768 -32768
43 58 -78 -228 239 -32768 -32768 -32768 -32768
44 66 -82 -238 250 -32768 -32768 -32768 -32768
45 48 -64 -247 257 -32768 -32768 -32768 -32768
46 38 -54 -251 261 -32768 -32768 -32768 -32768
47 55 -71 -278 289 -32768 -32768 -32768 -32768
48 46 -64 -260 270 -32768 -32768 -32768 -32768
49 129 -143 -204 213 -32768 -32768 -32768 -32768
50 159 -176 -168 179 -32768 -32768 -32768 -32768
51 178 -194 -145 158 -32768 -32768 -32768 -32768
52 177 -194 -128 140 -32768 -32768 -32768 -32768
