OSINK 7A
1
04.02.21
Osova
0.0 0.0
0.0
0.00 0.00
-1.00 -1.00
0.00 0.00
20000.00
0.0
50
50
N
1
52
1 96 -117 -137 134 -32768 -32768 -32768 -32768
2 96 -115 -137 135 -32768 -32768 -32768 -32768
3 96 -115 -137 135 -32768 -32768 -32768 -32768
4 96 -115 -137 135 -32768 -32768 -32768 -32768
5 97 -115 -136 132 -32768 -32768 -32768 -32768
6 97 -115 -136 132 -32768 -32768 -32768 -32768
7 97 -115 -136 132 -32768 -32768 -32768 -32768
8 96 -115 -135 131 -32768 -32768 -32768 -32768
9 96 -115 -135 131 -32768 -32768 -32768 -32768
10 96 -115 -135 131 -32768 -32768 -32768 -32768
11 95 -115 -137 132 -32768 -32768 -32768 -32768
12 95 -115 -137 132 -32768 -32768 -32768 -32768
13 111 -133 -128 126 -32768 -32768 -32768 -32768
14 106 -127 -99 101 -32768 -32768 -32768 -32768
15 134 -162 -227 225 -32768 -32768 -32768 -32768
16 170 -189 -161 167 -32768 -32768 -32768 -32768
17 163 -185 -28 29 -32768 -32768 -32768 -32768
18 153 -174 1 -3 -32768 -32768 -32768 -32768
19 124 -146 1 0 -32768 -32768 -32768 -32768
20 131 -151 -33 31 -32768 -32768 -32768 -32768
21 107 -129 -57 58 -32768 -32768 -32768 -32768
22 84 -106 -40 42 -32768 -32768 -32768 -32768
23 72 -92 -35 35 -32768 -32768 -32768 -32768
24 71 -93 -14 15 -32768 -32768 -32768 -32768
25 65 -88 23 -26 -32768 -32768 -32768 -32768
26 85 -107 30 -27 -32768 -32768 -32768 -32768
27 115 -140 5 -3 -32768 -32768 -32768 -32768
28 185 -212 -41 44 -32768 -32768 -32768 -32768
29 212 -235 -60 62 -32768 -32768 -32768 -32768
30 225 -246 -71 71 -32768 -32768 -32768 -32768
31 210 -230 -96 94 -32768 -32768 -32768 -32768
32 216 -239 -114 115 -32768 -32768 -32768 -32768
33 199 -221 -124 127 -32768 -32768 -32768 -32768
34 177 -198 -138 139 -32768 -32768 -32768 -32768
35 182 -204 -213 210 -32768 -32768 -32768 -32768
36 146 -165 -160 159 -32768 -32768 -32768 -32768
37 115 -137 -175 175 -32768 -32768 -32768 -32768
38 95 -116 -173 176 -32768 -32768 -32768 -32768
39 82 -103 -168 169 -32768 -32768 -32768 -32768
40 83 -108 -184 187 -32768 -32768 -32768 -32768
41 94 -116 -215 215 -32768 -32768 -32768 -32768
42 81 -101 -215 215 -32768 -32768 -32768 -32768
43 57 -81 -231 232 -32768 -32768 -32768 -32768
44 63 -85 -242 245 -32768 -32768 -32768 -32768
45 45 -66 -252 252 -32768 -32768 -32768 -32768
46 35 -57 -256 257 -32768 -32768 -32768 -32768
47 51 -72 -283 284 -32768 -32768 -32768 -32768
48 44 -65 -265 266 -32768 -32768 -32768 -32768
49 127 -151 -209 208 -32768 -32768 -32768 -32768
50 156 -180 -173 173 -32768 -32768 -32768 -32768
51 175 -197 -150 153 -32768 -32768 -32768 -32768
52 174 -197 -132 134 -32768 -32768 -32768 -32768
