OSINK 7A
1
29.04.21
Osova
0.0 0.0
0.0
0.00 0.00
-1.00 -1.00
0.00 0.00
20000.00
0.0
50
50
N
1
52
1 105 -130 -140 150 -32768 -32768 -32768 -32768
2 105 -130 -140 150 -32768 -32768 -32768 -32768
3 105 -130 -139 150 -32768 -32768 -32768 -32768
4 105 -130 -139 150 -32768 -32768 -32768 -32768
5 105 -130 -139 150 -32768 -32768 -32768 -32768
6 105 -130 -139 150 -32768 -32768 -32768 -32768
7 105 -130 -139 150 -32768 -32768 -32768 -32768
8 105 -130 -139 150 -32768 -32768 -32768 -32768
9 100 -130 -139 150 -32768 -32768 -32768 -32768
10 100 -130 -139 150 -32768 -32768 -32768 -32768
11 100 -130 -139 150 -32768 -32768 -32768 -32768
12 100 -130 -139 150 -32768 -32768 -32768 -32768
13 113 -138 -119 129 -32768 -32768 -32768 -32768
14 107 -128 -92 108 -32768 -32768 -32768 -32768
15 137 -167 -218 239 -32768 -32768 -32768 -32768
16 177 -196 -155 171 -32768 -32768 -32768 -32768
17 164 -185 -15 28 -32768 -32768 -32768 -32768
18 152 -174 11 1 -32768 -32768 -32768 -32768
19 124 -147 12 3 -32768 -32768 -32768 -32768
20 133 -154 -29 44 -32768 -32768 -32768 -32768
21 112 -134 -46 63 -32768 -32768 -32768 -32768
22 89 -108 -29 48 -32768 -32768 -32768 -32768
23 74 -96 -24 40 -32768 -32768 -32768 -32768
24 74 -96 -3 17 -32768 -32768 -32768 -32768
25 69 -93 42 -25 -32768 -32768 -32768 -32768
26 86 -108 41 -21 -32768 -32768 -32768 -32768
27 121 -142 12 4 -32768 -32768 -32768 -32768
28 192 -215 -36 52 -32768 -32768 -32768 -32768
29 215 -236 -53 70 -32768 -32768 -32768 -32768
30 225 -246 -62 79 -32768 -32768 -32768 -32768
31 209 -231 -89 101 -32768 -32768 -32768 -32768
32 217 -240 -105 123 -32768 -32768 -32768 -32768
33 197 -217 -113 129 -32768 -32768 -32768 -32768
34 177 -199 -133 154 -32768 -32768 -32768 -32768
35 181 -205 -203 218 -32768 -32768 -32768 -32768
36 151 -171 -152 163 -32768 -32768 -32768 -32768
37 114 -139 -168 182 -32768 -32768 -32768 -32768
38 94 -116 -164 184 -32768 -32768 -32768 -32768
39 83 -103 -159 177 -32768 -32768 -32768 -32768
40 85 -107 -179 195 -32768 -32768 -32768 -32768
41 95 -115 -210 226 -32768 -32768 -32768 -32768
42 80 -102 -206 229 -32768 -32768 -32768 -32768
43 56 -79 -220 237 -32768 -32768 -32768 -32768
44 63 -85 -234 253 -32768 -32768 -32768 -32768
45 45 -66 -245 263 -32768 -32768 -32768 -32768
46 36 -58 -248 265 -32768 -32768 -32768 -32768
47 52 -74 -275 292 -32768 -32768 -32768 -32768
48 43 -65 -257 272 -32768 -32768 -32768 -32768
49 129 -156 -199 211 -32768 -32768 -32768 -32768
50 158 -179 -164 181 -32768 -32768 -32768 -32768
51 176 -196 -142 159 -32768 -32768 -32768 -32768
52 175 -196 -123 143 -32768 -32768 -32768 -32768
