OSINK 7A
1
19.11.20
Osova
0.0 0.0
0.0
0.00 0.00
-1.00 -1.00
0.00 0.00
20000.00
0.0
50
50
N
1
52
1 69 -81 -135 143 -32768 -32768 -32768 -32768
2 69 -81 -135 143 -32768 -32768 -32768 -32768
3 69 -81 -135 143 -32768 -32768 -32768 -32768
4 69 -81 -135 143 -32768 -32768 -32768 -32768
5 71 -81 -135 144 -32768 -32768 -32768 -32768
6 71 -81 -135 144 -32768 -32768 -32768 -32768
7 71 -81 -135 143 -32768 -32768 -32768 -32768
8 69 -81 -133 143 -32768 -32768 -32768 -32768
9 69 -81 -133 143 -32768 -32768 -32768 -32768
10 69 -83 -133 143 -32768 -32768 -32768 -32768
11 69 -83 -133 143 -32768 -32768 -32768 -32768
12 73 -80 -135 143 -32768 -32768 -32768 -32768
13 119 -133 -112 135 -32768 -32768 -32768 -32768
14 109 -122 -91 106 -32768 -32768 -32768 -32768
15 133 -151 -218 229 -32768 -32768 -32768 -32768
16 167 -177 -163 174 -32768 -32768 -32768 -32768
17 167 -177 -28 44 -32768 -32768 -32768 -32768
18 154 -165 0 11 -32768 -32768 -32768 -32768
19 123 -137 5 11 -32768 -32768 -32768 -32768
20 129 -141 -32 44 -32768 -32768 -32768 -32768
21 104 -118 -55 68 -32768 -32768 -32768 -32768
22 83 -94 -38 52 -32768 -32768 -32768 -32768
23 71 -84 -30 42 -32768 -32768 -32768 -32768
24 72 -84 -11 23 -32768 -32768 -32768 -32768
25 69 -80 24 -13 -32768 -32768 -32768 -32768
26 88 -100 33 -18 -32768 -32768 -32768 -32768
27 121 -134 9 4 -32768 -32768 -32768 -32768
28 194 -206 -36 53 -32768 -32768 -32768 -32768
29 216 -230 -56 71 -32768 -32768 -32768 -32768
30 228 -246 -64 76 -32768 -32768 -32768 -32768
31 212 -223 -90 102 -32768 -32768 -32768 -32768
32 220 -232 -106 123 -32768 -32768 -32768 -32768
33 200 -210 -119 132 -32768 -32768 -32768 -32768
34 181 -192 -135 144 -32768 -32768 -32768 -32768
35 185 -197 -207 218 -32768 -32768 -32768 -32768
36 141 -160 -157 166 -32768 -32768 -32768 -32768
37 117 -134 -170 182 -32768 -32768 -32768 -32768
38 96 -109 -168 183 -32768 -32768 -32768 -32768
39 86 -97 -162 175 -32768 -32768 -32768 -32768
40 87 -101 -178 193 -32768 -32768 -32768 -32768
41 98 -110 -212 224 -32768 -32768 -32768 -32768
42 83 -96 -209 225 -32768 -32768 -32768 -32768
43 62 -74 -227 240 -32768 -32768 -32768 -32768
44 66 -79 -237 251 -32768 -32768 -32768 -32768
45 48 -60 -248 260 -32768 -32768 -32768 -32768
46 39 -52 -249 263 -32768 -32768 -32768 -32768
47 56 -68 -277 291 -32768 -32768 -32768 -32768
48 47 -61 -259 269 -32768 -32768 -32768 -32768
49 133 -140 -202 215 -32768 -32768 -32768 -32768
50 162 -171 -167 181 -32768 -32768 -32768 -32768
51 180 -191 -146 159 -32768 -32768 -32768 -32768
52 179 -191 -128 142 -32768 -32768 -32768 -32768
