OSINK 7A
1
20.05.21
Osova
0.0 0.0
0.0
0.00 0.00
-1.00 -1.00
0.00 0.00
20000.00
0.0
50
50
N
1
52
1 106 -130 -144 154 -32768 -32768 -32768 -32768
2 106 -131 -144 154 -32768 -32768 -32768 -32768
3 106 -131 -144 154 -32768 -32768 -32768 -32768
4 106 -130 -144 154 -32768 -32768 -32768 -32768
5 106 -130 -142 154 -32768 -32768 -32768 -32768
6 106 -130 -142 154 -32768 -32768 -32768 -32768
7 106 -130 -144 154 -32768 -32768 -32768 -32768
8 106 -130 -144 153 -32768 -32768 -32768 -32768
9 106 -130 -144 153 -32768 -32768 -32768 -32768
10 106 -129 -144 153 -32768 -32768 -32768 -32768
11 108 -129 -143 153 -32768 -32768 -32768 -32768
12 108 -129 -143 153 -32768 -32768 -32768 -32768
13 114 -137 -110 132 -32768 -32768 -32768 -32768
14 108 -129 -93 109 -32768 -32768 -32768 -32768
15 135 -167 -223 237 -32768 -32768 -32768 -32768
16 186 -198 -152 175 -32768 -32768 -32768 -32768
17 163 -186 -13 33 -32768 -32768 -32768 -32768
18 155 -170 18 1 -32768 -32768 -32768 -32768
19 124 -150 15 6 -32768 -32768 -32768 -32768
20 135 -155 -25 45 -32768 -32768 -32768 -32768
21 113 -135 -44 63 -32768 -32768 -32768 -32768
22 89 -110 -29 49 -32768 -32768 -32768 -32768
23 75 -96 -22 40 -32768 -32768 -32768 -32768
24 74 -97 -1 18 -32768 -32768 -32768 -32768
25 66 -82 49 -29 -32768 -32768 -32768 -32768
26 87 -109 42 -20 -32768 -32768 -32768 -32768
27 120 -142 13 4 -32768 -32768 -32768 -32768
28 191 -213 -35 53 -32768 -32768 -32768 -32768
29 215 -237 -52 72 -32768 -32768 -32768 -32768
30 225 -247 -61 80 -32768 -32768 -32768 -32768
31 210 -232 -87 103 -32768 -32768 -32768 -32768
32 218 -240 -106 127 -32768 -32768 -32768 -32768
33 195 -218 -112 131 -32768 -32768 -32768 -32768
34 176 -199 -133 156 -32768 -32768 -32768 -32768
35 181 -202 -203 218 -32768 -32768 -32768 -32768
36 149 -172 -151 164 -32768 -32768 -32768 -32768
37 114 -129 -166 185 -32768 -32768 -32768 -32768
38 93 -116 -164 185 -32768 -32768 -32768 -32768
39 82 -103 -159 177 -32768 -32768 -32768 -32768
40 84 -106 -176 197 -32768 -32768 -32768 -32768
41 94 -116 -208 228 -32768 -32768 -32768 -32768
42 81 -102 -212 230 -32768 -32768 -32768 -32768
43 57 -80 -224 239 -32768 -32768 -32768 -32768
44 62 -84 -233 255 -32768 -32768 -32768 -32768
45 44 -65 -244 264 -32768 -32768 -32768 -32768
46 35 -58 -247 266 -32768 -32768 -32768 -32768
47 52 -72 -273 292 -32768 -32768 -32768 -32768
48 43 -65 -256 275 -32768 -32768 -32768 -32768
49 135 -150 -189 211 -32768 -32768 -32768 -32768
50 158 -179 -163 182 -32768 -32768 -32768 -32768
51 175 -197 -139 161 -32768 -32768 -32768 -32768
52 173 -196 -122 144 -32768 -32768 -32768 -32768
