OSINK 4A
1
16.03.21
Osova
0.0 0.0
0.0
0.00 0.00
-1.00 -1.00
0.00 0.00
20000.00
0.0
50
50
N
1
52
1 -265 242 82 -115 -32768 -32768 -32768 -32768
2 -265 242 82 -115 -32768 -32768 -32768 -32768
3 -265 240 82 -114 -32768 -32768 -32768 -32768
4 -213 193 116 -140 -32768 -32768 -32768 -32768
5 -233 212 90 -112 -32768 -32768 -32768 -32768
6 -265 244 48 -71 -32768 -32768 -32768 -32768
7 -255 235 14 -36 -32768 -32768 -32768 -32768
8 -254 236 7 -27 -32768 -32768 -32768 -32768
9 -244 225 4 -27 -32768 -32768 -32768 -32768
10 -231 211 13 -39 -32768 -32768 -32768 -32768
11 -195 175 5 -29 -32768 -32768 -32768 -32768
12 -159 139 0 -23 -32768 -32768 -32768 -32768
13 -106 92 -2 -17 -32768 -32768 -32768 -32768
14 313 -343 303 -318 -32768 -32768 -32768 -32768
15 -13 -26 41 -87 -32768 -32768 -32768 -32768
16 -15 -4 -12 -11 -32768 -32768 -32768 -32768
17 46 -64 -18 -4 -32768 -32768 -32768 -32768
18 71 -90 -19 -3 -32768 -32768 -32768 -32768
19 56 -77 -24 1 -32768 -32768 -32768 -32768
20 50 -68 -44 23 -32768 -32768 -32768 -32768
21 46 -66 -87 63 -32768 -32768 -32768 -32768
22 32 -54 -98 75 -32768 -32768 -32768 -32768
23 -12 -10 -86 64 -32768 -32768 -32768 -32768
24 -18 -3 -81 56 -32768 -32768 -32768 -32768
25 -56 38 -85 63 -32768 -32768 -32768 -32768
26 -87 67 -89 64 -32768 -32768 -32768 -32768
27 -105 85 -90 68 -32768 -32768 -32768 -32768
28 -116 95 -92 69 -32768 -32768 -32768 -32768
29 -140 119 -83 59 -32768 -32768 -32768 -32768
30 -147 126 -68 45 -32768 -32768 -32768 -32768
31 -138 120 -40 17 -32768 -32768 -32768 -32768
32 -142 122 10 -33 -32768 -32768 -32768 -32768
33 -138 119 42 -65 -32768 -32768 -32768 -32768
34 -70 49 40 -65 -32768 -32768 -32768 -32768
35 -81 60 56 -79 -32768 -32768 -32768 -32768
36 -99 80 47 -69 -32768 -32768 -32768 -32768
37 -94 74 27 -50 -32768 -32768 -32768 -32768
38 -133 113 23 -48 -32768 -32768 -32768 -32768
39 -170 149 24 -49 -32768 -32768 -32768 -32768
40 -188 168 22 -46 -32768 -32768 -32768 -32768
41 -190 170 -15 -4 -32768 -32768 -32768 -32768
42 -195 175 -26 4 -32768 -32768 -32768 -32768
43 -180 157 -21 0 -32768 -32768 -32768 -32768
44 -166 146 7 -32 -32768 -32768 -32768 -32768
45 -155 137 46 -67 -32768 -32768 -32768 -32768
46 -177 155 69 -93 -32768 -32768 -32768 -32768
47 -228 208 60 -82 -32768 -32768 -32768 -32768
48 -308 284 146 -171 -32768 -32768 -32768 -32768
49 -252 235 133 -155 -32768 -32768 -32768 -32768
50 -194 175 104 -129 -32768 -32768 -32768 -32768
51 -188 168 124 -149 -32768 -32768 -32768 -32768
52 -148 129 204 -225 -32768 -32768 -32768 -32768
