OSINK 4A
1
02.09.20
Osova
0.0 0.0
0.0
0.00 0.00
-1.00 -1.00
0.00 0.00
20000.00
0.0
50
50
N
1
52
1 -206 189 87 -94 -32768 -32768 -32768 -32768
2 -206 189 87 -94 -32768 -32768 -32768 -32768
3 -206 189 87 -94 -32768 -32768 -32768 -32768
4 -214 195 118 -123 -32768 -32768 -32768 -32768
5 -197 182 120 -125 -32768 -32768 -32768 -32768
6 -263 247 63 -66 -32768 -32768 -32768 -32768
7 -247 231 31 -36 -32768 -32768 -32768 -32768
8 -248 232 17 -20 -32768 -32768 -32768 -32768
9 -240 225 15 -18 -32768 -32768 -32768 -32768
10 -231 216 22 -28 -32768 -32768 -32768 -32768
11 -205 188 18 -24 -32768 -32768 -32768 -32768
12 -164 147 11 -16 -32768 -32768 -32768 -32768
13 -128 112 0 -1 -32768 -32768 -32768 -32768
14 104 -134 156 -170 -32768 -32768 -32768 -32768
15 19 -47 90 -110 -32768 -32768 -32768 -32768
16 -30 14 -2 -2 -32768 -32768 -32768 -32768
17 32 -49 -7 3 -32768 -32768 -32768 -32768
18 69 -86 -11 7 -32768 -32768 -32768 -32768
19 56 -72 -11 10 -32768 -32768 -32768 -32768
20 50 -66 -31 27 -32768 -32768 -32768 -32768
21 42 -58 -73 68 -32768 -32768 -32768 -32768
22 36 -53 -90 86 -32768 -32768 -32768 -32768
23 -11 -5 -77 72 -32768 -32768 -32768 -32768
24 -16 0 -72 70 -32768 -32768 -32768 -32768
25 -52 37 -74 71 -32768 -32768 -32768 -32768
26 -85 70 -79 74 -32768 -32768 -32768 -32768
27 -104 88 -80 76 -32768 -32768 -32768 -32768
28 -114 98 -84 79 -32768 -32768 -32768 -32768
29 -139 123 -72 68 -32768 -32768 -32768 -32768
30 -148 130 -62 59 -32768 -32768 -32768 -32768
31 -140 125 -34 30 -32768 -32768 -32768 -32768
32 -140 125 13 -18 -32768 -32768 -32768 -32768
33 -142 125 49 -53 -32768 -32768 -32768 -32768
34 -73 55 51 -55 -32768 -32768 -32768 -32768
35 -78 62 64 -70 -32768 -32768 -32768 -32768
36 -101 84 58 -61 -32768 -32768 -32768 -32768
37 -95 78 36 -42 -32768 -32768 -32768 -32768
38 -132 115 31 -39 -32768 -32768 -32768 -32768
39 -168 151 31 -39 -32768 -32768 -32768 -32768
40 -187 171 31 -37 -32768 -32768 -32768 -32768
41 -190 173 -5 0 -32768 -32768 -32768 -32768
42 -194 178 -18 14 -32768 -32768 -32768 -32768
43 -178 162 -13 9 -32768 -32768 -32768 -32768
44 -165 149 16 -22 -32768 -32768 -32768 -32768
45 -155 139 55 -60 -32768 -32768 -32768 -32768
46 -174 158 79 -84 -32768 -32768 -32768 -32768
47 -226 213 71 -76 -32768 -32768 -32768 -32768
48 -302 282 152 -159 -32768 -32768 -32768 -32768
49 -248 231 141 -144 -32768 -32768 -32768 -32768
50 -196 180 116 -122 -32768 -32768 -32768 -32768
51 -187 168 140 -145 -32768 -32768 -32768 -32768
52 -148 128 218 -227 -32768 -32768 -32768 -32768
