OSINK 4A
1
02.03.21
Osova
0.0 0.0
0.0
0.00 0.00
-1.00 -1.00
0.00 0.00
20000.00
0.0
50
50
N
1
52
1 -209 186 81 -84 -32768 -32768 -32768 -32768
2 -209 186 81 -84 -32768 -32768 -32768 -32768
3 -209 186 81 -84 -32768 -32768 -32768 -32768
4 -209 191 131 -124 -32768 -32768 -32768 -32768
5 -229 212 106 -99 -32768 -32768 -32768 -32768
6 -264 246 63 -56 -32768 -32768 -32768 -32768
7 -254 237 28 -22 -32768 -32768 -32768 -32768
8 -255 239 19 -12 -32768 -32768 -32768 -32768
9 -244 227 19 -12 -32768 -32768 -32768 -32768
10 -231 213 27 -23 -32768 -32768 -32768 -32768
11 -195 177 20 -14 -32768 -32768 -32768 -32768
12 -160 142 14 -8 -32768 -32768 -32768 -32768
13 -99 88 27 -5 -32768 -32768 -32768 -32768
14 292 -350 299 -307 -32768 -32768 -32768 -32768
15 5 -20 72 -68 -32768 -32768 -32768 -32768
16 -19 -1 1 4 -32768 -32768 -32768 -32768
17 45 -59 -4 11 -32768 -32768 -32768 -32768
18 69 -88 -4 12 -32768 -32768 -32768 -32768
19 57 -73 -10 15 -32768 -32768 -32768 -32768
20 50 -66 -30 37 -32768 -32768 -32768 -32768
21 45 -62 -72 76 -32768 -32768 -32768 -32768
22 37 -54 -85 91 -32768 -32768 -32768 -32768
23 -10 -7 -71 77 -32768 -32768 -32768 -32768
24 -16 -1 -66 73 -32768 -32768 -32768 -32768
25 -53 38 -70 77 -32768 -32768 -32768 -32768
26 -86 69 -76 79 -32768 -32768 -32768 -32768
27 -105 87 -76 84 -32768 -32768 -32768 -32768
28 -116 98 -78 85 -32768 -32768 -32768 -32768
29 -139 123 -69 74 -32768 -32768 -32768 -32768
30 -147 129 -55 63 -32768 -32768 -32768 -32768
31 -139 122 -28 34 -32768 -32768 -32768 -32768
32 -141 126 18 -19 -32768 -32768 -32768 -32768
33 -139 124 54 -50 -32768 -32768 -32768 -32768
34 -72 53 55 -50 -32768 -32768 -32768 -32768
35 -79 64 69 -64 -32768 -32768 -32768 -32768
36 -100 84 61 -55 -32768 -32768 -32768 -32768
37 -94 78 41 -35 -32768 -32768 -32768 -32768
38 -133 116 37 -33 -32768 -32768 -32768 -32768
39 -170 152 38 -33 -32768 -32768 -32768 -32768
40 -187 171 37 -30 -32768 -32768 -32768 -32768
41 -188 173 -2 8 -32768 -32768 -32768 -32768
42 -194 178 -14 19 -32768 -32768 -32768 -32768
43 -178 161 -9 15 -32768 -32768 -32768 -32768
44 -165 149 21 -17 -32768 -32768 -32768 -32768
45 -157 140 60 -52 -32768 -32768 -32768 -32768
46 -175 157 83 -78 -32768 -32768 -32768 -32768
47 -223 215 73 -69 -32768 -32768 -32768 -32768
48 -310 286 157 -156 -32768 -32768 -32768 -32768
49 -255 239 148 -141 -32768 -32768 -32768 -32768
50 -194 178 118 -114 -32768 -32768 -32768 -32768
51 -188 169 138 -134 -32768 -32768 -32768 -32768
52 -148 130 219 -212 -32768 -32768 -32768 -32768
