OSINK 4A
1
25.11.20
Osova
0.0 0.0
0.0
0.00 0.00
-1.00 -1.00
0.00 0.00
20000.00
0.0
50
50
N
1
52
1 -209 194 102 -108 -32768 -32768 -32768 -32768
2 -209 194 101 -108 -32768 -32768 -32768 -32768
3 -209 194 101 -108 -32768 -32768 -32768 -32768
4 -208 195 126 -132 -32768 -32768 -32768 -32768
5 -227 215 96 -102 -32768 -32768 -32768 -32768
6 -259 244 58 -64 -32768 -32768 -32768 -32768
7 -249 236 24 -31 -32768 -32768 -32768 -32768
8 -251 238 16 -21 -32768 -32768 -32768 -32768
9 -241 228 14 -21 -32768 -32768 -32768 -32768
10 -227 212 22 -30 -32768 -32768 -32768 -32768
11 -193 178 15 -22 -32768 -32768 -32768 -32768
12 -158 143 10 -16 -32768 -32768 -32768 -32768
13 -107 93 4 -10 -32768 -32768 -32768 -32768
14 301 -327 304 -302 -32768 -32768 -32768 -32768
15 -34 0 26 -56 -32768 -32768 -32768 -32768
16 -14 -1 -5 -1 -32768 -32768 -32768 -32768
17 49 -61 -11 3 -32768 -32768 -32768 -32768
18 70 -84 -12 5 -32768 -32768 -32768 -32768
19 52 -71 -19 9 -32768 -32768 -32768 -32768
20 44 -63 -33 33 -32768 -32768 -32768 -32768
21 48 -59 -82 73 -32768 -32768 -32768 -32768
22 36 -50 -89 84 -32768 -32768 -32768 -32768
23 -12 0 -79 71 -32768 -32768 -32768 -32768
24 -18 3 -72 67 -32768 -32768 -32768 -32768
25 -58 38 -78 69 -32768 -32768 -32768 -32768
26 -86 71 -81 73 -32768 -32768 -32768 -32768
27 -104 90 -83 76 -32768 -32768 -32768 -32768
28 -117 107 -83 74 -32768 -32768 -32768 -32768
29 -140 125 -75 67 -32768 -32768 -32768 -32768
30 -147 132 -59 52 -32768 -32768 -32768 -32768
31 -138 124 -33 24 -32768 -32768 -32768 -32768
32 -140 126 15 -25 -32768 -32768 -32768 -32768
33 -139 125 50 -57 -32768 -32768 -32768 -32768
34 -72 53 50 -56 -32768 -32768 -32768 -32768
35 -81 43 63 -56 -32768 -32768 -32768 -32768
36 -100 84 58 -60 -32768 -32768 -32768 -32768
37 -94 80 35 -44 -32768 -32768 -32768 -32768
38 -134 119 32 -41 -32768 -32768 -32768 -32768
39 -168 153 34 -41 -32768 -32768 -32768 -32768
40 -186 171 32 -39 -32768 -32768 -32768 -32768
41 -189 174 -10 0 -32768 -32768 -32768 -32768
42 -196 180 -19 11 -32768 -32768 -32768 -32768
43 -175 162 -13 7 -32768 -32768 -32768 -32768
44 -164 150 17 -25 -32768 -32768 -32768 -32768
45 -155 141 55 -60 -32768 -32768 -32768 -32768
46 -174 158 78 -86 -32768 -32768 -32768 -32768
47 -228 220 70 -78 -32768 -32768 -32768 -32768
48 -303 286 155 -162 -32768 -32768 -32768 -32768
49 -251 240 142 -150 -32768 -32768 -32768 -32768
50 -194 181 114 -121 -32768 -32768 -32768 -32768
51 -185 170 135 -144 -32768 -32768 -32768 -32768
52 -147 128 214 -228 -32768 -32768 -32768 -32768
