OSINK 4A
1
25.05.21
Osova
0.0 0.0
0.0
0.00 0.00
-1.00 -1.00
0.00 0.00
20000.00
0.0
50
50
N
1
52
1 -239 220 105 -110 -32768 -32768 -32768 -32768
2 -239 220 105 -110 -32768 -32768 -32768 -32768
3 -239 219 105 -103 -32768 -32768 -32768 -32768
4 -212 193 136 -125 -32768 -32768 -32768 -32768
5 -237 218 101 -91 -32768 -32768 -32768 -32768
6 -265 245 62 -50 -32768 -32768 -32768 -32768
7 -255 239 29 -18 -32768 -32768 -32768 -32768
8 -257 237 23 -11 -32768 -32768 -32768 -32768
9 -245 226 20 -10 -32768 -32768 -32768 -32768
10 -232 212 29 -22 -32768 -32768 -32768 -32768
11 -194 173 21 -13 -32768 -32768 -32768 -32768
12 -156 138 16 -5 -32768 -32768 -32768 -32768
13 -99 73 19 -11 -32768 -32768 -32768 -32768
14 349 -386 343 -321 -32768 -32768 -32768 -32768
15 -6 10 62 -32 -32768 -32768 -32768 -32768
16 -11 -10 2 6 -32768 -32768 -32768 -32768
17 51 -75 -1 11 -32768 -32768 -32768 -32768
18 70 -87 -2 12 -32768 -32768 -32768 -32768
19 56 -76 -8 20 -32768 -32768 -32768 -32768
20 46 -65 -32 44 -32768 -32768 -32768 -32768
21 46 -66 -73 81 -32768 -32768 -32768 -32768
22 33 -53 -79 89 -32768 -32768 -32768 -32768
23 -12 -6 -71 79 -32768 -32768 -32768 -32768
24 -17 -1 -64 75 -32768 -32768 -32768 -32768
25 -60 41 -70 80 -32768 -32768 -32768 -32768
26 -88 68 -71 81 -32768 -32768 -32768 -32768
27 -103 84 -76 86 -32768 -32768 -32768 -32768
28 -117 98 -74 84 -32768 -32768 -32768 -32768
29 -138 119 -67 77 -32768 -32768 -32768 -32768
30 -146 126 -49 60 -32768 -32768 -32768 -32768
31 -137 119 -23 33 -32768 -32768 -32768 -32768
32 -142 123 27 -18 -32768 -32768 -32768 -32768
33 -138 118 57 -49 -32768 -32768 -32768 -32768
34 -67 44 58 -48 -32768 -32768 -32768 -32768
35 -81 62 73 -65 -32768 -32768 -32768 -32768
36 -97 78 61 -50 -32768 -32768 -32768 -32768
37 -95 76 44 -34 -32768 -32768 -32768 -32768
38 -135 117 41 -32 -32768 -32768 -32768 -32768
39 -172 152 40 -31 -32768 -32768 -32768 -32768
40 -187 168 39 -29 -32768 -32768 -32768 -32768
41 -189 169 -2 13 -32768 -32768 -32768 -32768
42 -196 176 -11 21 -32768 -32768 -32768 -32768
43 -175 157 -3 16 -32768 -32768 -32768 -32768
44 -165 146 26 -16 -32768 -32768 -32768 -32768
45 -155 136 67 -56 -32768 -32768 -32768 -32768
46 -175 155 84 -76 -32768 -32768 -32768 -32768
47 -222 218 78 -69 -32768 -32768 -32768 -32768
48 -307 284 166 -159 -32768 -32768 -32768 -32768
49 -249 226 148 -135 -32768 -32768 -32768 -32768
50 -193 173 121 -112 -32768 -32768 -32768 -32768
51 -186 166 144 -135 -32768 -32768 -32768 -32768
52 -146 121 225 -228 -32768 -32768 -32768 -32768
