OSINK 4A
1
01.10.21
Osova
0.0 0.0
0.0
0.00 0.00
-1.00 -1.00
0.00 0.00
20000.00
0.0
50
50
N
1
52
1 -243 204 96 -86 -32768 -32768 -32768 -32768
2 -243 204 96 -86 -32768 -32768 -32768 -32768
3 -243 204 96 -86 -32768 -32768 -32768 -32768
4 -227 197 132 -124 -32768 -32768 -32768 -32768
5 -246 217 105 -96 -32768 -32768 -32768 -32768
6 -276 247 63 -54 -32768 -32768 -32768 -32768
7 -266 237 28 -24 -32768 -32768 -32768 -32768
8 -260 231 24 -10 -32768 -32768 -32768 -32768
9 -250 227 21 -17 -32768 -32768 -32768 -32768
10 -239 206 29 -22 -32768 -32768 -32768 -32768
11 -203 171 21 -18 -32768 -32768 -32768 -32768
12 -166 138 16 -6 -32768 -32768 -32768 -32768
13 -98 80 29 -5 -32768 -32768 -32768 -32768
14 368 -406 361 -333 -32768 -32768 -32768 -32768
15 -1 -10 75 -55 -32768 -32768 -32768 -32768
16 -21 -12 3 1 -32768 -32768 -32768 -32768
17 40 -69 -1 10 -32768 -32768 -32768 -32768
18 64 -94 -4 12 -32768 -32768 -32768 -32768
19 53 -81 -8 17 -32768 -32768 -32768 -32768
20 42 -71 -31 40 -32768 -32768 -32768 -32768
21 43 -71 -73 80 -32768 -32768 -32768 -32768
22 33 -59 -84 91 -32768 -32768 -32768 -32768
23 -12 -13 -69 77 -32768 -32768 -32768 -32768
24 -18 -9 -66 74 -32768 -32768 -32768 -32768
25 -59 32 -69 78 -32768 -32768 -32768 -32768
26 -89 60 -72 79 -32768 -32768 -32768 -32768
27 -106 77 -76 84 -32768 -32768 -32768 -32768
28 -117 90 -76 83 -32768 -32768 -32768 -32768
29 -140 112 -66 74 -32768 -32768 -32768 -32768
30 -148 118 -51 60 -32768 -32768 -32768 -32768
31 -139 112 -24 32 -32768 -32768 -32768 -32768
32 -146 115 29 -15 -32768 -32768 -32768 -32768
33 -139 112 58 -49 -32768 -32768 -32768 -32768
34 -72 41 58 -49 -32768 -32768 -32768 -32768
35 -85 54 72 -65 -32768 -32768 -32768 -32768
36 -103 72 63 -53 -32768 -32768 -32768 -32768
37 -97 69 45 -35 -32768 -32768 -32768 -32768
38 -136 108 40 -32 -32768 -32768 -32768 -32768
39 -173 143 39 -33 -32768 -32768 -32768 -32768
40 -191 162 38 -30 -32768 -32768 -32768 -32768
41 -193 164 1 5 -32768 -32768 -32768 -32768
42 -199 170 -11 19 -32768 -32768 -32768 -32768
43 -179 153 -5 16 -32768 -32768 -32768 -32768
44 -169 142 24 -16 -32768 -32768 -32768 -32768
45 -160 132 61 -54 -32768 -32768 -32768 -32768
46 -181 150 84 -77 -32768 -32768 -32768 -32768
47 -232 204 74 -66 -32768 -32768 -32768 -32768
48 -317 282 163 -161 -32768 -32768 -32768 -32768
49 -256 222 148 -137 -32768 -32768 -32768 -32768
50 -195 166 120 -112 -32768 -32768 -32768 -32768
51 -190 161 141 -134 -32768 -32768 -32768 -32768
52 -152 124 218 -209 -32768 -32768 -32768 -32768
