OSINK 4A
1
17.06.21
Osova
0.0 0.0
0.0
0.00 0.00
-1.00 -1.00
0.00 0.00
20000.00
0.0
50
50
N
1
52
1 -240 217 107 -97 -32768 -32768 -32768 -32768
2 -240 218 107 -97 -32768 -32768 -32768 -32768
3 -240 218 107 -97 -32768 -32768 -32768 -32768
4 -213 196 133 -125 -32768 -32768 -32768 -32768
5 -233 217 98 -90 -32768 -32768 -32768 -32768
6 -261 244 59 -52 -32768 -32768 -32768 -32768
7 -247 238 23 -19 -32768 -32768 -32768 -32768
8 -255 239 20 -11 -32768 -32768 -32768 -32768
9 -244 228 19 -11 -32768 -32768 -32768 -32768
10 -231 214 27 -22 -32768 -32768 -32768 -32768
11 -194 177 19 -13 -32768 -32768 -32768 -32768
12 -157 139 13 -7 -32768 -32768 -32768 -32768
13 -77 75 39 -11 -32768 -32768 -32768 -32768
14 355 -382 350 -320 -32768 -32768 -32768 -32768
15 -22 9 42 -36 -32768 -32768 -32768 -32768
16 -10 -7 1 4 -32768 -32768 -32768 -32768
17 50 -67 -2 10 -32768 -32768 -32768 -32768
18 70 -86 -3 11 -32768 -32768 -32768 -32768
19 58 -75 -9 18 -32768 -32768 -32768 -32768
20 47 -65 -35 42 -32768 -32768 -32768 -32768
21 48 -65 -75 81 -32768 -32768 -32768 -32768
22 34 -53 -81 89 -32768 -32768 -32768 -32768
23 -10 -7 -71 77 -32768 -32768 -32768 -32768
24 -16 -1 -65 72 -32768 -32768 -32768 -32768
25 -57 39 -69 78 -32768 -32768 -32768 -32768
26 -86 68 -72 79 -32768 -32768 -32768 -32768
27 -102 83 -77 85 -32768 -32768 -32768 -32768
28 -116 100 -75 81 -32768 -32768 -32768 -32768
29 -136 120 -68 75 -32768 -32768 -32768 -32768
30 -146 126 -50 57 -32768 -32768 -32768 -32768
31 -135 119 -23 31 -32768 -32768 -32768 -32768
32 -140 121 26 -20 -32768 -32768 -32768 -32768
33 -134 117 59 -50 -32768 -32768 -32768 -32768
34 -65 47 57 -49 -32768 -32768 -32768 -32768
35 -85 62 74 -66 -32768 -32768 -32768 -32768
36 -96 78 60 -52 -32768 -32768 -32768 -32768
37 -93 76 43 -35 -32768 -32768 -32768 -32768
38 -135 119 41 -33 -32768 -32768 -32768 -32768
39 -170 151 39 -33 -32768 -32768 -32768 -32768
40 -186 168 38 -30 -32768 -32768 -32768 -32768
41 -188 167 -3 12 -32768 -32768 -32768 -32768
42 -194 176 -11 19 -32768 -32768 -32768 -32768
43 -173 156 -5 13 -32768 -32768 -32768 -32768
44 -165 147 28 -17 -32768 -32768 -32768 -32768
45 -155 137 66 -55 -32768 -32768 -32768 -32768
46 -175 156 85 -77 -32768 -32768 -32768 -32768
47 -235 217 78 -68 -32768 -32768 -32768 -32768
48 -308 284 166 -159 -32768 -32768 -32768 -32768
49 -249 230 149 -139 -32768 -32768 -32768 -32768
50 -190 173 122 -113 -32768 -32768 -32768 -32768
51 -186 163 142 -139 -32768 -32768 -32768 -32768
52 -143 125 234 -220 -32768 -32768 -32768 -32768
