OSINK 4A
1
18.11.20
Osova
0.0 0.0
0.0
0.00 0.00
-1.00 -1.00
0.00 0.00
20000.00
0.0
50
50
N
1
52
1 -211 192 109 -100 -32768 -32768 -32768 -32768
2 -211 192 109 -100 -32768 -32768 -32768 -32768
3 -211 192 109 -100 -32768 -32768 -32768 -32768
4 -207 191 129 -129 -32768 -32768 -32768 -32768
5 -226 214 97 -98 -32768 -32768 -32768 -32768
6 -258 242 61 -60 -32768 -32768 -32768 -32768
7 -248 233 27 -26 -32768 -32768 -32768 -32768
8 -252 235 19 -17 -32768 -32768 -32768 -32768
9 -241 225 18 -17 -32768 -32768 -32768 -32768
10 -227 210 26 -27 -32768 -32768 -32768 -32768
11 -193 177 19 -18 -32768 -32768 -32768 -32768
12 -156 142 13 -13 -32768 -32768 -32768 -32768
13 -108 95 7 -4 -32768 -32768 -32768 -32768
14 292 -330 301 -300 -32768 -32768 -32768 -32768
15 -24 0 41 -49 -32768 -32768 -32768 -32768
16 -16 0 0 2 -32768 -32768 -32768 -32768
17 47 -63 -6 7 -32768 -32768 -32768 -32768
18 71 -87 -7 8 -32768 -32768 -32768 -32768
19 57 -74 -12 13 -32768 -32768 -32768 -32768
20 49 -66 -34 35 -32768 -32768 -32768 -32768
21 47 -63 -77 76 -32768 -32768 -32768 -32768
22 35 -50 -86 86 -32768 -32768 -32768 -32768
23 -10 -4 -74 74 -32768 -32768 -32768 -32768
24 -16 0 -69 70 -32768 -32768 -32768 -32768
25 -54 41 -73 74 -32768 -32768 -32768 -32768
26 -87 70 -77 76 -32768 -32768 -32768 -32768
27 -103 87 -79 80 -32768 -32768 -32768 -32768
28 -116 101 -79 79 -32768 -32768 -32768 -32768
29 -139 123 -70 71 -32768 -32768 -32768 -32768
30 -147 130 -55 55 -32768 -32768 -32768 -32768
31 -137 122 -29 28 -32768 -32768 -32768 -32768
32 -140 125 20 -21 -32768 -32768 -32768 -32768
33 -139 121 54 -54 -32768 -32768 -32768 -32768
34 -71 52 54 -53 -32768 -32768 -32768 -32768
35 -77 64 67 -69 -32768 -32768 -32768 -32768
36 -99 82 61 -58 -32768 -32768 -32768 -32768
37 -93 77 40 -39 -32768 -32768 -32768 -32768
38 -130 112 36 -35 -32768 -32768 -32768 -32768
39 -168 150 37 -39 -32768 -32768 -32768 -32768
40 -185 170 36 -35 -32768 -32768 -32768 -32768
41 -189 172 -1 4 -32768 -32768 -32768 -32768
42 -195 177 -14 15 -32768 -32768 -32768 -32768
43 -176 158 -9 10 -32768 -32768 -32768 -32768
44 -164 147 20 -21 -32768 -32768 -32768 -32768
45 -155 138 58 -59 -32768 -32768 -32768 -32768
46 -173 157 82 -82 -32768 -32768 -32768 -32768
47 -226 216 74 -74 -32768 -32768 -32768 -32768
48 -303 283 158 -160 -32768 -32768 -32768 -32768
49 -251 231 147 -143 -32768 -32768 -32768 -32768
50 -192 177 118 -118 -32768 -32768 -32768 -32768
51 -186 166 137 -143 -32768 -32768 -32768 -32768
52 -145 129 218 -221 -32768 -32768 -32768 -32768
