OSINK 4A
1
16.12.20
Osova
0.0 0.0
0.0
0.00 0.00
-1.00 -1.00
0.00 0.00
20000.00
0.0
50
50
N
1
52
1 -213 199 108 -99 -32768 -32768 -32768 -32768
2 -213 199 108 -100 -32768 -32768 -32768 -32768
3 -213 199 108 -100 -32768 -32768 -32768 -32768
4 -207 191 132 -125 -32768 -32768 -32768 -32768
5 -227 212 104 -97 -32768 -32768 -32768 -32768
6 -259 243 64 -56 -32768 -32768 -32768 -32768
7 -250 234 31 -22 -32768 -32768 -32768 -32768
8 -252 236 22 -14 -32768 -32768 -32768 -32768
9 -241 226 20 -12 -32768 -32768 -32768 -32768
10 -231 214 29 -25 -32768 -32768 -32768 -32768
11 -195 180 22 -16 -32768 -32768 -32768 -32768
12 -156 146 16 -13 -32768 -32768 -32768 -32768
13 -106 91 11 -1 -32768 -32768 -32768 -32768
14 287 -321 299 -290 -32768 -32768 -32768 -32768
15 0 -16 67 -68 -32768 -32768 -32768 -32768
16 -15 0 2 5 -32768 -32768 -32768 -32768
17 46 -62 -2 10 -32768 -32768 -32768 -32768
18 73 -86 -3 11 -32768 -32768 -32768 -32768
19 60 -73 -8 16 -32768 -32768 -32768 -32768
20 50 -65 -29 37 -32768 -32768 -32768 -32768
21 47 -63 -71 77 -32768 -32768 -32768 -32768
22 34 -51 -82 90 -32768 -32768 -32768 -32768
23 -10 -5 -70 77 -32768 -32768 -32768 -32768
24 -15 1 -65 73 -32768 -32768 -32768 -32768
25 -55 42 -71 77 -32768 -32768 -32768 -32768
26 -85 70 -73 79 -32768 -32768 -32768 -32768
27 -103 87 -75 83 -32768 -32768 -32768 -32768
28 -114 100 -77 84 -32768 -32768 -32768 -32768
29 -138 122 -68 74 -32768 -32768 -32768 -32768
30 -146 130 -54 62 -32768 -32768 -32768 -32768
31 -137 123 -27 33 -32768 -32768 -32768 -32768
32 -140 125 23 -17 -32768 -32768 -32768 -32768
33 -140 123 56 -49 -32768 -32768 -32768 -32768
34 -70 56 57 -50 -32768 -32768 -32768 -32768
35 -79 62 71 -64 -32768 -32768 -32768 -32768
36 -98 84 56 -56 -32768 -32768 -32768 -32768
37 -95 77 43 -36 -32768 -32768 -32768 -32768
38 -133 112 38 -33 -32768 -32768 -32768 -32768
39 -168 152 40 -33 -32768 -32768 -32768 -32768
40 -186 171 38 -30 -32768 -32768 -32768 -32768
41 -188 173 -1 5 -32768 -32768 -32768 -32768
42 -194 178 -12 19 -32768 -32768 -32768 -32768
43 -175 160 -7 13 -32768 -32768 -32768 -32768
44 -164 148 24 -18 -32768 -32768 -32768 -32768
45 -155 140 61 -55 -32768 -32768 -32768 -32768
46 -173 157 84 -81 -32768 -32768 -32768 -32768
47 -228 212 77 -71 -32768 -32768 -32768 -32768
48 -303 284 161 -156 -32768 -32768 -32768 -32768
49 -250 237 147 -142 -32768 -32768 -32768 -32768
50 -192 178 120 -115 -32768 -32768 -32768 -32768
51 -186 170 139 -135 -32768 -32768 -32768 -32768
52 -145 128 221 -218 -32768 -32768 -32768 -32768
