OSINK 4A
1
19.01.21
Osova
0.0 0.0
0.0
0.00 0.00
-1.00 -1.00
0.00 0.00
20000.00
0.0
50
50
N
1
52
1 -223 209 86 -86 -32768 -32768 -32768 -32768
2 -223 209 86 -86 -32768 -32768 -32768 -32768
3 -223 209 86 -86 -32768 -32768 -32768 -32768
4 -206 195 130 -126 -32768 -32768 -32768 -32768
5 -226 214 103 -99 -32768 -32768 -32768 -32768
6 -258 246 64 -56 -32768 -32768 -32768 -32768
7 -248 237 28 -22 -32768 -32768 -32768 -32768
8 -252 239 18 -13 -32768 -32768 -32768 -32768
9 -239 228 17 -12 -32768 -32768 -32768 -32768
10 -227 215 26 -23 -32768 -32768 -32768 -32768
11 -194 181 20 -15 -32768 -32768 -32768 -32768
12 -154 144 14 -8 -32768 -32768 -32768 -32768
13 -95 93 29 -4 -32768 -32768 -32768 -32768
14 302 -330 310 -297 -32768 -32768 -32768 -32768
15 -16 -7 49 -57 -32768 -32768 -32768 -32768
16 -12 -4 1 4 -32768 -32768 -32768 -32768
17 50 -59 -4 9 -32768 -32768 -32768 -32768
18 73 -84 -2 10 -32768 -32768 -32768 -32768
19 59 -71 -9 15 -32768 -32768 -32768 -32768
20 52 -64 -32 35 -32768 -32768 -32768 -32768
21 50 -61 -74 77 -32768 -32768 -32768 -32768
22 37 -51 -83 89 -32768 -32768 -32768 -32768
23 -8 -4 -72 77 -32768 -32768 -32768 -32768
24 -12 2 -66 73 -32768 -32768 -32768 -32768
25 -52 43 -71 77 -32768 -32768 -32768 -32768
26 -83 72 -76 78 -32768 -32768 -32768 -32768
27 -101 89 -78 82 -32768 -32768 -32768 -32768
28 -114 103 -77 83 -32768 -32768 -32768 -32768
29 -136 124 -71 73 -32768 -32768 -32768 -32768
30 -144 133 -53 59 -32768 -32768 -32768 -32768
31 -135 125 -26 31 -32768 -32768 -32768 -32768
32 -139 126 23 -17 -32768 -32768 -32768 -32768
33 -135 124 55 -50 -32768 -32768 -32768 -32768
34 -69 57 55 -51 -32768 -32768 -32768 -32768
35 -78 66 69 -65 -32768 -32768 -32768 -32768
36 -96 85 61 -54 -32768 -32768 -32768 -32768
37 -92 80 41 -36 -32768 -32768 -32768 -32768
38 -131 119 37 -34 -32768 -32768 -32768 -32768
39 -166 153 38 -34 -32768 -32768 -32768 -32768
40 -184 172 36 -31 -32768 -32768 -32768 -32768
41 -188 174 -3 7 -32768 -32768 -32768 -32768
42 -192 180 -12 18 -32768 -32768 -32768 -32768
43 -174 161 -8 13 -32768 -32768 -32768 -32768
44 -162 151 21 -17 -32768 -32768 -32768 -32768
45 -153 142 60 -55 -32768 -32768 -32768 -32768
46 -171 158 83 -79 -32768 -32768 -32768 -32768
47 -227 218 75 -71 -32768 -32768 -32768 -32768
48 -303 287 158 -158 -32768 -32768 -32768 -32768
49 -251 237 148 -141 -32768 -32768 -32768 -32768
50 -190 179 118 -115 -32768 -32768 -32768 -32768
51 -182 172 139 -135 -32768 -32768 -32768 -32768
52 -142 131 227 -216 -32768 -32768 -32768 -32768
