OSINK 4A
1
01.02.21
Osova
0.0 0.0
0.0
0.00 0.00
-1.00 -1.00
0.00 0.00
20000.00
0.0
50
50
N
1
52
1 -226 188 92 -82 -32768 -32768 -32768 -32768
2 -226 189 92 -82 -32768 -32768 -32768 -32768
3 -226 189 92 -82 -32768 -32768 -32768 -32768
4 -219 184 134 -121 -32768 -32768 -32768 -32768
5 -238 201 107 -96 -32768 -32768 -32768 -32768
6 -270 235 68 -53 -32768 -32768 -32768 -32768
7 -261 226 33 -20 -32768 -32768 -32768 -32768
8 -263 228 24 -11 -32768 -32768 -32768 -32768
9 -253 217 22 -10 -32768 -32768 -32768 -32768
10 -240 202 30 -21 -32768 -32768 -32768 -32768
11 -205 168 24 -11 -32768 -32768 -32768 -32768
12 -167 131 18 -6 -32768 -32768 -32768 -32768
13 -117 83 15 0 -32768 -32768 -32768 -32768
14 288 -345 307 -292 -32768 -32768 -32768 -32768
15 -16 -22 63 -58 -32768 -32768 -32768 -32768
16 -25 -12 4 7 -32768 -32768 -32768 -32768
17 35 -72 -1 13 -32768 -32768 -32768 -32768
18 61 -97 -1 15 -32768 -32768 -32768 -32768
19 46 -85 -6 19 -32768 -32768 -32768 -32768
20 39 -76 -30 41 -32768 -32768 -32768 -32768
21 36 -71 -69 82 -32768 -32768 -32768 -32768
22 25 -60 -81 93 -32768 -32768 -32768 -32768
23 -19 -17 -68 80 -32768 -32768 -32768 -32768
24 -23 -10 -63 76 -32768 -32768 -32768 -32768
25 -64 29 -68 80 -32768 -32768 -32768 -32768
26 -96 59 -71 82 -32768 -32768 -32768 -32768
27 -113 78 -75 86 -32768 -32768 -32768 -32768
28 -126 90 -73 87 -32768 -32768 -32768 -32768
29 -149 112 -65 76 -32768 -32768 -32768 -32768
30 -157 120 -49 63 -32768 -32768 -32768 -32768
31 -145 113 -21 35 -32768 -32768 -32768 -32768
32 -149 115 28 -14 -32768 -32768 -32768 -32768
33 -147 112 60 -47 -32768 -32768 -32768 -32768
34 -81 44 59 -48 -32768 -32768 -32768 -32768
35 -85 54 71 -62 -32768 -32768 -32768 -32768
36 -109 72 67 -50 -32768 -32768 -32768 -32768
37 -103 69 44 -32 -32768 -32768 -32768 -32768
38 -139 108 40 -30 -32768 -32768 -32768 -32768
39 -178 141 42 -31 -32768 -32768 -32768 -32768
40 -194 162 41 -27 -32768 -32768 -32768 -32768
41 -198 162 1 12 -32768 -32768 -32768 -32768
42 -206 168 -9 22 -32768 -32768 -32768 -32768
43 -185 149 -6 18 -32768 -32768 -32768 -32768
44 -174 140 24 -13 -32768 -32768 -32768 -32768
45 -165 130 64 -49 -32768 -32768 -32768 -32768
46 -182 146 87 -76 -32768 -32768 -32768 -32768
47 -228 199 76 -65 -32768 -32768 -32768 -32768
48 -317 276 161 -153 -32768 -32768 -32768 -32768
49 -261 227 150 -139 -32768 -32768 -32768 -32768
50 -202 168 121 -112 -32768 -32768 -32768 -32768
51 -197 159 141 -131 -32768 -32768 -32768 -32768
52 -157 120 219 -209 -32768 -32768 -32768 -32768
