OSINK 4A
1
05.01.21
Osova
0.0 0.0
0.0
0.00 0.00
-1.00 -1.00
0.00 0.00
20000.00
0.0
50
50
N
1
52
1 -245 239 133 -130 -32768 -32768 -32768 -32768
2 -237 239 129 -130 -32768 -32768 -32768 -32768
3 -237 239 129 -130 -32768 -32768 -32768 -32768
4 -198 199 126 -127 -32768 -32768 -32768 -32768
5 -222 224 96 -97 -32768 -32768 -32768 -32768
6 -251 252 57 -58 -32768 -32768 -32768 -32768
7 -242 243 23 -24 -32768 -32768 -32768 -32768
8 -245 243 15 -16 -32768 -32768 -32768 -32768
9 -235 234 14 -16 -32768 -32768 -32768 -32768
10 -222 220 22 -27 -32768 -32768 -32768 -32768
11 -187 183 16 -18 -32768 -32768 -32768 -32768
12 -148 147 10 -11 -32768 -32768 -32768 -32768
13 -71 90 33 -12 -32768 -32768 -32768 -32768
14 326 -335 322 -309 -32768 -32768 -32768 -32768
15 -17 16 37 -42 -32768 -32768 -32768 -32768
16 -5 1 -3 0 -32768 -32768 -32768 -32768
17 62 -60 -8 5 -32768 -32768 -32768 -32768
18 76 -80 -8 7 -32768 -32768 -32768 -32768
19 65 -67 -14 12 -32768 -32768 -32768 -32768
20 58 -56 -36 36 -32768 -32768 -32768 -32768
21 56 -62 -79 76 -32768 -32768 -32768 -32768
22 42 -44 -86 82 -32768 -32768 -32768 -32768
23 -3 2 -77 74 -32768 -32768 -32768 -32768
24 -9 8 -69 69 -32768 -32768 -32768 -32768
25 -52 50 -76 73 -32768 -32768 -32768 -32768
26 -82 79 -78 75 -32768 -32768 -32768 -32768
27 -95 94 -82 79 -32768 -32768 -32768 -32768
28 -111 108 -80 79 -32768 -32768 -32768 -32768
29 -131 130 -73 70 -32768 -32768 -32768 -32768
30 -138 137 -56 53 -32768 -32768 -32768 -32768
31 -129 127 -30 27 -32768 -32768 -32768 -32768
32 -135 135 20 -26 -32768 -32768 -32768 -32768
33 -132 128 48 -54 -32768 -32768 -32768 -32768
34 -61 59 51 -54 -32768 -32768 -32768 -32768
35 -73 74 65 -70 -32768 -32768 -32768 -32768
36 -90 89 57 -54 -32768 -32768 -32768 -32768
37 -85 86 37 -40 -32768 -32768 -32768 -32768
38 -130 123 33 -37 -32768 -32768 -32768 -32768
39 -161 162 36 -37 -32768 -32768 -32768 -32768
40 -179 177 32 -35 -32768 -32768 -32768 -32768
41 -181 181 -5 1 -32768 -32768 -32768 -32768
42 -185 186 -17 15 -32768 -32768 -32768 -32768
43 -167 165 -13 9 -32768 -32768 -32768 -32768
44 -156 156 17 -21 -32768 -32768 -32768 -32768
45 -143 147 55 -53 -32768 -32768 -32768 -32768
46 -167 163 79 -82 -32768 -32768 -32768 -32768
47 -220 225 71 -74 -32768 -32768 -32768 -32768
48 -296 292 154 -161 -32768 -32768 -32768 -32768
49 -243 242 142 -144 -32768 -32768 -32768 -32768
50 -186 184 114 -118 -32768 -32768 -32768 -32768
51 -178 175 135 -141 -32768 -32768 -32768 -32768
52 -137 135 220 -224 -32768 -32768 -32768 -32768
