OSINK 4A
1
23.09.20
Osova
0.0 0.0
0.0
0.00 0.00
-1.00 -1.00
0.00 0.00
20000.00
0.0
50
50
N
1
52
1 -230 200 91 -84 -32768 -32768 -32768 -32768
2 -230 200 91 -84 -32768 -32768 -32768 -32768
3 -230 200 91 -84 -32768 -32768 -32768 -32768
4 -228 207 123 -116 -32768 -32768 -32768 -32768
5 -201 180 124 -121 -32768 -32768 -32768 -32768
6 -261 240 70 -63 -32768 -32768 -32768 -32768
7 -248 227 37 -34 -32768 -32768 -32768 -32768
8 -249 230 24 -16 -32768 -32768 -32768 -32768
9 -244 224 19 -14 -32768 -32768 -32768 -32768
10 -234 214 26 -24 -32768 -32768 -32768 -32768
11 -208 188 22 -19 -32768 -32768 -32768 -32768
12 -167 147 16 -11 -32768 -32768 -32768 -32768
13 -131 110 5 2 -32768 -32768 -32768 -32768
14 127 -156 175 -175 -32768 -32768 -32768 -32768
15 43 -67 113 -114 -32768 -32768 -32768 -32768
16 -33 12 1 3 -32768 -32768 -32768 -32768
17 31 -51 -3 7 -32768 -32768 -32768 -32768
18 69 -89 -7 12 -32768 -32768 -32768 -32768
19 56 -76 -7 14 -32768 -32768 -32768 -32768
20 49 -69 -27 30 -32768 -32768 -32768 -32768
21 40 -61 -67 72 -32768 -32768 -32768 -32768
22 37 -58 -87 91 -32768 -32768 -32768 -32768
23 -11 -10 -72 77 -32768 -32768 -32768 -32768
24 -17 -3 -69 73 -32768 -32768 -32768 -32768
25 -52 32 -70 75 -32768 -32768 -32768 -32768
26 -86 66 -75 79 -32768 -32768 -32768 -32768
27 -107 84 -77 80 -32768 -32768 -32768 -32768
28 -115 95 -80 84 -32768 -32768 -32768 -32768
29 -141 121 -68 72 -32768 -32768 -32768 -32768
30 -148 127 -59 64 -32768 -32768 -32768 -32768
31 -141 123 -30 36 -32768 -32768 -32768 -32768
32 -142 122 16 -12 -32768 -32768 -32768 -32768
33 -143 121 53 -49 -32768 -32768 -32768 -32768
34 -74 53 55 -51 -32768 -32768 -32768 -32768
35 -78 57 68 -63 -32768 -32768 -32768 -32768
36 -101 81 64 -57 -32768 -32768 -32768 -32768
37 -95 75 42 -37 -32768 -32768 -32768 -32768
38 -133 110 38 -34 -32768 -32768 -32768 -32768
39 -169 147 39 -36 -32768 -32768 -32768 -32768
40 -187 169 37 -32 -32768 -32768 -32768 -32768
41 -191 171 0 2 -32768 -32768 -32768 -32768
42 -196 175 -13 18 -32768 -32768 -32768 -32768
43 -180 159 -9 14 -32768 -32768 -32768 -32768
44 -166 146 19 -16 -32768 -32768 -32768 -32768
45 -157 137 58 -52 -32768 -32768 -32768 -32768
46 -176 153 84 -80 -32768 -32768 -32768 -32768
47 -226 201 74 -68 -32768 -32768 -32768 -32768
48 -305 280 155 -153 -32768 -32768 -32768 -32768
49 -254 232 149 -142 -32768 -32768 -32768 -32768
50 -199 177 121 -117 -32768 -32768 -32768 -32768
51 -188 166 142 -138 -32768 -32768 -32768 -32768
52 -149 126 223 -220 -32768 -32768 -32768 -32768
