OSINK 4A
1
30.09.20
Osova
0.0 0.0
0.0
0.00 0.00
-1.00 -1.00
0.00 0.00
20000.00
0.0
50
50
N
1
52
1 -199 193 84 -86 -32768 -32768 -32768 -32768
2 -199 193 84 -86 -32768 -32768 -32768 -32768
3 -199 193 84 -86 -32768 -32768 -32768 -32768
4 -211 205 116 -118 -32768 -32768 -32768 -32768
5 -197 191 118 -125 -32768 -32768 -32768 -32768
6 -255 252 66 -66 -32768 -32768 -32768 -32768
7 -240 237 33 -35 -32768 -32768 -32768 -32768
8 -244 240 18 -18 -32768 -32768 -32768 -32768
9 -237 233 15 -16 -32768 -32768 -32768 -32768
10 -227 222 22 -26 -32768 -32768 -32768 -32768
11 -198 194 18 -21 -32768 -32768 -32768 -32768
12 -158 154 12 -14 -32768 -32768 -32768 -32768
13 -123 119 1 0 -32768 -32768 -32768 -32768
14 152 -168 187 -195 -32768 -32768 -32768 -32768
15 56 -56 105 -115 -32768 -32768 -32768 -32768
16 -24 20 -1 0 -32768 -32768 -32768 -32768
17 40 -44 -6 3 -32768 -32768 -32768 -32768
18 79 -82 -11 8 -32768 -32768 -32768 -32768
19 65 -68 -10 10 -32768 -32768 -32768 -32768
20 58 -63 -30 27 -32768 -32768 -32768 -32768
21 49 -55 -71 68 -32768 -32768 -32768 -32768
22 46 -49 -90 87 -32768 -32768 -32768 -32768
23 -2 -2 -75 73 -32768 -32768 -32768 -32768
24 -8 5 -71 69 -32768 -32768 -32768 -32768
25 -45 41 -74 72 -32768 -32768 -32768 -32768
26 -77 74 -78 76 -32768 -32768 -32768 -32768
27 -98 93 -79 76 -32768 -32768 -32768 -32768
28 -105 102 -84 82 -32768 -32768 -32768 -32768
29 -132 127 -72 68 -32768 -32768 -32768 -32768
30 -141 135 -62 60 -32768 -32768 -32768 -32768
31 -133 130 -33 32 -32768 -32768 -32768 -32768
32 -133 129 14 -17 -32768 -32768 -32768 -32768
33 -135 129 50 -52 -32768 -32768 -32768 -32768
34 -66 60 52 -55 -32768 -32768 -32768 -32768
35 -70 67 65 -67 -32768 -32768 -32768 -32768
36 -93 90 59 -60 -32768 -32768 -32768 -32768
37 -87 83 38 -40 -32768 -32768 -32768 -32768
38 -124 119 34 -37 -32768 -32768 -32768 -32768
39 -159 156 35 -38 -32768 -32768 -32768 -32768
40 -180 176 34 -35 -32768 -32768 -32768 -32768
41 -183 179 -2 1 -32768 -32768 -32768 -32768
42 -189 184 -16 15 -32768 -32768 -32768 -32768
43 -170 165 -11 11 -32768 -32768 -32768 -32768
44 -158 154 18 -20 -32768 -32768 -32768 -32768
45 -149 145 56 -58 -32768 -32768 -32768 -32768
46 -167 162 80 -83 -32768 -32768 -32768 -32768
47 -220 217 72 -73 -32768 -32768 -32768 -32768
48 -296 288 155 -158 -32768 -32768 -32768 -32768
49 -242 239 143 -144 -32768 -32768 -32768 -32768
50 -190 185 116 -119 -32768 -32768 -32768 -32768
51 -178 174 138 -141 -32768 -32768 -32768 -32768
52 -140 134 221 -223 -32768 -32768 -32768 -32768
