OSINK 4A
1
16.02.21
Osova
0.0 0.0
0.0
0.00 0.00
-1.00 -1.00
0.00 0.00
20000.00
0.0
50
50
N
1
52
1 -225 220 95 -91 -32768 -32768 -32768 -32768
2 -225 219 94 -91 -32768 -32768 -32768 -32768
3 -225 219 94 -91 -32768 -32768 -32768 -32768
4 -211 207 128 -125 -32768 -32768 -32768 -32768
5 -222 217 102 -102 -32768 -32768 -32768 -32768
6 -255 252 63 -57 -32768 -32768 -32768 -32768
7 -246 243 27 -23 -32768 -32768 -32768 -32768
8 -246 244 18 -13 -32768 -32768 -32768 -32768
9 -236 234 17 -13 -32768 -32768 -32768 -32768
10 -223 219 25 -23 -32768 -32768 -32768 -32768
11 -189 183 19 -15 -32768 -32768 -32768 -32768
12 -152 151 14 -11 -32768 -32768 -32768 -32768
13 -94 103 30 -2 -32768 -32768 -32768 -32768
14 302 -334 302 -302 -32768 -32768 -32768 -32768
15 4 -15 65 -72 -32768 -32768 -32768 -32768
16 -7 8 0 3 -32768 -32768 -32768 -32768
17 53 -52 -6 10 -32768 -32768 -32768 -32768
18 78 -81 -6 12 -32768 -32768 -32768 -32768
19 63 -66 -11 13 -32768 -32768 -32768 -32768
20 57 -60 -31 37 -32768 -32768 -32768 -32768
21 52 -53 -74 73 -32768 -32768 -32768 -32768
22 43 -48 -86 91 -32768 -32768 -32768 -32768
23 -3 -1 -73 77 -32768 -32768 -32768 -32768
24 -9 7 -68 72 -32768 -32768 -32768 -32768
25 -48 46 -72 77 -32768 -32768 -32768 -32768
26 -79 77 -77 79 -32768 -32768 -32768 -32768
27 -97 94 -77 81 -32768 -32768 -32768 -32768
28 -107 102 -81 84 -32768 -32768 -32768 -32768
29 -132 127 -70 72 -32768 -32768 -32768 -32768
30 -140 136 -51 63 -32768 -32768 -32768 -32768
31 -131 130 -28 35 -32768 -32768 -32768 -32768
32 -135 132 19 -17 -32768 -32768 -32768 -32768
33 -133 130 53 -50 -32768 -32768 -32768 -32768
34 -65 65 54 -50 -32768 -32768 -32768 -32768
35 -72 68 67 -64 -32768 -32768 -32768 -32768
36 -92 92 60 -58 -32768 -32768 -32768 -32768
37 -88 84 40 -37 -32768 -32768 -32768 -32768
38 -125 120 35 -33 -32768 -32768 -32768 -32768
39 -162 159 37 -35 -32768 -32768 -32768 -32768
40 -180 178 35 -30 -32768 -32768 -32768 -32768
41 -183 178 -1 5 -32768 -32768 -32768 -32768
42 -190 184 -14 18 -32768 -32768 -32768 -32768
43 -171 170 -11 15 -32768 -32768 -32768 -32768
44 -158 155 19 -16 -32768 -32768 -32768 -32768
45 -151 146 55 -55 -32768 -32768 -32768 -32768
46 -166 164 81 -78 -32768 -32768 -32768 -32768
47 -219 209 72 -66 -32768 -32768 -32768 -32768
48 -301 292 153 -157 -32768 -32768 -32768 -32768
49 -249 247 146 -139 -32768 -32768 -32768 -32768
50 -188 186 117 -116 -32768 -32768 -32768 -32768
51 -181 178 134 -132 -32768 -32768 -32768 -32768
52 -144 139 209 -208 -32768 -32768 -32768 -32768
