OSINK 4A
1
02.09.21
Osova
0.0 0.0
0.0
0.00 0.00
-1.00 -1.00
0.00 0.00
20000.00
0.0
50
50
N
1
52
1 -246 210 112 -98 -32768 -32768 -32768 -32768
2 -246 208 112 -102 -32768 -32768 -32768 -32768
3 -246 208 111 -102 -32768 -32768 -32768 -32768
4 -216 192 125 -123 -32768 -32768 -32768 -32768
5 -235 209 102 -94 -32768 -32768 -32768 -32768
6 -263 239 61 -55 -32768 -32768 -32768 -32768
7 -260 235 27 -18 -32768 -32768 -32768 -32768
8 -259 235 21 -11 -32768 -32768 -32768 -32768
9 -248 223 19 -11 -32768 -32768 -32768 -32768
10 -235 209 27 -22 -32768 -32768 -32768 -32768
11 -198 172 20 -13 -32768 -32768 -32768 -32768
12 -160 135 14 -6 -32768 -32768 -32768 -32768
13 -88 71 39 -12 -32768 -32768 -32768 -32768
14 381 -422 367 -342 -32768 -32768 -32768 -32768
15 -25 -4 45 -46 -32768 -32768 -32768 -32768
16 -12 -13 1 6 -32768 -32768 -32768 -32768
17 44 -69 -2 10 -32768 -32768 -32768 -32768
18 65 -91 -5 12 -32768 -32768 -32768 -32768
19 53 -78 -9 18 -32768 -32768 -32768 -32768
20 44 -70 -32 40 -32768 -32768 -32768 -32768
21 44 -69 -73 79 -32768 -32768 -32768 -32768
22 31 -57 -81 90 -32768 -32768 -32768 -32768
23 -15 -9 -72 78 -32768 -32768 -32768 -32768
24 -18 -5 -66 74 -32768 -32768 -32768 -32768
25 -61 36 -71 78 -32768 -32768 -32768 -32768
26 -90 63 -72 81 -32768 -32768 -32768 -32768
27 -106 79 -76 86 -32768 -32768 -32768 -32768
28 -121 93 -75 84 -32768 -32768 -32768 -32768
29 -141 115 -68 75 -32768 -32768 -32768 -32768
30 -147 122 -50 60 -32768 -32768 -32768 -32768
31 -138 114 -25 31 -32768 -32768 -32768 -32768
32 -145 119 26 -19 -32768 -32768 -32768 -32768
33 -140 110 56 -51 -32768 -32768 -32768 -32768
34 -67 41 56 -49 -32768 -32768 -32768 -32768
35 -84 61 72 -67 -32768 -32768 -32768 -32768
36 -98 74 57 -51 -32768 -32768 -32768 -32768
37 -97 72 43 -35 -32768 -32768 -32768 -32768
38 -136 110 39 -32 -32768 -32768 -32768 -32768
39 -171 148 40 -33 -32768 -32768 -32768 -32768
40 -189 163 37 -27 -32768 -32768 -32768 -32768
41 -191 172 -1 13 -32768 -32768 -32768 -32768
42 -196 172 -13 18 -32768 -32768 -32768 -32768
43 -177 152 -6 13 -32768 -32768 -32768 -32768
44 -167 143 25 -18 -32768 -32768 -32768 -32768
45 -158 133 61 -58 -32768 -32768 -32768 -32768
46 -179 154 83 -75 -32768 -32768 -32768 -32768
47 -233 217 75 -69 -32768 -32768 -32768 -32768
48 -314 283 165 -160 -32768 -32768 -32768 -32768
49 -247 232 144 -140 -32768 -32768 -32768 -32768
50 -193 169 119 -112 -32768 -32768 -32768 -32768
51 -186 162 143 -136 -32768 -32768 -32768 -32768
52 -147 119 230 -227 -32768 -32768 -32768 -32768
