OSINK 4A
1
02.12.20
Osova
0.0 0.0
0.0
0.00 0.00
-1.00 -1.00
0.00 0.00
20000.00
0.0
50
50
N
1
52
1 -200 182 100 -98 -32768 -32768 -32768 -32768
2 -200 182 100 -98 -32768 -32768 -32768 -32768
3 -200 182 100 -98 -32768 -32768 -32768 -32768
4 -209 188 130 -126 -32768 -32768 -32768 -32768
5 -231 210 100 -95 -32768 -32768 -32768 -32768
6 -261 239 63 -57 -32768 -32768 -32768 -32768
7 -252 231 29 -25 -32768 -32768 -32768 -32768
8 -254 233 21 -14 -32768 -32768 -32768 -32768
9 -244 222 19 -13 -32768 -32768 -32768 -32768
10 -229 205 27 -24 -32768 -32768 -32768 -32768
11 -196 177 21 -15 -32768 -32768 -32768 -32768
12 -160 141 16 -10 -32768 -32768 -32768 -32768
13 -112 95 10 -1 -32768 -32768 -32768 -32768
14 299 -315 311 -286 -32768 -32768 -32768 -32768
15 -23 -9 46 -55 -32768 -32768 -32768 -32768
16 -15 -2 0 4 -32768 -32768 -32768 -32768
17 47 -65 -3 8 -32768 -32768 -32768 -32768
18 68 -90 -4 10 -32768 -32768 -32768 -32768
19 54 -78 -11 16 -32768 -32768 -32768 -32768
20 47 -69 -31 36 -32768 -32768 -32768 -32768
21 45 -67 -75 79 -32768 -32768 -32768 -32768
22 32 -56 -83 90 -32768 -32768 -32768 -32768
23 -13 -8 -72 75 -32768 -32768 -32768 -32768
24 -19 -2 -66 72 -32768 -32768 -32768 -32768
25 -57 38 -71 75 -32768 -32768 -32768 -32768
26 -91 65 -74 78 -32768 -32768 -32768 -32768
27 -105 84 -77 82 -32768 -32768 -32768 -32768
28 -119 96 -76 83 -32768 -32768 -32768 -32768
29 -142 120 -68 73 -32768 -32768 -32768 -32768
30 -148 127 -52 59 -32768 -32768 -32768 -32768
31 -140 119 -28 31 -32768 -32768 -32768 -32768
32 -143 122 23 -18 -32768 -32768 -32768 -32768
33 -140 120 56 -50 -32768 -32768 -32768 -32768
34 -70 48 55 -49 -32768 -32768 -32768 -32768
35 -74 57 65 -64 -32768 -32768 -32768 -32768
36 -100 78 60 -52 -32768 -32768 -32768 -32768
37 -98 74 41 -37 -32768 -32768 -32768 -32768
38 -136 112 37 -34 -32768 -32768 -32768 -32768
39 -172 148 38 -35 -32768 -32768 -32768 -32768
40 -188 168 37 -31 -32768 -32768 -32768 -32768
41 -191 169 -5 7 -32768 -32768 -32768 -32768
42 -196 175 -13 17 -32768 -32768 -32768 -32768
43 -178 157 -8 14 -32768 -32768 -32768 -32768
44 -167 145 22 -18 -32768 -32768 -32768 -32768
45 -160 136 61 -56 -32768 -32768 -32768 -32768
46 -176 154 83 -79 -32768 -32768 -32768 -32768
47 -235 214 77 -71 -32768 -32768 -32768 -32768
48 -305 280 162 -157 -32768 -32768 -32768 -32768
49 -254 228 148 -141 -32768 -32768 -32768 -32768
50 -195 174 119 -115 -32768 -32768 -32768 -32768
51 -188 166 141 -136 -32768 -32768 -32768 -32768
52 -145 120 228 -230 -32768 -32768 -32768 -32768
