OSINK 4A
1
11.11.20
Osova
0.0 0.0
0.0
0.00 0.00
-1.00 -1.00
0.00 0.00
20000.00
0.0
50
50
N
1
52
1 -204 177 111 -115 -32768 -32768 -32768 -32768
2 -206 177 108 -115 -32768 -32768 -32768 -32768
3 -206 177 108 -115 -32768 -32768 -32768 -32768
4 -210 190 125 -130 -32768 -32768 -32768 -32768
5 -229 211 96 -101 -32768 -32768 -32768 -32768
6 -260 241 56 -62 -32768 -32768 -32768 -32768
7 -251 233 25 -32 -32768 -32768 -32768 -32768
8 -254 234 15 -20 -32768 -32768 -32768 -32768
9 -244 225 13 -19 -32768 -32768 -32768 -32768
10 -231 211 22 -30 -32768 -32768 -32768 -32768
11 -194 176 15 -21 -32768 -32768 -32768 -32768
12 -157 140 10 -15 -32768 -32768 -32768 -32768
13 -112 94 2 -8 -32768 -32768 -32768 -32768
14 262 -324 277 -298 -32768 -32768 -32768 -32768
15 -22 -11 44 -64 -32768 -32768 -32768 -32768
16 -19 -1 -4 -1 -32768 -32768 -32768 -32768
17 45 -64 -9 3 -32768 -32768 -32768 -32768
18 68 -88 -10 5 -32768 -32768 -32768 -32768
19 54 -75 -16 10 -32768 -32768 -32768 -32768
20 46 -67 -39 32 -32768 -32768 -32768 -32768
21 45 -65 -81 71 -32768 -32768 -32768 -32768
22 35 -54 -91 84 -32768 -32768 -32768 -32768
23 -13 -8 -78 71 -32768 -32768 -32768 -32768
24 -18 -3 -72 67 -32768 -32768 -32768 -32768
25 -58 36 -77 70 -32768 -32768 -32768 -32768
26 -89 67 -81 73 -32768 -32768 -32768 -32768
27 -106 86 -82 74 -32768 -32768 -32768 -32768
28 -116 97 -85 77 -32768 -32768 -32768 -32768
29 -142 121 -73 66 -32768 -32768 -32768 -32768
30 -149 129 -64 54 -32768 -32768 -32768 -32768
31 -143 121 -34 28 -32768 -32768 -32768 -32768
32 -142 124 16 -19 -32768 -32768 -32768 -32768
33 -141 122 50 -56 -32768 -32768 -32768 -32768
34 -78 56 51 -57 -32768 -32768 -32768 -32768
35 -75 60 61 -70 -32768 -32768 -32768 -32768
36 -103 82 58 -62 -32768 -32768 -32768 -32768
37 -96 76 36 -43 -32768 -32768 -32768 -32768
38 -133 112 32 -40 -32768 -32768 -32768 -32768
39 -171 150 33 -41 -32768 -32768 -32768 -32768
40 -188 169 32 -38 -32768 -32768 -32768 -32768
41 -192 172 -6 -2 -32768 -32768 -32768 -32768
42 -196 177 -18 12 -32768 -32768 -32768 -32768
43 -177 159 -14 8 -32768 -32768 -32768 -32768
44 -165 147 16 -23 -32768 -32768 -32768 -32768
45 -157 138 54 -58 -32768 -32768 -32768 -32768
46 -176 156 78 -85 -32768 -32768 -32768 -32768
47 -231 216 71 -78 -32768 -32768 -32768 -32768
48 -305 282 150 -163 -32768 -32768 -32768 -32768
49 -254 240 143 -150 -32768 -32768 -32768 -32768
50 -195 178 114 -122 -32768 -32768 -32768 -32768
51 -187 167 136 -143 -32768 -32768 -32768 -32768
52 -149 127 214 -221 -32768 -32768 -32768 -32768
