OSINK 4A
1
30.03.21
Osova
0.0 0.0
0.0
0.00 0.00
-1.00 -1.00
0.00 0.00
20000.00
0.0
50
50
N
1
52
1 -209 187 82 -84 -32768 -32768 -32768 -32768
2 -207 187 81 -84 -32768 -32768 -32768 -32768
3 -207 187 81 -84 -32768 -32768 -32768 -32768
4 -210 190 128 -129 -32768 -32768 -32768 -32768
5 -234 215 98 -99 -32768 -32768 -32768 -32768
6 -263 245 59 -57 -32768 -32768 -32768 -32768
7 -255 236 25 -25 -32768 -32768 -32768 -32768
8 -255 237 17 -17 -32768 -32768 -32768 -32768
9 -244 226 16 -16 -32768 -32768 -32768 -32768
10 -231 212 24 -27 -32768 -32768 -32768 -32768
11 -197 175 17 -19 -32768 -32768 -32768 -32768
12 -159 139 12 -12 -32768 -32768 -32768 -32768
13 -93 86 28 -9 -32768 -32768 -32768 -32768
14 316 -362 317 -318 -32768 -32768 -32768 -32768
15 -16 -20 50 -70 -32768 -32768 -32768 -32768
16 -14 -8 -1 1 -32768 -32768 -32768 -32768
17 47 -64 -6 6 -32768 -32768 -32768 -32768
18 71 -89 -6 7 -32768 -32768 -32768 -32768
19 56 -76 -12 13 -32768 -32768 -32768 -32768
20 48 -67 -36 35 -32768 -32768 -32768 -32768
21 47 -66 -75 74 -32768 -32768 -32768 -32768
22 38 -55 -87 86 -32768 -32768 -32768 -32768
23 -11 -8 -74 74 -32768 -32768 -32768 -32768
24 -17 -2 -69 69 -32768 -32768 -32768 -32768
25 -56 36 -74 74 -32768 -32768 -32768 -32768
26 -88 67 -77 75 -32768 -32768 -32768 -32768
27 -104 83 -80 81 -32768 -32768 -32768 -32768
28 -116 97 -80 80 -32768 -32768 -32768 -32768
29 -138 120 -71 70 -32768 -32768 -32768 -32768
30 -147 128 -57 56 -32768 -32768 -32768 -32768
31 -138 119 -28 29 -32768 -32768 -32768 -32768
32 -143 123 21 -21 -32768 -32768 -32768 -32768
33 -138 118 53 -54 -32768 -32768 -32768 -32768
34 -70 49 53 -53 -32768 -32768 -32768 -32768
35 -82 63 65 -70 -32768 -32768 -32768 -32768
36 -97 79 58 -57 -32768 -32768 -32768 -32768
37 -95 74 38 -39 -32768 -32768 -32768 -32768
38 -137 117 45 -37 -32768 -32768 -32768 -32768
39 -180 151 23 -36 -32768 -32768 -32768 -32768
40 -186 169 34 -34 -32768 -32768 -32768 -32768
41 -190 171 -7 6 -32768 -32768 -32768 -32768
42 -193 176 -11 15 -32768 -32768 -32768 -32768
43 -177 158 -11 11 -32768 -32768 -32768 -32768
44 -165 146 21 -21 -32768 -32768 -32768 -32768
45 -156 137 58 -59 -32768 -32768 -32768 -32768
46 -176 156 80 -81 -32768 -32768 -32768 -32768
47 -231 212 72 -72 -32768 -32768 -32768 -32768
48 -306 283 162 -163 -32768 -32768 -32768 -32768
49 -252 230 144 -142 -32768 -32768 -32768 -32768
50 -194 174 116 -117 -32768 -32768 -32768 -32768
51 -187 167 138 -139 -32768 -32768 -32768 -32768
52 -146 127 221 -215 -32768 -32768 -32768 -32768
