OSINK 4A
1
30.06.20
Osova
0.0 0.0
0.0
0.00 0.00
-1.00 -1.00
0.00 0.00
20000.00
0.0
50
50
N
1
52
1 -180 176 114 -113 110 -117 179 -181
2 -180 176 114 -113 110 -117 179 -181
3 -180 176 113 -113 110 -118 179 -181
4 -171 165 135 -139 135 -140 169 -170
5 -176 170 123 -131 124 -128 179 -180
6 -259 254 60 -57 63 -71 251 -254
7 -243 238 35 -38 36 -41 240 -241
8 -234 229 23 -24 22 -28 231 -233
9 -227 223 18 -20 19 -24 225 -226
10 -224 218 26 -30 27 -33 217 -221
11 -199 194 21 -24 24 -28 201 -203
12 -161 158 13 -17 14 -21 160 -164
13 -126 123 4 -4 1 -6 123 -122
14 -104 99 1 -4 1 -6 99 -102
15 -76 72 10 -12 7 -13 73 -74
16 -31 27 0 -1 1 -6 31 -34
17 22 -28 -2 0 -14 9 -23 18
18 63 -68 -13 11 -13 8 -66 65
19 52 -57 -11 12 -15 10 -54 53
20 44 -49 -32 28 -34 27 -47 46
21 37 -42 -72 71 -74 68 -43 39
22 31 -37 -89 86 -90 83 -38 36
23 -14 6 -78 76 -83 80 6 -11
24 -22 14 -73 69 -70 66 20 -22
25 -58 51 -74 73 -75 70 53 -54
26 -92 86 -80 78 -80 74 86 -90
27 -110 105 -83 80 -85 79 103 -105
28 -121 116 -85 83 -86 80 116 -118
29 -147 142 -74 72 -69 64 138 -141
30 -153 146 -63 63 -68 63 149 -151
31 -148 144 -34 33 -33 30 144 -145
32 -148 142 7 -9 6 -11 143 -146
33 -146 138 46 -48 44 -50 142 -144
34 -87 78 52 -53 48 -54 82 -84
35 -82 75 66 -68 65 -69 83 -84
36 -105 98 59 -59 57 -63 99 -102
37 -100 93 38 -40 39 -44 95 -94
38 -131 122 34 -37 35 -40 125 -128
39 -166 160 36 -38 35 -40 161 -163
40 -188 181 33 -34 30 -36 185 -187
41 -191 184 -1 -3 -5 1 188 -190
42 -193 186 -20 19 -20 14 186 -187
43 -178 171 -10 10 -13 9 174 -176
44 -162 155 17 -20 17 -24 157 -160
45 -153 147 56 -57 55 -59 148 -151
46 -171 162 81 -83 82 -87 163 -164
47 -210 204 79 -79 75 -79 206 -203
48 -274 265 131 -134 133 -138 270 -271
49 -241 231 143 -143 144 -149 236 -237
50 -208 200 139 -141 140 -145 202 -205
51 -191 181 166 -169 167 -172 186 -187
52 -147 139 245 -246 243 -248 141 -142
