OSINK 4A
1
09.06.21
Osova
0.0 0.0
0.0
0.00 0.00
-1.00 -1.00
0.00 0.00
20000.00
0.0
50
50
N
1
52
1 -228 208 106 -102 -32768 -32768 -32768 -32768
2 -230 208 106 -102 -32768 -32768 -32768 -32768
3 -230 208 106 -102 -32768 -32768 -32768 -32768
4 -212 191 131 -128 -32768 -32768 -32768 -32768
5 -235 215 96 -94 -32768 -32768 -32768 -32768
6 -264 243 57 -55 -32768 -32768 -32768 -32768
7 -258 235 23 -22 -32768 -32768 -32768 -32768
8 -259 236 18 -14 -32768 -32768 -32768 -32768
9 -246 226 17 -14 -32768 -32768 -32768 -32768
10 -233 211 25 -25 -32768 -32768 -32768 -32768
11 -196 172 17 -15 -32768 -32768 -32768 -32768
12 -160 137 12 -9 -32768 -32768 -32768 -32768
13 -97 79 18 -11 -32768 -32768 -32768 -32768
14 351 -387 342 -327 -32768 -32768 -32768 -32768
15 -26 7 41 -38 -32768 -32768 -32768 -32768
16 -10 -10 -1 2 -32768 -32768 -32768 -32768
17 49 -68 -5 7 -32768 -32768 -32768 -32768
18 68 -89 -6 8 -32768 -32768 -32768 -32768
19 55 -77 -12 16 -32768 -32768 -32768 -32768
20 46 -66 -35 39 -32768 -32768 -32768 -32768
21 46 -67 -78 80 -32768 -32768 -32768 -32768
22 33 -54 -84 86 -32768 -32768 -32768 -32768
23 -13 -7 -74 75 -32768 -32768 -32768 -32768
24 -18 -3 -67 71 -32768 -32768 -32768 -32768
25 -60 40 -73 76 -32768 -32768 -32768 -32768
26 -89 68 -75 77 -32768 -32768 -32768 -32768
27 -104 82 -80 83 -32768 -32768 -32768 -32768
28 -119 99 -77 79 -32768 -32768 -32768 -32768
29 -140 120 -71 73 -32768 -32768 -32768 -32768
30 -148 125 -53 53 -32768 -32768 -32768 -32768
31 -138 116 -25 26 -32768 -32768 -32768 -32768
32 -143 122 24 -23 -32768 -32768 -32768 -32768
33 -137 116 57 -54 -32768 -32768 -32768 -32768
34 -67 46 54 -52 -32768 -32768 -32768 -32768
35 -82 65 69 -70 -32768 -32768 -32768 -32768
36 -99 78 58 -53 -32768 -32768 -32768 -32768
37 -96 75 40 -37 -32768 -32768 -32768 -32768
38 -137 117 37 -36 -32768 -32768 -32768 -32768
39 -173 151 36 -35 -32768 -32768 -32768 -32768
40 -188 168 35 -33 -32768 -32768 -32768 -32768
41 -190 168 -7 9 -32768 -32768 -32768 -32768
42 -196 175 -14 16 -32768 -32768 -32768 -32768
43 -176 155 -7 10 -32768 -32768 -32768 -32768
44 -166 145 22 -20 -32768 -32768 -32768 -32768
45 -157 135 64 -62 -32768 -32768 -32768 -32768
46 -176 155 81 -80 -32768 -32768 -32768 -32768
47 -236 218 76 -73 -32768 -32768 -32768 -32768
48 -308 284 165 -162 -32768 -32768 -32768 -32768
49 -249 230 146 -142 -32768 -32768 -32768 -32768
50 -193 173 104 -115 -32768 -32768 -32768 -32768
51 -187 164 146 -139 -32768 -32768 -32768 -32768
52 -143 121 231 -229 -32768 -32768 -32768 -32768
