OSINK 4A
1
06.11.20
Osova
0.0 0.0
0.0
0.00 0.00
-1.00 -1.00
0.00 0.00
20000.00
0.0
50
50
N
1
52
1 -195 182 115 -115 -32768 -32768 -32768 -32768
2 -195 182 115 -115 -32768 -32768 -32768 -32768
3 -194 182 116 -115 -32768 -32768 -32768 -32768
4 -206 194 128 -125 -32768 -32768 -32768 -32768
5 -221 212 102 -99 -32768 -32768 -32768 -32768
6 -255 245 62 -57 -32768 -32768 -32768 -32768
7 -246 236 28 -24 -32768 -32768 -32768 -32768
8 -248 238 20 -15 -32768 -32768 -32768 -32768
9 -237 227 18 -15 -32768 -32768 -32768 -32768
10 -227 213 25 -25 -32768 -32768 -32768 -32768
11 -189 178 20 -16 -32768 -32768 -32768 -32768
12 -153 142 14 -9 -32768 -32768 -32768 -32768
13 -104 94 9 -5 -32768 -32768 -32768 -32768
14 282 -320 295 -295 -32768 -32768 -32768 -32768
15 -23 -3 40 -53 -32768 -32768 -32768 -32768
16 -10 -1 0 4 -32768 -32768 -32768 -32768
17 52 -62 -5 9 -32768 -32768 -32768 -32768
18 73 -84 -5 10 -32768 -32768 -32768 -32768
19 60 -71 -11 15 -32768 -32768 -32768 -32768
20 52 -63 -33 36 -32768 -32768 -32768 -32768
21 50 -60 -74 75 -32768 -32768 -32768 -32768
22 37 -50 -84 89 -32768 -32768 -32768 -32768
23 -8 -3 -74 76 -32768 -32768 -32768 -32768
24 -13 1 -67 72 -32768 -32768 -32768 -32768
25 -53 42 -72 75 -32768 -32768 -32768 -32768
26 -83 71 -76 77 -32768 -32768 -32768 -32768
27 -102 90 -78 81 -32768 -32768 -32768 -32768
28 -113 102 -78 82 -32768 -32768 -32768 -32768
29 -135 125 -71 72 -32768 -32768 -32768 -32768
30 -144 131 -55 58 -32768 -32768 -32768 -32768
31 -134 125 -28 32 -32768 -32768 -32768 -32768
32 -139 128 23 -20 -32768 -32768 -32768 -32768
33 -137 124 51 -51 -32768 -32768 -32768 -32768
34 -63 54 54 -51 -32768 -32768 -32768 -32768
35 -77 68 70 -67 -32768 -32768 -32768 -32768
36 -96 87 60 -59 -32768 -32768 -32768 -32768
37 -91 80 40 -37 -32768 -32768 -32768 -32768
38 -132 119 37 -35 -32768 -32768 -32768 -32768
39 -166 156 37 -34 -32768 -32768 -32768 -32768
40 -183 173 36 -31 -32768 -32768 -32768 -32768
41 -186 172 -4 10 -32768 -32768 -32768 -32768
42 -193 181 -14 18 -32768 -32768 -32768 -32768
43 -172 163 -8 14 -32768 -32768 -32768 -32768
44 -161 151 22 -19 -32768 -32768 -32768 -32768
45 -153 142 58 -55 -32768 -32768 -32768 -32768
46 -171 159 82 -80 -32768 -32768 -32768 -32768
47 -231 215 76 -70 -32768 -32768 -32768 -32768
48 -300 285 157 -158 -32768 -32768 -32768 -32768
49 -248 235 146 -143 -32768 -32768 -32768 -32768
50 -190 181 118 -114 -32768 -32768 -32768 -32768
51 -183 170 140 -138 -32768 -32768 -32768 -32768
52 -142 130 223 -221 -32768 -32768 -32768 -32768
