OSINK 4A
1
12.05.21
Osova
0.0 0.0
0.0
0.00 0.00
-1.00 -1.00
0.00 0.00
20000.00
0.0
50
50
N
1
52
1 -220 189 110 -90 -32768 -32768 -32768 -32768
2 -219 189 112 -90 -32768 -32768 -32768 -32768
3 -212 189 111 -90 -32768 -32768 -32768 -32768
4 -212 187 140 -120 -32768 -32768 -32768 -32768
5 -238 214 104 -85 -32768 -32768 -32768 -32768
6 -265 241 64 -45 -32768 -32768 -32768 -32768
7 -257 234 33 -13 -32768 -32768 -32768 -32768
8 -257 235 26 -5 -32768 -32768 -32768 -32768
9 -247 224 26 -5 -32768 -32768 -32768 -32768
10 -233 209 33 -16 -32768 -32768 -32768 -32768
11 -196 172 26 -8 -32768 -32768 -32768 -32768
12 -159 134 21 0 -32768 -32768 -32768 -32768
13 -84 69 42 -7 -32768 -32768 -32768 -32768
14 345 -385 349 -315 -32768 -32768 -32768 -32768
15 -23 5 54 -30 -32768 -32768 -32768 -32768
16 -9 -13 6 12 -32768 -32768 -32768 -32768
17 49 -72 3 16 -32768 -32768 -32768 -32768
18 67 -90 2 17 -32768 -32768 -32768 -32768
19 55 -77 -1 24 -32768 -32768 -32768 -32768
20 44 -68 -28 49 -32768 -32768 -32768 -32768
21 44 -68 -68 88 -32768 -32768 -32768 -32768
22 30 -55 -73 94 -32768 -32768 -32768 -32768
23 -14 -9 -65 84 -32768 -32768 -32768 -32768
24 -21 -2 -59 79 -32768 -32768 -32768 -32768
25 -61 38 -64 85 -32768 -32768 -32768 -32768
26 -91 67 -66 86 -32768 -32768 -32768 -32768
27 -106 81 -71 92 -32768 -32768 -32768 -32768
28 -121 98 -68 88 -32768 -32768 -32768 -32768
29 -141 118 -62 82 -32768 -32768 -32768 -32768
30 -148 125 -43 62 -32768 -32768 -32768 -32768
31 -139 119 -15 38 -32768 -32768 -32768 -32768
32 -147 121 35 -15 -32768 -32768 -32768 -32768
33 -136 111 66 -45 -32768 -32768 -32768 -32768
34 -67 42 63 -42 -32768 -32768 -32768 -32768
35 -87 62 79 -61 -32768 -32768 -32768 -32768
36 -99 76 64 -44 -32768 -32768 -32768 -32768
37 -95 76 49 -28 -32768 -32768 -32768 -32768
38 -143 117 46 -27 -32768 -32768 -32768 -32768
39 -175 151 45 -26 -32768 -32768 -32768 -32768
40 -190 166 43 -24 -32768 -32768 -32768 -32768
41 -192 167 2 18 -32768 -32768 -32768 -32768
42 -198 174 -5 24 -32768 -32768 -32768 -32768
43 -178 155 1 20 -32768 -32768 -32768 -32768
44 -167 143 32 -11 -32768 -32768 -32768 -32768
45 -158 134 72 -52 -32768 -32768 -32768 -32768
46 -178 155 90 -70 -32768 -32768 -32768 -32768
47 -234 217 83 -65 -32768 -32768 -32768 -32768
48 -311 281 170 -154 -32768 -32768 -32768 -32768
49 -251 222 152 -131 -32768 -32768 -32768 -32768
50 -194 170 127 -106 -32768 -32768 -32768 -32768
51 -187 163 149 -130 -32768 -32768 -32768 -32768
52 -149 117 232 -227 -32768 -32768 -32768 -32768
