OSINK 4A
1
21.10.20
Osova
0.0 0.0
0.0
0.00 0.00
-1.00 -1.00
0.00 0.00
20000.00
0.0
50
50
N
1
52
1 -199 198 90 -84 -32768 -32768 -32768 -32768
2 -199 198 90 -84 -32768 -32768 -32768 -32768
3 -199 198 90 -85 -32768 -32768 -32768 -32768
4 -207 205 122 -117 -32768 -32768 -32768 -32768
5 -195 191 121 -120 -32768 -32768 -32768 -32768
6 -255 254 71 -65 -32768 -32768 -32768 -32768
7 -239 237 36 -31 -32768 -32768 -32768 -32768
8 -243 242 22 -16 -32768 -32768 -32768 -32768
9 -235 235 18 -13 -32768 -32768 -32768 -32768
10 -222 224 26 -22 -32768 -32768 -32768 -32768
11 -196 196 22 -18 -32768 -32768 -32768 -32768
12 -156 157 15 -10 -32768 -32768 -32768 -32768
13 -121 121 2 4 -32768 -32768 -32768 -32768
14 191 -202 209 -216 -32768 -32768 -32768 -32768
15 60 -85 111 -138 -32768 -32768 -32768 -32768
16 -20 19 0 2 -32768 -32768 -32768 -32768
17 43 -44 -4 8 -32768 -32768 -32768 -32768
18 81 -81 -6 12 -32768 -32768 -32768 -32768
19 67 -67 -9 13 -32768 -32768 -32768 -32768
20 61 -61 -28 30 -32768 -32768 -32768 -32768
21 51 -52 -69 72 -32768 -32768 -32768 -32768
22 47 -49 -86 91 -32768 -32768 -32768 -32768
23 0 0 -72 76 -32768 -32768 -32768 -32768
24 -6 5 -68 73 -32768 -32768 -32768 -32768
25 -45 41 -70 76 -32768 -32768 -32768 -32768
26 -77 76 -76 79 -32768 -32768 -32768 -32768
27 -95 95 -76 81 -32768 -32768 -32768 -32768
28 -105 104 -81 84 -32768 -32768 -32768 -32768
29 -130 129 -69 72 -32768 -32768 -32768 -32768
30 -138 136 -58 64 -32768 -32768 -32768 -32768
31 -131 131 -31 35 -32768 -32768 -32768 -32768
32 -131 131 17 -13 -32768 -32768 -32768 -32768
33 -133 130 53 -49 -32768 -32768 -32768 -32768
34 -63 61 55 -50 -32768 -32768 -32768 -32768
35 -69 70 68 -64 -32768 -32768 -32768 -32768
36 -91 91 63 -56 -32768 -32768 -32768 -32768
37 -86 83 42 -37 -32768 -32768 -32768 -32768
38 -123 122 37 -33 -32768 -32768 -32768 -32768
39 -159 159 38 -34 -32768 -32768 -32768 -32768
40 -178 178 36 -31 -32768 -32768 -32768 -32768
41 -181 180 -2 5 -32768 -32768 -32768 -32768
42 -186 185 -14 19 -32768 -32768 -32768 -32768
43 -169 168 -9 14 -32768 -32768 -32768 -32768
44 -157 156 20 -17 -32768 -32768 -32768 -32768
45 -146 147 60 -55 -32768 -32768 -32768 -32768
46 -165 164 83 -80 -32768 -32768 -32768 -32768
47 -220 220 75 -69 -32768 -32768 -32768 -32768
48 -295 291 159 -155 -32768 -32768 -32768 -32768
49 -241 241 145 -140 -32768 -32768 -32768 -32768
50 -187 185 118 -116 -32768 -32768 -32768 -32768
51 -177 176 141 -137 -32768 -32768 -32768 -32768
52 -139 136 223 -218 -32768 -32768 -32768 -32768
