OSINK 4A
1
24.02.21
Osova
0.0 0.0
0.0
0.00 0.00
-1.00 -1.00
0.00 0.00
20000.00
0.0
50
50
N
1
52
1 -211 202 77 -81 -32768 -32768 -32768 -32768
2 -211 202 77 -81 -32768 -32768 -32768 -32768
3 -211 202 77 -81 -32768 -32768 -32768 -32768
4 -209 192 133 -119 -32768 -32768 -32768 -32768
5 -228 213 108 -94 -32768 -32768 -32768 -32768
6 -261 246 67 -52 -32768 -32768 -32768 -32768
7 -251 235 33 -18 -32768 -32768 -32768 -32768
8 -254 238 24 -7 -32768 -32768 -32768 -32768
9 -242 227 22 -7 -32768 -32768 -32768 -32768
10 -230 214 31 -18 -32768 -32768 -32768 -32768
11 -194 179 25 -10 -32768 -32768 -32768 -32768
12 -155 141 19 -4 -32768 -32768 -32768 -32768
13 -94 91 39 0 -32768 -32768 -32768 -32768
14 304 -348 313 -302 -32768 -32768 -32768 -32768
15 -5 -12 65 -55 -32768 -32768 -32768 -32768
16 -16 -4 5 8 -32768 -32768 -32768 -32768
17 51 -63 0 14 -32768 -32768 -32768 -32768
18 72 -88 0 15 -32768 -32768 -32768 -32768
19 58 -74 -6 20 -32768 -32768 -32768 -32768
20 52 -66 -26 42 -32768 -32768 -32768 -32768
21 48 -62 -70 81 -32768 -32768 -32768 -32768
22 36 -53 -79 95 -32768 -32768 -32768 -32768
23 -9 -6 -67 81 -32768 -32768 -32768 -32768
24 -14 -1 -62 77 -32768 -32768 -32768 -32768
25 -55 39 -67 81 -32768 -32768 -32768 -32768
26 -85 69 -71 83 -32768 -32768 -32768 -32768
27 -102 86 -73 88 -32768 -32768 -32768 -32768
28 -116 98 -73 88 -32768 -32768 -32768 -32768
29 -139 122 -65 78 -32768 -32768 -32768 -32768
30 -146 128 -50 66 -32768 -32768 -32768 -32768
31 -137 122 -22 37 -32768 -32768 -32768 -32768
32 -140 125 26 -12 -32768 -32768 -32768 -32768
33 -137 122 59 -45 -32768 -32768 -32768 -32768
34 -68 51 59 -46 -32768 -32768 -32768 -32768
35 -79 63 73 -61 -32768 -32768 -32768 -32768
36 -97 82 65 -49 -32768 -32768 -32768 -32768
37 -96 78 45 -31 -32768 -32768 -32768 -32768
38 -134 117 41 -29 -32768 -32768 -32768 -32768
39 -167 151 43 -29 -32768 -32768 -32768 -32768
40 -186 171 40 -26 -32768 -32768 -32768 -32768
41 -188 172 0 13 -32768 -32768 -32768 -32768
42 -193 178 -8 23 -32768 -32768 -32768 -32768
43 -177 159 -5 18 -32768 -32768 -32768 -32768
44 -164 149 25 -14 -32768 -32768 -32768 -32768
45 -154 139 63 -51 -32768 -32768 -32768 -32768
46 -173 158 87 -73 -32768 -32768 -32768 -32768
47 -228 221 79 -67 -32768 -32768 -32768 -32768
48 -305 285 161 -154 -32768 -32768 -32768 -32768
49 -251 232 150 -134 -32768 -32768 -32768 -32768
50 -193 176 122 -109 -32768 -32768 -32768 -32768
51 -185 169 142 -131 -32768 -32768 -32768 -32768
52 -147 131 221 -206 -32768 -32768 -32768 -32768
