OSINK 4A
1
07.10.20
Osova
0.0 0.0
0.0
0.00 0.00
-1.00 -1.00
0.00 0.00
20000.00
0.0
50
50
N
1
52
1 -202 192 98 -97 -32768 -32768 -32768 -32768
2 -202 192 98 -97 -32768 -32768 -32768 -32768
3 -202 192 97 -97 -32768 -32768 -32768 -32768
4 -215 206 120 -118 -32768 -32768 -32768 -32768
5 -200 190 120 -122 -32768 -32768 -32768 -32768
6 -258 250 68 -65 -32768 -32768 -32768 -32768
7 -243 235 35 -34 -32768 -32768 -32768 -32768
8 -248 239 19 -16 -32768 -32768 -32768 -32768
9 -240 232 16 -15 -32768 -32768 -32768 -32768
10 -230 222 24 -25 -32768 -32768 -32768 -32768
11 -202 193 19 -19 -32768 -32768 -32768 -32768
12 -162 155 13 -12 -32768 -32768 -32768 -32768
13 -124 118 1 1 -32768 -32768 -32768 -32768
14 151 -176 186 -194 -32768 -32768 -32768 -32768
15 41 -68 97 -124 -32768 -32768 -32768 -32768
16 -27 18 0 0 -32768 -32768 -32768 -32768
17 36 -43 -5 5 -32768 -32768 -32768 -32768
18 75 -83 -9 10 -32768 -32768 -32768 -32768
19 60 -69 -9 12 -32768 -32768 -32768 -32768
20 54 -63 -29 28 -32768 -32768 -32768 -32768
21 45 -55 -70 70 -32768 -32768 -32768 -32768
22 44 -52 -88 89 -32768 -32768 -32768 -32768
23 -5 -4 -74 75 -32768 -32768 -32768 -32768
24 -10 3 -71 71 -32768 -32768 -32768 -32768
25 -49 40 -72 74 -32768 -32768 -32768 -32768
26 -82 73 -77 77 -32768 -32768 -32768 -32768
27 -101 92 -78 77 -32768 -32768 -32768 -32768
28 -109 102 -82 83 -32768 -32768 -32768 -32768
29 -135 126 -71 70 -32768 -32768 -32768 -32768
30 -144 133 -60 62 -32768 -32768 -32768 -32768
31 -136 129 -31 34 -32768 -32768 -32768 -32768
32 -137 129 14 -14 -32768 -32768 -32768 -32768
33 -138 128 50 -51 -32768 -32768 -32768 -32768
34 -71 60 53 -53 -32768 -32768 -32768 -32768
35 -73 64 65 -66 -32768 -32768 -32768 -32768
36 -96 90 61 -59 -32768 -32768 -32768 -32768
37 -92 82 40 -38 -32768 -32768 -32768 -32768
38 -128 118 35 -36 -32768 -32768 -32768 -32768
39 -164 155 37 -37 -32768 -32768 -32768 -32768
40 -183 176 35 -34 -32768 -32768 -32768 -32768
41 -187 176 -2 2 -32768 -32768 -32768 -32768
42 -191 182 -16 17 -32768 -32768 -32768 -32768
43 -175 165 -11 12 -32768 -32768 -32768 -32768
44 -162 153 19 -18 -32768 -32768 -32768 -32768
45 -153 144 56 -57 -32768 -32768 -32768 -32768
46 -171 161 80 -81 -32768 -32768 -32768 -32768
47 -222 215 72 -71 -32768 -32768 -32768 -32768
48 -300 289 155 -156 -32768 -32768 -32768 -32768
49 -248 238 145 -143 -32768 -32768 -32768 -32768
50 -193 184 117 -117 -32768 -32768 -32768 -32768
51 -183 174 139 -139 -32768 -32768 -32768 -32768
52 -143 133 222 -222 -32768 -32768 -32768 -32768
