OSINK 4A
1
10.09.20
Osova
0.0 0.0
0.0
0.00 0.00
-1.00 -1.00
0.00 0.00
20000.00
0.0
50
50
N
1
52
1 -205 188 85 -98 -32768 -32768 -32768 -32768
2 -205 188 85 -98 -32768 -32768 -32768 -32768
3 -205 191 85 -96 -32768 -32768 -32768 -32768
4 -212 196 116 -127 -32768 -32768 -32768 -32768
5 -198 182 116 -128 -32768 -32768 -32768 -32768
6 -263 247 61 -68 -32768 -32768 -32768 -32768
7 -248 233 28 -38 -32768 -32768 -32768 -32768
8 -248 234 14 -22 -32768 -32768 -32768 -32768
9 -241 226 12 -19 -32768 -32768 -32768 -32768
10 -231 217 19 -31 -32768 -32768 -32768 -32768
11 -206 189 15 -26 -32768 -32768 -32768 -32768
12 -165 150 9 -18 -32768 -32768 -32768 -32768
13 -127 112 -2 -4 -32768 -32768 -32768 -32768
14 104 -142 151 -179 -32768 -32768 -32768 -32768
15 29 -54 95 -118 -32768 -32768 -32768 -32768
16 -31 15 -4 -4 -32768 -32768 -32768 -32768
17 33 -47 -9 0 -32768 -32768 -32768 -32768
18 69 -85 -14 4 -32768 -32768 -32768 -32768
19 56 -71 -14 7 -32768 -32768 -32768 -32768
20 50 -65 -35 24 -32768 -32768 -32768 -32768
21 42 -57 -75 65 -32768 -32768 -32768 -32768
22 37 -53 -93 83 -32768 -32768 -32768 -32768
23 -10 -5 -79 70 -32768 -32768 -32768 -32768
24 -16 0 -75 66 -32768 -32768 -32768 -32768
25 -49 38 -76 69 -32768 -32768 -32768 -32768
26 -85 70 -82 72 -32768 -32768 -32768 -32768
27 -104 89 -83 74 -32768 -32768 -32768 -32768
28 -114 98 -87 78 -32768 -32768 -32768 -32768
29 -139 124 -75 65 -32768 -32768 -32768 -32768
30 -149 131 -65 57 -32768 -32768 -32768 -32768
31 -138 126 -37 28 -32768 -32768 -32768 -32768
32 -140 126 10 -20 -32768 -32768 -32768 -32768
33 -142 126 46 -56 -32768 -32768 -32768 -32768
34 -72 56 48 -57 -32768 -32768 -32768 -32768
35 -77 62 61 -71 -32768 -32768 -32768 -32768
36 -100 85 55 -63 -32768 -32768 -32768 -32768
37 -95 80 35 -44 -32768 -32768 -32768 -32768
38 -131 116 30 -41 -32768 -32768 -32768 -32768
39 -168 152 31 -42 -32768 -32768 -32768 -32768
40 -186 172 30 -39 -32768 -32768 -32768 -32768
41 -189 174 -8 -2 -32768 -32768 -32768 -32768
42 -195 179 -20 11 -32768 -32768 -32768 -32768
43 -177 161 -16 6 -32768 -32768 -32768 -32768
44 -164 150 14 -25 -32768 -32768 -32768 -32768
45 -155 139 53 -62 -32768 -32768 -32768 -32768
46 -172 156 77 -86 -32768 -32768 -32768 -32768
47 -226 214 70 -78 -32768 -32768 -32768 -32768
48 -302 283 150 -161 -32768 -32768 -32768 -32768
49 -250 232 140 -147 -32768 -32768 -32768 -32768
50 -196 181 114 -123 -32768 -32768 -32768 -32768
51 -185 170 135 -147 -32768 -32768 -32768 -32768
52 -148 129 212 -229 -32768 -32768 -32768 -32768
