OSINK 4A
1
27.10.20
Osova
0.0 0.0
0.0
0.00 0.00
-1.00 -1.00
0.00 0.00
20000.00
0.0
50
50
N
1
52
1 -204 191 84 -86 -32768 -32768 -32768 -32768
2 -204 191 84 -86 -32768 -32768 -32768 -32768
3 -204 191 84 -86 -32768 -32768 -32768 -32768
4 -211 203 121 -118 -32768 -32768 -32768 -32768
5 -199 190 119 -120 -32768 -32768 -32768 -32768
6 -258 250 70 -65 -32768 -32768 -32768 -32768
7 -244 235 35 -34 -32768 -32768 -32768 -32768
8 -246 240 20 -16 -32768 -32768 -32768 -32768
9 -238 233 18 -13 -32768 -32768 -32768 -32768
10 -228 222 25 -24 -32768 -32768 -32768 -32768
11 -199 193 21 -20 -32768 -32768 -32768 -32768
12 -160 154 15 -12 -32768 -32768 -32768 -32768
13 -125 120 2 2 -32768 -32768 -32768 -32768
14 192 -195 216 -209 -32768 -32768 -32768 -32768
15 56 -81 106 -131 -32768 -32768 -32768 -32768
16 -25 20 0 2 -32768 -32768 -32768 -32768
17 41 -47 -4 6 -32768 -32768 -32768 -32768
18 77 -85 -8 10 -32768 -32768 -32768 -32768
19 62 -71 -8 12 -32768 -32768 -32768 -32768
20 57 -65 -28 28 -32768 -32768 -32768 -32768
21 48 -55 -69 70 -32768 -32768 -32768 -32768
22 44 -53 -88 90 -32768 -32768 -32768 -32768
23 -3 -5 -73 76 -32768 -32768 -32768 -32768
24 -7 2 -70 71 -32768 -32768 -32768 -32768
25 -46 36 -71 74 -32768 -32768 -32768 -32768
26 -81 72 -76 78 -32768 -32768 -32768 -32768
27 -98 91 -77 78 -32768 -32768 -32768 -32768
28 -105 99 -82 84 -32768 -32768 -32768 -32768
29 -134 126 -69 70 -32768 -32768 -32768 -32768
30 -142 134 -60 64 -32768 -32768 -32768 -32768
31 -134 128 -31 34 -32768 -32768 -32768 -32768
32 -135 129 16 -15 -32768 -32768 -32768 -32768
33 -136 128 52 -50 -32768 -32768 -32768 -32768
34 -67 58 54 -52 -32768 -32768 -32768 -32768
35 -73 64 67 -65 -32768 -32768 -32768 -32768
36 -93 88 62 -58 -32768 -32768 -32768 -32768
37 -89 82 40 -38 -32768 -32768 -32768 -32768
38 -126 119 36 -35 -32768 -32768 -32768 -32768
39 -162 155 38 -36 -32768 -32768 -32768 -32768
40 -182 175 36 -33 -32768 -32768 -32768 -32768
41 -184 177 -3 4 -32768 -32768 -32768 -32768
42 -187 182 -12 17 -32768 -32768 -32768 -32768
43 -172 165 -9 13 -32768 -32768 -32768 -32768
44 -160 153 20 -19 -32768 -32768 -32768 -32768
45 -151 143 58 -56 -32768 -32768 -32768 -32768
46 -169 161 82 -80 -32768 -32768 -32768 -32768
47 -224 215 74 -71 -32768 -32768 -32768 -32768
48 -298 288 157 -157 -32768 -32768 -32768 -32768
49 -244 237 144 -142 -32768 -32768 -32768 -32768
50 -189 184 117 -117 -32768 -32768 -32768 -32768
51 -180 173 140 -138 -32768 -32768 -32768 -32768
52 -141 132 222 -221 -32768 -32768 -32768 -32768
