OSINK 4A
1
09.12.20
Osova
0.0 0.0
0.0
0.00 0.00
-1.00 -1.00
0.00 0.00
20000.00
0.0
50
50
N
1
52
1 -220 204 104 -90 -32768 -32768 -32768 -32768
2 -220 197 104 -88 -32768 -32768 -32768 -32768
3 -219 197 103 -88 -32768 -32768 -32768 -32768
4 -202 193 134 -124 -32768 -32768 -32768 -32768
5 -226 217 102 -90 -32768 -32768 -32768 -32768
6 -253 246 64 -55 -32768 -32768 -32768 -32768
7 -245 237 31 -20 -32768 -32768 -32768 -32768
8 -247 239 23 -11 -32768 -32768 -32768 -32768
9 -239 229 21 -11 -32768 -32768 -32768 -32768
10 -222 212 29 -20 -32768 -32768 -32768 -32768
11 -188 180 23 -12 -32768 -32768 -32768 -32768
12 -150 144 16 -6 -32768 -32768 -32768 -32768
13 -89 91 19 -3 -32768 -32768 -32768 -32768
14 309 -330 314 -295 -32768 -32768 -32768 -32768
15 5 -20 68 -69 -32768 -32768 -32768 -32768
16 -9 1 2 7 -32768 -32768 -32768 -32768
17 55 -61 -2 12 -32768 -32768 -32768 -32768
18 76 -83 -2 14 -32768 -32768 -32768 -32768
19 62 -71 -8 19 -32768 -32768 -32768 -32768
20 52 -61 -32 42 -32768 -32768 -32768 -32768
21 53 -60 -76 85 -32768 -32768 -32768 -32768
22 39 -47 -81 90 -32768 -32768 -32768 -32768
23 -4 -4 -70 80 -32768 -32768 -32768 -32768
24 -12 5 -63 75 -32768 -32768 -32768 -32768
25 -52 47 -70 80 -32768 -32768 -32768 -32768
26 -82 75 -72 81 -32768 -32768 -32768 -32768
27 -99 91 -75 85 -32768 -32768 -32768 -32768
28 -113 106 -74 83 -32768 -32768 -32768 -32768
29 -134 127 -67 77 -32768 -32768 -32768 -32768
30 -141 133 -49 60 -32768 -32768 -32768 -32768
31 -133 125 -23 33 -32768 -32768 -32768 -32768
32 -136 128 26 -18 -32768 -32768 -32768 -32768
33 -131 123 58 -49 -32768 -32768 -32768 -32768
34 -63 55 57 -46 -32768 -32768 -32768 -32768
35 -84 76 76 -66 -32768 -32768 -32768 -32768
36 -91 85 65 -52 -32768 -32768 -32768 -32768
37 -90 81 43 -34 -32768 -32768 -32768 -32768
38 -122 117 39 -31 -32768 -32768 -32768 -32768
39 -165 156 42 -31 -32768 -32768 -32768 -32768
40 -181 174 40 -28 -32768 -32768 -32768 -32768
41 -184 175 0 10 -32768 -32768 -32768 -32768
42 -189 181 -10 21 -32768 -32768 -32768 -32768
43 -171 162 -4 16 -32768 -32768 -32768 -32768
44 -160 151 26 -16 -32768 -32768 -32768 -32768
45 -150 142 65 -55 -32768 -32768 -32768 -32768
46 -169 161 86 -75 -32768 -32768 -32768 -32768
47 -224 220 77 -69 -32768 -32768 -32768 -32768
48 -299 286 165 -156 -32768 -32768 -32768 -32768
49 -243 233 149 -137 -32768 -32768 -32768 -32768
50 -188 180 121 -113 -32768 -32768 -32768 -32768
51 -180 171 142 -135 -32768 -32768 -32768 -32768
52 -141 124 223 -228 -32768 -32768 -32768 -32768
