OSINK 4A
1
28.04.21
Osova
0.0 0.0
0.0
0.00 0.00
-1.00 -1.00
0.00 0.00
20000.00
0.0
50
50
N
1
52
1 -230 199 118 -97 -32768 -32768 -32768 -32768
2 -230 199 118 -97 -32768 -32768 -32768 -32768
3 -222 199 117 -97 -32768 -32768 -32768 -32768
4 -222 187 139 -122 -32768 -32768 -32768 -32768
5 -245 216 102 -87 -32768 -32768 -32768 -32768
6 -267 243 58 -48 -32768 -32768 -32768 -32768
7 -261 234 31 -14 -32768 -32768 -32768 -32768
8 -262 234 25 -6 -32768 -32768 -32768 -32768
9 -251 224 23 -6 -32768 -32768 -32768 -32768
10 -238 209 31 -17 -32768 -32768 -32768 -32768
11 -199 173 22 -9 -32768 -32768 -32768 -32768
12 -164 135 18 -2 -32768 -32768 -32768 -32768
13 -91 73 42 -5 -32768 -32768 -32768 -32768
14 339 -377 347 -314 -32768 -32768 -32768 -32768
15 -26 -1 53 -39 -32768 -32768 -32768 -32768
16 -18 -11 5 9 -32768 -32768 -32768 -32768
17 43 -71 0 14 -32768 -32768 -32768 -32768
18 62 -87 0 16 -32768 -32768 -32768 -32768
19 50 -78 -5 23 -32768 -32768 -32768 -32768
20 40 -68 -31 46 -32768 -32768 -32768 -32768
21 40 -68 -72 85 -32768 -32768 -32768 -32768
22 26 -55 -76 90 -32768 -32768 -32768 -32768
23 -18 -9 -67 82 -32768 -32768 -32768 -32768
24 -25 -2 -62 77 -32768 -32768 -32768 -32768
25 -65 39 -66 83 -32768 -32768 -32768 -32768
26 -94 68 -69 84 -32768 -32768 -32768 -32768
27 -111 81 -73 90 -32768 -32768 -32768 -32768
28 -124 97 -72 87 -32768 -32768 -32768 -32768
29 -146 118 -65 80 -32768 -32768 -32768 -32768
30 -153 125 -45 62 -32768 -32768 -32768 -32768
31 -144 117 -20 35 -32768 -32768 -32768 -32768
32 -150 122 32 -17 -32768 -32768 -32768 -32768
33 -140 113 63 -47 -32768 -32768 -32768 -32768
34 -73 43 60 -44 -32768 -32768 -32768 -32768
35 -89 63 75 -63 -32768 -32768 -32768 -32768
36 -105 76 64 -46 -32768 -32768 -32768 -32768
37 -102 73 47 -30 -32768 -32768 -32768 -32768
38 -143 115 43 -28 -32768 -32768 -32768 -32768
39 -178 150 42 -27 -32768 -32768 -32768 -32768
40 -194 166 40 -25 -32768 -32768 -32768 -32768
41 -196 167 0 16 -32768 -32768 -32768 -32768
42 -202 174 -9 23 -32768 -32768 -32768 -32768
43 -181 154 -1 17 -32768 -32768 -32768 -32768
44 -172 144 29 -14 -32768 -32768 -32768 -32768
45 -164 133 68 -52 -32768 -32768 -32768 -32768
46 -181 153 87 -73 -32768 -32768 -32768 -32768
47 -242 210 81 -63 -32768 -32768 -32768 -32768
48 -314 280 168 -156 -32768 -32768 -32768 -32768
49 -255 225 151 -132 -32768 -32768 -32768 -32768
50 -199 171 124 -108 -32768 -32768 -32768 -32768
51 -194 163 144 -131 -32768 -32768 -32768 -32768
52 -153 121 228 -221 -32768 -32768 -32768 -32768
