OSINK 4A
1
13.04.21
Osova
0.0 0.0
0.0
0.00 0.00
-1.00 -1.00
0.00 0.00
20000.00
0.0
50
50
N
1
52
1 -231 222 69 -76 -32768 -32768 -32768 -32768
2 -231 222 69 -76 -32768 -32768 -32768 -32768
3 -231 222 69 -76 -32768 -32768 -32768 -32768
4 -213 191 128 -125 -32768 -32768 -32768 -32768
5 -239 210 97 -99 -32768 -32768 -32768 -32768
6 -265 242 59 -55 -32768 -32768 -32768 -32768
7 -256 235 26 -23 -32768 -32768 -32768 -32768
8 -257 235 17 -14 -32768 -32768 -32768 -32768
9 -246 224 16 -14 -32768 -32768 -32768 -32768
10 -232 211 25 -25 -32768 -32768 -32768 -32768
11 -198 177 19 -17 -32768 -32768 -32768 -32768
12 -162 137 13 -9 -32768 -32768 -32768 -32768
13 -105 82 11 -9 -32768 -32768 -32768 -32768
14 332 -372 329 -322 -32768 -32768 -32768 -32768
15 -12 -5 57 -52 -32768 -32768 -32768 -32768
16 -13 -10 0 3 -32768 -32768 -32768 -32768
17 46 -70 -5 7 -32768 -32768 -32768 -32768
18 69 -88 -5 8 -32768 -32768 -32768 -32768
19 58 -76 -13 15 -32768 -32768 -32768 -32768
20 46 -68 -35 38 -32768 -32768 -32768 -32768
21 45 -66 -75 79 -32768 -32768 -32768 -32768
22 31 -55 -83 86 -32768 -32768 -32768 -32768
23 -12 -8 -73 75 -32768 -32768 -32768 -32768
24 -17 -2 -67 70 -32768 -32768 -32768 -32768
25 -59 40 -73 76 -32768 -32768 -32768 -32768
26 -89 67 -76 80 -32768 -32768 -32768 -32768
27 -105 81 -80 84 -32768 -32768 -32768 -32768
28 -118 97 -78 80 -32768 -32768 -32768 -32768
29 -140 119 -72 72 -32768 -32768 -32768 -32768
30 -149 126 -54 56 -32768 -32768 -32768 -32768
31 -137 118 -25 25 -32768 -32768 -32768 -32768
32 -144 122 24 -24 -32768 -32768 -32768 -32768
33 -138 116 54 -53 -32768 -32768 -32768 -32768
34 -68 45 53 -51 -32768 -32768 -32768 -32768
35 -83 64 69 -70 -32768 -32768 -32768 -32768
36 -99 79 59 -56 -32768 -32768 -32768 -32768
37 -95 75 40 -37 -32768 -32768 -32768 -32768
38 -134 115 35 -35 -32768 -32768 -32768 -32768
39 -173 150 36 -35 -32768 -32768 -32768 -32768
40 -185 167 41 -32 -32768 -32768 -32768 -32768
41 -190 168 -4 9 -32768 -32768 -32768 -32768
42 -196 175 -14 17 -32768 -32768 -32768 -32768
43 -175 155 -8 10 -32768 -32768 -32768 -32768
44 -166 146 22 -21 -32768 -32768 -32768 -32768
45 -157 135 59 -61 -32768 -32768 -32768 -32768
46 -176 155 82 -79 -32768 -32768 -32768 -32768
47 -233 222 74 -75 -32768 -32768 -32768 -32768
48 -309 282 160 -162 -32768 -32768 -32768 -32768
49 -254 225 144 -139 -32768 -32768 -32768 -32768
50 -194 172 116 -115 -32768 -32768 -32768 -32768
51 -187 164 138 -139 -32768 -32768 -32768 -32768
52 -147 122 221 -222 -32768 -32768 -32768 -32768
