OSINK 4A
1
16.09.20
Osova
0.0 0.0
0.0
0.00 0.00
-1.00 -1.00
0.00 0.00
20000.00
0.0
50
50
N
1
52
1 -208 199 94 -78 -32768 -32768 -32768 -32768
2 -208 200 94 -77 -32768 -32768 -32768 -32768
3 -207 200 93 -77 -32768 -32768 -32768 -32768
4 -212 205 125 -113 -32768 -32768 -32768 -32768
5 -193 188 127 -118 -32768 -32768 -32768 -32768
6 -257 250 74 -60 -32768 -32768 -32768 -32768
7 -242 234 41 -29 -32768 -32768 -32768 -32768
8 -244 236 26 -12 -32768 -32768 -32768 -32768
9 -237 231 23 -11 -32768 -32768 -32768 -32768
10 -227 220 31 -21 -32768 -32768 -32768 -32768
11 -199 193 25 -15 -32768 -32768 -32768 -32768
12 -161 154 19 -9 -32768 -32768 -32768 -32768
13 -123 117 8 5 -32768 -32768 -32768 -32768
14 128 -155 177 -176 -32768 -32768 -32768 -32768
15 39 -53 109 -108 -32768 -32768 -32768 -32768
16 -25 17 5 5 -32768 -32768 -32768 -32768
17 38 -45 0 10 -32768 -32768 -32768 -32768
18 75 -82 -4 14 -32768 -32768 -32768 -32768
19 61 -68 -4 16 -32768 -32768 -32768 -32768
20 55 -62 -25 33 -32768 -32768 -32768 -32768
21 46 -54 -65 76 -32768 -32768 -32768 -32768
22 43 -50 -83 94 -32768 -32768 -32768 -32768
23 -5 -2 -69 80 -32768 -32768 -32768 -32768
24 -11 3 -64 75 -32768 -32768 -32768 -32768
25 -48 39 -66 79 -32768 -32768 -32768 -32768
26 -81 74 -71 83 -32768 -32768 -32768 -32768
27 -100 91 -73 83 -32768 -32768 -32768 -32768
28 -110 102 -77 87 -32768 -32768 -32768 -32768
29 -135 127 -64 75 -32768 -32768 -32768 -32768
30 -143 134 -55 67 -32768 -32768 -32768 -32768
31 -135 129 -26 38 -32768 -32768 -32768 -32768
32 -136 130 20 -10 -32768 -32768 -32768 -32768
33 -137 130 57 -46 -32768 -32768 -32768 -32768
34 -68 58 60 -47 -32768 -32768 -32768 -32768
35 -73 67 72 -63 -32768 -32768 -32768 -32768
36 -95 89 66 -54 -32768 -32768 -32768 -32768
37 -90 82 45 -34 -32768 -32768 -32768 -32768
38 -127 119 41 -31 -32768 -32768 -32768 -32768
39 -163 155 43 -32 -32768 -32768 -32768 -32768
40 -182 176 40 -29 -32768 -32768 -32768 -32768
41 -185 178 2 7 -32768 -32768 -32768 -32768
42 -190 182 -10 22 -32768 -32768 -32768 -32768
43 -173 166 -5 17 -32768 -32768 -32768 -32768
44 -160 153 24 -14 -32768 -32768 -32768 -32768
45 -150 141 63 -52 -32768 -32768 -32768 -32768
46 -169 161 87 -74 -32768 -32768 -32768 -32768
47 -221 211 79 -67 -32768 -32768 -32768 -32768
48 -299 288 161 -150 -32768 -32768 -32768 -32768
49 -245 239 151 -138 -32768 -32768 -32768 -32768
50 -192 185 124 -114 -32768 -32768 -32768 -32768
51 -182 173 146 -136 -32768 -32768 -32768 -32768
52 -143 133 227 -218 -32768 -32768 -32768 -32768
