OSINK 4A
1
15.10.20
Osova
0.0 0.0
0.0
0.00 0.00
-1.00 -1.00
0.00 0.00
20000.00
0.0
50
50
N
1
52
1 -203 198 90 -92 -32768 -32768 -32768 -32768
2 -203 198 90 -92 -32768 -32768 -32768 -32768
3 -203 198 90 -92 -32768 -32768 -32768 -32768
4 -212 204 117 -117 -32768 -32768 -32768 -32768
5 -198 190 119 -122 -32768 -32768 -32768 -32768
6 -258 252 70 -67 -32768 -32768 -32768 -32768
7 -241 236 36 -36 -32768 -32768 -32768 -32768
8 -244 238 19 -19 -32768 -32768 -32768 -32768
9 -238 232 16 -16 -32768 -32768 -32768 -32768
10 -226 221 23 -26 -32768 -32768 -32768 -32768
11 -199 193 19 -21 -32768 -32768 -32768 -32768
12 -158 153 12 -13 -32768 -32768 -32768 -32768
13 -124 119 1 1 -32768 -32768 -32768 -32768
14 182 -195 205 -212 -32768 -32768 -32768 -32768
15 62 -77 110 -131 -32768 -32768 -32768 -32768
16 -25 18 -1 0 -32768 -32768 -32768 -32768
17 40 -43 -5 3 -32768 -32768 -32768 -32768
18 77 -82 -10 10 -32768 -32768 -32768 -32768
19 62 -70 -10 11 -32768 -32768 -32768 -32768
20 57 -63 -31 28 -32768 -32768 -32768 -32768
21 47 -55 -69 69 -32768 -32768 -32768 -32768
22 44 -51 -89 88 -32768 -32768 -32768 -32768
23 -2 -6 -74 74 -32768 -32768 -32768 -32768
24 -9 3 -70 70 -32768 -32768 -32768 -32768
25 -47 38 -73 73 -32768 -32768 -32768 -32768
26 -80 73 -78 77 -32768 -32768 -32768 -32768
27 -98 93 -79 77 -32768 -32768 -32768 -32768
28 -108 100 -83 82 -32768 -32768 -32768 -32768
29 -133 126 -71 70 -32768 -32768 -32768 -32768
30 -141 134 -61 62 -32768 -32768 -32768 -32768
31 -134 128 -33 33 -32768 -32768 -32768 -32768
32 -135 129 14 -15 -32768 -32768 -32768 -32768
33 -136 128 51 -51 -32768 -32768 -32768 -32768
34 -67 59 52 -53 -32768 -32768 -32768 -32768
35 -72 64 65 -66 -32768 -32768 -32768 -32768
36 -94 88 60 -59 -32768 -32768 -32768 -32768
37 -89 83 39 -39 -32768 -32768 -32768 -32768
38 -126 118 33 -36 -32768 -32768 -32768 -32768
39 -162 156 36 -37 -32768 -32768 -32768 -32768
40 -181 175 34 -34 -32768 -32768 -32768 -32768
41 -184 177 -2 2 -32768 -32768 -32768 -32768
42 -189 182 -16 16 -32768 -32768 -32768 -32768
43 -172 165 -12 11 -32768 -32768 -32768 -32768
44 -160 153 18 -20 -32768 -32768 -32768 -32768
45 -151 144 57 -58 -32768 -32768 -32768 -32768
46 -168 161 80 -82 -32768 -32768 -32768 -32768
47 -223 216 73 -72 -32768 -32768 -32768 -32768
48 -298 288 155 -157 -32768 -32768 -32768 -32768
49 -244 237 143 -143 -32768 -32768 -32768 -32768
50 -192 182 115 -118 -32768 -32768 -32768 -32768
51 -180 174 139 -139 -32768 -32768 -32768 -32768
52 -141 133 220 -223 -32768 -32768 -32768 -32768
