OSINK 4A
1
18.10.21
Osova
0.0 0.0
0.0
0.00 0.00
-1.00 -1.00
0.00 0.00
20000.00
0.0
50
50
N
1
52
1 -258 220 117 -106 -32768 -32768 -32768 -32768
2 -258 217 117 -105 -32768 -32768 -32768 -32768
3 -257 217 117 -105 -32768 -32768 -32768 -32768
4 -223 194 134 -124 -32768 -32768 -32768 -32768
5 -248 223 102 -90 -32768 -32768 -32768 -32768
6 -274 247 63 -52 -32768 -32768 -32768 -32768
7 -263 236 29 -17 -32768 -32768 -32768 -32768
8 -256 229 26 -13 -32768 -32768 -32768 -32768
9 -246 219 24 -12 -32768 -32768 -32768 -32768
10 -236 206 31 -22 -32768 -32768 -32768 -32768
11 -199 170 23 -13 -32768 -32768 -32768 -32768
12 -163 135 18 -5 -32768 -32768 -32768 -32768
13 -90 59 39 -18 -32768 -32768 -32768 -32768
14 375 -422 367 -341 -32768 -32768 -32768 -32768
15 -6 2 70 -36 -32768 -32768 -32768 -32768
16 -17 -17 3 8 -32768 -32768 -32768 -32768
17 44 -73 0 11 -32768 -32768 -32768 -32768
18 65 -92 -1 13 -32768 -32768 -32768 -32768
19 54 -82 -6 20 -32768 -32768 -32768 -32768
20 44 -70 -31 44 -32768 -32768 -32768 -32768
21 45 -72 -74 84 -32768 -32768 -32768 -32768
22 31 -59 -79 90 -32768 -32768 -32768 -32768
23 -13 -13 -69 79 -32768 -32768 -32768 -32768
24 -21 -6 -63 75 -32768 -32768 -32768 -32768
25 -62 36 -68 81 -32768 -32768 -32768 -32768
26 -90 63 -69 81 -32768 -32768 -32768 -32768
27 -104 74 -75 88 -32768 -32768 -32768 -32768
28 -120 94 -72 83 -32768 -32768 -32768 -32768
29 -140 113 -65 77 -32768 -32768 -32768 -32768
30 -147 120 -45 56 -32768 -32768 -32768 -32768
31 -138 112 -16 31 -32768 -32768 -32768 -32768
32 -146 116 34 -18 -32768 -32768 -32768 -32768
33 -133 106 63 -50 -32768 -32768 -32768 -32768
34 -65 37 59 -47 -32768 -32768 -32768 -32768
35 -86 60 75 -67 -32768 -32768 -32768 -32768
36 -99 71 62 -48 -32768 -32768 -32768 -32768
37 -99 71 45 -34 -32768 -32768 -32768 -32768
38 -142 113 43 -31 -32768 -32768 -32768 -32768
39 -175 148 41 -30 -32768 -32768 -32768 -32768
40 -191 164 38 -28 -32768 -32768 -32768 -32768
41 -192 164 -3 15 -32768 -32768 -32768 -32768
42 -199 172 -10 22 -32768 -32768 -32768 -32768
43 -176 151 -1 14 -32768 -32768 -32768 -32768
44 -169 140 28 -17 -32768 -32768 -32768 -32768
45 -160 130 68 -60 -32768 -32768 -32768 -32768
46 -180 151 85 -74 -32768 -32768 -32768 -32768
47 -244 221 81 -71 -32768 -32768 -32768 -32768
48 -313 280 170 -161 -32768 -32768 -32768 -32768
49 -248 219 148 -134 -32768 -32768 -32768 -32768
50 -194 167 122 -110 -32768 -32768 -32768 -32768
51 -188 159 146 -136 -32768 -32768 -32768 -32768
52 -148 116 235 -226 -32768 -32768 -32768 -32768
