OSINK 9A
1
25.03.21
Osova
0.0 0.0
0.0
0.00 0.00
-1.00 -1.00
0.00 0.00
20000.00
0.0
50
50
N
1
52
1 -375 362 37 -40 -32768 -32768 -32768 -32768
2 -375 362 37 -40 -32768 -32768 -32768 -32768
3 -375 362 36 -40 -32768 -32768 -32768 -32768
4 -375 362 36 -40 -32768 -32768 -32768 -32768
5 -375 362 36 -40 -32768 -32768 -32768 -32768
6 -375 362 36 -40 -32768 -32768 -32768 -32768
7 -385 367 61 -58 -32768 -32768 -32768 -32768
8 -370 352 102 -102 -32768 -32768 -32768 -32768
9 -383 366 135 -133 -32768 -32768 -32768 -32768
10 -399 379 148 -146 -32768 -32768 -32768 -32768
11 -296 274 152 -151 -32768 -32768 -32768 -32768
12 -319 299 76 -72 -32768 -32768 -32768 -32768
13 -340 327 120 -116 -32768 -32768 -32768 -32768
14 -253 234 176 -175 -32768 -32768 -32768 -32768
15 -308 292 172 -169 -32768 -32768 -32768 -32768
16 -325 308 168 -166 -32768 -32768 -32768 -32768
17 -347 332 157 -152 -32768 -32768 -32768 -32768
18 -325 307 184 -180 -32768 -32768 -32768 -32768
19 -336 320 180 -177 -32768 -32768 -32768 -32768
20 -342 327 177 -173 -32768 -32768 -32768 -32768
21 -332 315 186 -184 -32768 -32768 -32768 -32768
22 -326 309 190 -190 -32768 -32768 -32768 -32768
23 -335 319 185 -182 -32768 -32768 -32768 -32768
24 -326 312 193 -189 -32768 -32768 -32768 -32768
25 -337 322 163 -159 -32768 -32768 -32768 -32768
26 -361 345 155 -154 -32768 -32768 -32768 -32768
27 -382 365 167 -166 -32768 -32768 -32768 -32768
28 -395 379 170 -167 -32768 -32768 -32768 -32768
29 -460 447 166 -166 -32768 -32768 -32768 -32768
30 -493 475 194 -192 -32768 -32768 -32768 -32768
31 -447 437 195 -190 -32768 -32768 -32768 -32768
32 -282 268 193 -193 -32768 -32768 -32768 -32768
33 -280 265 194 -192 -32768 -32768 -32768 -32768
34 -284 267 211 -208 -32768 -32768 -32768 -32768
35 -355 337 222 -219 -32768 -32768 -32768 -32768
36 -368 353 260 -258 -32768 -32768 -32768 -32768
37 -364 348 268 -266 -32768 -32768 -32768 -32768
38 -360 344 284 -284 -32768 -32768 -32768 -32768
39 -373 356 301 -299 -32768 -32768 -32768 -32768
40 -382 366 311 -307 -32768 -32768 -32768 -32768
41 -383 364 341 -341 -32768 -32768 -32768 -32768
42 -281 263 332 -330 -32768 -32768 -32768 -32768
43 -301 283 361 -357 -32768 -32768 -32768 -32768
44 -322 307 359 -357 -32768 -32768 -32768 -32768
45 -340 322 350 -349 -32768 -32768 -32768 -32768
46 -348 331 348 -345 -32768 -32768 -32768 -32768
47 -351 337 337 -335 -32768 -32768 -32768 -32768
48 -347 330 367 -364 -32768 -32768 -32768 -32768
49 -345 329 383 -379 -32768 -32768 -32768 -32768
50 -317 299 372 -369 -32768 -32768 -32768 -32768
51 -290 274 348 -346 -32768 -32768 -32768 -32768
52 -253 239 367 -365 -32768 -32768 -32768 -32768
