OSINK 9A
1
01.10.20
Osova
0.0 0.0
0.0
0.00 0.00
-1.00 -1.00
0.00 0.00
20000.00
0.0
50
50
N
1
52
1 -495 484 -1 -2 -32768 -32768 -32768 -32768
2 -495 484 -1 -2 -32768 -32768 -32768 -32768
3 -495 484 -1 -2 -32768 -32768 -32768 -32768
4 -495 484 -1 -2 -32768 -32768 -32768 -32768
5 -496 484 -2 -2 -32768 -32768 -32768 -32768
6 -496 484 -2 -2 -32768 -32768 -32768 -32768
7 -462 452 36 -37 -32768 -32768 -32768 -32768
8 -408 401 92 -93 -32768 -32768 -32768 -32768
9 -382 372 123 -124 -32768 -32768 -32768 -32768
10 -368 358 144 -146 -32768 -32768 -32768 -32768
11 -352 342 147 -146 -32768 -32768 -32768 -32768
12 -353 342 145 -149 -32768 -32768 -32768 -32768
13 -356 347 133 -133 -32768 -32768 -32768 -32768
14 -323 313 149 -151 -32768 -32768 -32768 -32768
15 -321 309 162 -164 -32768 -32768 -32768 -32768
16 -329 319 159 -159 -32768 -32768 -32768 -32768
17 -356 345 150 -150 -32768 -32768 -32768 -32768
18 -345 335 160 -164 -32768 -32768 -32768 -32768
19 -344 334 171 -172 -32768 -32768 -32768 -32768
20 -352 343 166 -168 -32768 -32768 -32768 -32768
21 -352 344 180 -179 -32768 -32768 -32768 -32768
22 -349 340 176 -179 -32768 -32768 -32768 -32768
23 -346 337 175 -179 -32768 -32768 -32768 -32768
24 -335 329 192 -195 -32768 -32768 -32768 -32768
25 -343 334 160 -159 -32768 -32768 -32768 -32768
26 -365 355 152 -154 -32768 -32768 -32768 -32768
27 -387 377 163 -164 -32768 -32768 -32768 -32768
28 -397 387 165 -167 -32768 -32768 -32768 -32768
29 -464 456 162 -164 -32768 -32768 -32768 -32768
30 -501 489 188 -191 -32768 -32768 -32768 -32768
31 -459 450 191 -191 -32768 -32768 -32768 -32768
32 -306 296 189 -192 -32768 -32768 -32768 -32768
33 -285 277 190 -191 -32768 -32768 -32768 -32768
34 -281 271 208 -209 -32768 -32768 -32768 -32768
35 -349 342 217 -219 -32768 -32768 -32768 -32768
36 -368 357 258 -259 -32768 -32768 -32768 -32768
37 -362 352 268 -268 -32768 -32768 -32768 -32768
38 -359 350 282 -285 -32768 -32768 -32768 -32768
39 -371 361 298 -300 -32768 -32768 -32768 -32768
40 -380 371 309 -308 -32768 -32768 -32768 -32768
41 -375 366 340 -342 -32768 -32768 -32768 -32768
42 -279 269 331 -332 -32768 -32768 -32768 -32768
43 -297 288 360 -358 -32768 -32768 -32768 -32768
44 -319 310 358 -359 -32768 -32768 -32768 -32768
45 -337 326 349 -352 -32768 -32768 -32768 -32768
46 -345 336 346 -346 -32768 -32768 -32768 -32768
47 -351 342 336 -337 -32768 -32768 -32768 -32768
48 -345 336 366 -367 -32768 -32768 -32768 -32768
49 -341 332 382 -383 -32768 -32768 -32768 -32768
50 -310 299 368 -370 -32768 -32768 -32768 -32768
51 -288 278 348 -348 -32768 -32768 -32768 -32768
52 -242 233 367 -367 -32768 -32768 -32768 -32768
