OSINK 9A
1
21.01.21
Osova
0.0 0.0
0.0
0.00 0.00
-1.00 -1.00
0.00 0.00
20000.00
0.0
50
50
N
1
52
1 -405 386 25 -28 -32768 -32768 -32768 -32768
2 -404 386 25 -28 -32768 -32768 -32768 -32768
3 -404 387 25 -28 -32768 -32768 -32768 -32768
4 -404 387 25 -28 -32768 -32768 -32768 -32768
5 -404 387 25 -28 -32768 -32768 -32768 -32768
6 -404 386 25 -28 -32768 -32768 -32768 -32768
7 -418 395 57 -55 -32768 -32768 -32768 -32768
8 -387 366 106 -108 -32768 -32768 -32768 -32768
9 -381 360 143 -144 -32768 -32768 -32768 -32768
10 -410 391 152 -152 -32768 -32768 -32768 -32768
11 -305 283 144 -146 -32768 -32768 -32768 -32768
12 -324 300 89 -89 -32768 -32768 -32768 -32768
13 -343 322 140 -139 -32768 -32768 -32768 -32768
14 -288 266 184 -188 -32768 -32768 -32768 -32768
15 -315 293 160 -160 -32768 -32768 -32768 -32768
16 -329 309 153 -153 -32768 -32768 -32768 -32768
17 -360 340 154 -156 -32768 -32768 -32768 -32768
18 -337 315 171 -172 -32768 -32768 -32768 -32768
19 -344 324 177 -177 -32768 -32768 -32768 -32768
20 -352 333 174 -173 -32768 -32768 -32768 -32768
21 -338 317 183 -185 -32768 -32768 -32768 -32768
22 -331 309 187 -190 -32768 -32768 -32768 -32768
23 -340 320 184 -184 -32768 -32768 -32768 -32768
24 -332 314 192 -189 -32768 -32768 -32768 -32768
25 -341 322 162 -161 -32768 -32768 -32768 -32768
26 -366 344 153 -156 -32768 -32768 -32768 -32768
27 -385 364 165 -168 -32768 -32768 -32768 -32768
28 -398 378 169 -169 -32768 -32768 -32768 -32768
29 -466 444 167 -169 -32768 -32768 -32768 -32768
30 -493 474 194 -195 -32768 -32768 -32768 -32768
31 -449 434 193 -193 -32768 -32768 -32768 -32768
32 -285 266 192 -195 -32768 -32768 -32768 -32768
33 -284 266 193 -193 -32768 -32768 -32768 -32768
34 -288 266 210 -210 -32768 -32768 -32768 -32768
35 -359 336 221 -221 -32768 -32768 -32768 -32768
36 -370 351 260 -260 -32768 -32768 -32768 -32768
37 -365 345 268 -268 -32768 -32768 -32768 -32768
38 -364 343 283 -285 -32768 -32768 -32768 -32768
39 -374 354 300 -301 -32768 -32768 -32768 -32768
40 -382 364 310 -310 -32768 -32768 -32768 -32768
41 -383 362 341 -344 -32768 -32768 -32768 -32768
42 -282 261 332 -332 -32768 -32768 -32768 -32768
43 -302 282 359 -359 -32768 -32768 -32768 -32768
44 -324 304 358 -360 -32768 -32768 -32768 -32768
45 -341 320 349 -351 -32768 -32768 -32768 -32768
46 -349 328 347 -347 -32768 -32768 -32768 -32768
47 -354 336 335 -337 -32768 -32768 -32768 -32768
48 -348 328 366 -366 -32768 -32768 -32768 -32768
49 -347 326 381 -382 -32768 -32768 -32768 -32768
50 -319 299 370 -373 -32768 -32768 -32768 -32768
51 -293 273 346 -348 -32768 -32768 -32768 -32768
52 -255 234 367 -368 -32768 -32768 -32768 -32768
