OSINK 9A
1
10.09.20
Osova
0.0 0.0
0.0
0.00 0.00
-1.00 -1.00
0.00 0.00
20000.00
0.0
50
50
N
1
52
1 -488 489 3 9 -32768 -32768 -32768 -32768
2 -488 489 3 9 -32768 -32768 -32768 -32768
3 -489 489 2 9 -32768 -32768 -32768 -32768
4 -489 491 2 9 -32768 -32768 -32768 -32768
5 -489 491 2 9 -32768 -32768 -32768 -32768
6 -489 491 2 10 -32768 -32768 -32768 -32768
7 -455 456 47 -29 -32768 -32768 -32768 -32768
8 -407 408 97 -82 -32768 -32768 -32768 -32768
9 -375 378 132 -118 -32768 -32768 -32768 -32768
10 -364 363 152 -135 -32768 -32768 -32768 -32768
11 -350 346 153 -136 -32768 -32768 -32768 -32768
12 -347 346 155 -138 -32768 -32768 -32768 -32768
13 -352 352 144 -125 -32768 -32768 -32768 -32768
14 -319 319 158 -142 -32768 -32768 -32768 -32768
15 -316 316 171 -155 -32768 -32768 -32768 -32768
16 -326 325 169 -152 -32768 -32768 -32768 -32768
17 -350 352 159 -141 -32768 -32768 -32768 -32768
18 -340 341 168 -155 -32768 -32768 -32768 -32768
19 -340 337 180 -163 -32768 -32768 -32768 -32768
20 -349 349 176 -159 -32768 -32768 -32768 -32768
21 -350 350 188 -170 -32768 -32768 -32768 -32768
22 -347 348 185 -170 -32768 -32768 -32768 -32768
23 -349 340 184 -171 -32768 -32768 -32768 -32768
24 -337 335 198 -184 -32768 -32768 -32768 -32768
25 -340 341 169 -150 -32768 -32768 -32768 -32768
26 -362 360 162 -146 -32768 -32768 -32768 -32768
27 -384 382 172 -155 -32768 -32768 -32768 -32768
28 -394 393 175 -158 -32768 -32768 -32768 -32768
29 -460 462 170 -154 -32768 -32768 -32768 -32768
30 -499 496 198 -182 -32768 -32768 -32768 -32768
31 -459 460 199 -183 -32768 -32768 -32768 -32768
32 -304 308 198 -183 -32768 -32768 -32768 -32768
33 -282 284 199 -182 -32768 -32768 -32768 -32768
34 -277 277 217 -199 -32768 -32768 -32768 -32768
35 -344 347 227 -209 -32768 -32768 -32768 -32768
36 -364 362 267 -250 -32768 -32768 -32768 -32768
37 -358 357 276 -258 -32768 -32768 -32768 -32768
38 -355 356 292 -275 -32768 -32768 -32768 -32768
39 -366 365 309 -292 -32768 -32768 -32768 -32768
40 -376 375 319 -301 -32768 -32768 -32768 -32768
41 -374 374 349 -335 -32768 -32768 -32768 -32768
42 -276 273 340 -327 -32768 -32768 -32768 -32768
43 -293 294 369 -350 -32768 -32768 -32768 -32768
44 -313 316 368 -351 -32768 -32768 -32768 -32768
45 -332 332 358 -343 -32768 -32768 -32768 -32768
46 -340 340 356 -339 -32768 -32768 -32768 -32768
47 -346 347 346 -329 -32768 -32768 -32768 -32768
48 -341 340 376 -358 -32768 -32768 -32768 -32768
49 -337 338 392 -374 -32768 -32768 -32768 -32768
50 -307 307 378 -362 -32768 -32768 -32768 -32768
51 -283 281 357 -341 -32768 -32768 -32768 -32768
52 -239 238 377 -362 -32768 -32768 -32768 -32768
