OSINK 9A
1
10.12.20
Osova
0.0 0.0
0.0
0.00 0.00
-1.00 -1.00
0.00 0.00
20000.00
0.0
50
50
N
1
52
1 -426 410 28 -38 -32768 -32768 -32768 -32768
2 -426 409 28 -37 -32768 -32768 -32768 -32768
3 -426 409 28 -37 -32768 -32768 -32768 -32768
4 -426 411 28 -34 -32768 -32768 -32768 -32768
5 -425 411 27 -34 -32768 -32768 -32768 -32768
6 -426 410 27 -35 -32768 -32768 -32768 -32768
7 -419 400 54 -60 -32768 -32768 -32768 -32768
8 -392 375 108 -114 -32768 -32768 -32768 -32768
9 -385 369 140 -144 -32768 -32768 -32768 -32768
10 -420 404 150 -152 -32768 -32768 -32768 -32768
11 -323 301 146 -147 -32768 -32768 -32768 -32768
12 -301 285 122 -126 -32768 -32768 -32768 -32768
13 -319 304 150 -153 -32768 -32768 -32768 -32768
14 -313 297 153 -158 -32768 -32768 -32768 -32768
15 -317 302 155 -157 -32768 -32768 -32768 -32768
16 -327 314 152 -154 -32768 -32768 -32768 -32768
17 -359 345 153 -156 -32768 -32768 -32768 -32768
18 -337 320 169 -171 -32768 -32768 -32768 -32768
19 -344 329 176 -178 -32768 -32768 -32768 -32768
20 -354 339 173 -175 -32768 -32768 -32768 -32768
21 -339 323 182 -184 -32768 -32768 -32768 -32768
22 -332 318 186 -191 -32768 -32768 -32768 -32768
23 -340 325 182 -183 -32768 -32768 -32768 -32768
24 -333 319 186 -188 -32768 -32768 -32768 -32768
25 -342 327 158 -161 -32768 -32768 -32768 -32768
26 -366 349 153 -156 -32768 -32768 -32768 -32768
27 -385 369 164 -169 -32768 -32768 -32768 -32768
28 -397 381 167 -170 -32768 -32768 -32768 -32768
29 -466 449 165 -170 -32768 -32768 -32768 -32768
30 -494 478 191 -195 -32768 -32768 -32768 -32768
31 -459 421 192 -195 -32768 -32768 -32768 -32768
32 -286 268 191 -195 -32768 -32768 -32768 -32768
33 -281 266 193 -194 -32768 -32768 -32768 -32768
34 -287 272 210 -212 -32768 -32768 -32768 -32768
35 -355 339 220 -222 -32768 -32768 -32768 -32768
36 -369 355 258 -260 -32768 -32768 -32768 -32768
37 -364 349 268 -270 -32768 -32768 -32768 -32768
38 -358 349 283 -289 -32768 -32768 -32768 -32768
39 -371 358 299 -301 -32768 -32768 -32768 -32768
40 -382 368 310 -311 -32768 -32768 -32768 -32768
41 -376 360 340 -345 -32768 -32768 -32768 -32768
42 -281 263 331 -335 -32768 -32768 -32768 -32768
43 -300 285 360 -362 -32768 -32768 -32768 -32768
44 -322 307 356 -359 -32768 -32768 -32768 -32768
45 -340 324 349 -352 -32768 -32768 -32768 -32768
46 -346 332 345 -347 -32768 -32768 -32768 -32768
47 -352 338 336 -338 -32768 -32768 -32768 -32768
48 -347 332 365 -368 -32768 -32768 -32768 -32768
49 -344 329 380 -383 -32768 -32768 -32768 -32768
50 -314 298 367 -371 -32768 -32768 -32768 -32768
51 -290 274 347 -350 -32768 -32768 -32768 -32768
52 -249 232 367 -369 -32768 -32768 -32768 -32768
