OSINK 9A
1
18.02.21
Osova
0.0 0.0
0.0
0.00 0.00
-1.00 -1.00
0.00 0.00
20000.00
0.0
50
50
N
1
52
1 -390 377 19 -20 -32768 -32768 -32768 -32768
2 -390 377 19 -20 -32768 -32768 -32768 -32768
3 -390 377 18 -20 -32768 -32768 -32768 -32768
4 -390 377 18 -20 -32768 -32768 -32768 -32768
5 -390 377 18 -20 -32768 -32768 -32768 -32768
6 -390 377 18 -20 -32768 -32768 -32768 -32768
7 -407 393 49 -44 -32768 -32768 -32768 -32768
8 -376 362 103 -101 -32768 -32768 -32768 -32768
9 -370 357 142 -139 -32768 -32768 -32768 -32768
10 -399 385 152 -148 -32768 -32768 -32768 -32768
11 -296 277 151 -147 -32768 -32768 -32768 -32768
12 -313 300 81 -78 -32768 -32768 -32768 -32768
13 -348 335 123 -117 -32768 -32768 -32768 -32768
14 -268 252 190 -188 -32768 -32768 -32768 -32768
15 -310 295 178 -173 -32768 -32768 -32768 -32768
16 -326 315 162 -156 -32768 -32768 -32768 -32768
17 -351 340 151 -145 -32768 -32768 -32768 -32768
18 -331 317 180 -174 -32768 -32768 -32768 -32768
19 -341 326 180 -176 -32768 -32768 -32768 -32768
20 -345 333 177 -172 -32768 -32768 -32768 -32768
21 -334 321 187 -182 -32768 -32768 -32768 -32768
22 -327 313 190 -189 -32768 -32768 -32768 -32768
23 -337 323 184 -180 -32768 -32768 -32768 -32768
24 -329 316 194 -190 -32768 -32768 -32768 -32768
25 -337 325 165 -157 -32768 -32768 -32768 -32768
26 -362 347 156 -153 -32768 -32768 -32768 -32768
27 -382 368 168 -165 -32768 -32768 -32768 -32768
28 -395 381 171 -166 -32768 -32768 -32768 -32768
29 -461 449 168 -167 -32768 -32768 -32768 -32768
30 -494 478 195 -192 -32768 -32768 -32768 -32768
31 -452 440 196 -190 -32768 -32768 -32768 -32768
32 -284 271 194 -193 -32768 -32768 -32768 -32768
33 -280 268 196 -191 -32768 -32768 -32768 -32768
34 -286 271 213 -208 -32768 -32768 -32768 -32768
35 -353 339 221 -218 -32768 -32768 -32768 -32768
36 -369 356 261 -257 -32768 -32768 -32768 -32768
37 -364 352 270 -265 -32768 -32768 -32768 -32768
38 -361 347 284 -282 -32768 -32768 -32768 -32768
39 -372 358 302 -297 -32768 -32768 -32768 -32768
40 -382 369 312 -307 -32768 -32768 -32768 -32768
41 -383 370 342 -340 -32768 -32768 -32768 -32768
42 -281 268 334 -329 -32768 -32768 -32768 -32768
43 -299 288 361 -356 -32768 -32768 -32768 -32768
44 -321 307 362 -358 -32768 -32768 -32768 -32768
45 -341 325 351 -348 -32768 -32768 -32768 -32768
46 -347 334 349 -345 -32768 -32768 -32768 -32768
47 -352 339 338 -335 -32768 -32768 -32768 -32768
48 -347 333 368 -364 -32768 -32768 -32768 -32768
49 -345 332 384 -379 -32768 -32768 -32768 -32768
50 -315 303 371 -371 -32768 -32768 -32768 -32768
51 -290 278 348 -344 -32768 -32768 -32768 -32768
52 -251 239 369 -364 -32768 -32768 -32768 -32768
