OSINK 9A
1
27.08.20
Osova
0.0 0.0
0.0
0.00 0.00
-1.00 -1.00
0.00 0.00
20000.00
0.0
50
50
N
1
52
1 -507 487 9 -20 -32768 -32768 -32768 -32768
2 -507 487 9 -20 -32768 -32768 -32768 -32768
3 -507 487 9 -20 -32768 -32768 -32768 -32768
4 -505 488 8 -20 -32768 -32768 -32768 -32768
5 -505 488 8 -20 -32768 -32768 -32768 -32768
6 -509 488 9 -20 -32768 -32768 -32768 -32768
7 -462 447 36 -42 -32768 -32768 -32768 -32768
8 -416 400 84 -92 -32768 -32768 -32768 -32768
9 -388 369 123 -129 -32768 -32768 -32768 -32768
10 -372 355 139 -146 -32768 -32768 -32768 -32768
11 -359 343 142 -149 -32768 -32768 -32768 -32768
12 -355 336 137 -144 -32768 -32768 -32768 -32768
13 -362 345 132 -137 -32768 -32768 -32768 -32768
14 -329 311 146 -152 -32768 -32768 -32768 -32768
15 -325 309 160 -167 -32768 -32768 -32768 -32768
16 -334 316 157 -164 -32768 -32768 -32768 -32768
17 -361 342 146 -152 -32768 -32768 -32768 -32768
18 -349 332 157 -166 -32768 -32768 -32768 -32768
19 -348 330 167 -175 -32768 -32768 -32768 -32768
20 -358 341 163 -171 -32768 -32768 -32768 -32768
21 -360 343 176 -182 -32768 -32768 -32768 -32768
22 -356 339 174 -181 -32768 -32768 -32768 -32768
23 -352 333 176 -183 -32768 -32768 -32768 -32768
24 -346 326 184 -197 -32768 -32768 -32768 -32768
25 -349 332 158 -163 -32768 -32768 -32768 -32768
26 -369 352 151 -159 -32768 -32768 -32768 -32768
27 -387 370 155 -162 -32768 -32768 -32768 -32768
28 -411 393 164 -171 -32768 -32768 -32768 -32768
29 -463 449 160 -168 -32768 -32768 -32768 -32768
30 -507 487 184 -193 -32768 -32768 -32768 -32768
31 -468 453 189 -194 -32768 -32768 -32768 -32768
32 -315 301 185 -195 -32768 -32768 -32768 -32768
33 -292 274 187 -193 -32768 -32768 -32768 -32768
34 -285 267 205 -210 -32768 -32768 -32768 -32768
35 -352 338 213 -221 -32768 -32768 -32768 -32768
36 -373 353 254 -262 -32768 -32768 -32768 -32768
37 -367 348 265 -270 -32768 -32768 -32768 -32768
38 -363 346 279 -287 -32768 -32768 -32768 -32768
39 -374 357 296 -303 -32768 -32768 -32768 -32768
40 -385 367 305 -312 -32768 -32768 -32768 -32768
41 -384 365 338 -346 -32768 -32768 -32768 -32768
42 -284 266 329 -335 -32768 -32768 -32768 -32768
43 -300 285 357 -361 -32768 -32768 -32768 -32768
44 -322 305 357 -364 -32768 -32768 -32768 -32768
45 -340 322 347 -354 -32768 -32768 -32768 -32768
46 -349 331 343 -350 -32768 -32768 -32768 -32768
47 -354 338 333 -340 -32768 -32768 -32768 -32768
48 -349 331 363 -369 -32768 -32768 -32768 -32768
49 -346 329 380 -385 -32768 -32768 -32768 -32768
50 -317 300 367 -376 -32768 -32768 -32768 -32768
51 -291 274 344 -349 -32768 -32768 -32768 -32768
52 -240 230 349 -371 -32768 -32768 -32768 -32768
