OSINK 9A
1
03.06.21
Osova
0.0 0.0
0.0
0.00 0.00
-1.00 -1.00
0.00 0.00
20000.00
0.0
50
50
N
1
52
1 -377 352 29 -24 -32768 -32768 -32768 -32768
2 -377 351 29 -24 -32768 -32768 -32768 -32768
3 -377 351 29 -24 -32768 -32768 -32768 -32768
4 -377 352 29 -24 -32768 -32768 -32768 -32768
5 -377 353 29 -25 -32768 -32768 -32768 -32768
6 -377 353 29 -25 -32768 -32768 -32768 -32768
7 -378 359 67 -62 -32768 -32768 -32768 -32768
8 -368 348 104 -106 -32768 -32768 -32768 -32768
9 -388 370 137 -137 -32768 -32768 -32768 -32768
10 -392 375 149 -150 -32768 -32768 -32768 -32768
11 -284 263 135 -143 -32768 -32768 -32768 -32768
12 -327 308 80 -80 -32768 -32768 -32768 -32768
13 -332 310 130 -133 -32768 -32768 -32768 -32768
14 -248 227 176 -178 -32768 -32768 -32768 -32768
15 -303 287 158 -157 -32768 -32768 -32768 -32768
16 -322 305 168 -168 -32768 -32768 -32768 -32768
17 -341 324 167 -163 -32768 -32768 -32768 -32768
18 -320 302 183 -182 -32768 -32768 -32768 -32768
19 -331 314 180 -180 -32768 -32768 -32768 -32768
20 -341 322 179 -178 -32768 -32768 -32768 -32768
21 -327 310 187 -185 -32768 -32768 -32768 -32768
22 -325 306 190 -194 -32768 -32768 -32768 -32768
23 -335 309 185 -194 -32768 -32768 -32768 -32768
24 -328 311 187 -189 -32768 -32768 -32768 -32768
25 -339 321 162 -160 -32768 -32768 -32768 -32768
26 -363 346 155 -154 -32768 -32768 -32768 -32768
27 -382 363 166 -168 -32768 -32768 -32768 -32768
28 -399 380 168 -169 -32768 -32768 -32768 -32768
29 -470 450 167 -169 -32768 -32768 -32768 -32768
30 -490 475 197 -195 -32768 -32768 -32768 -32768
31 -445 424 194 -194 -32768 -32768 -32768 -32768
32 -282 263 193 -194 -32768 -32768 -32768 -32768
33 -280 263 195 -194 -32768 -32768 -32768 -32768
34 -291 270 213 -212 -32768 -32768 -32768 -32768
35 -360 343 222 -224 -32768 -32768 -32768 -32768
36 -369 352 259 -260 -32768 -32768 -32768 -32768
37 -365 348 270 -266 -32768 -32768 -32768 -32768
38 -361 344 285 -286 -32768 -32768 -32768 -32768
39 -375 356 301 -301 -32768 -32768 -32768 -32768
40 -384 366 311 -310 -32768 -32768 -32768 -32768
41 -376 353 342 -345 -32768 -32768 -32768 -32768
42 -281 261 333 -333 -32768 -32768 -32768 -32768
43 -302 284 364 -364 -32768 -32768 -32768 -32768
44 -325 307 356 -357 -32768 -32768 -32768 -32768
45 -341 323 350 -352 -32768 -32768 -32768 -32768
46 -348 330 345 -346 -32768 -32768 -32768 -32768
47 -354 336 338 -338 -32768 -32768 -32768 -32768
48 -349 330 368 -368 -32768 -32768 -32768 -32768
49 -345 327 382 -382 -32768 -32768 -32768 -32768
50 -314 296 367 -367 -32768 -32768 -32768 -32768
51 -290 271 349 -350 -32768 -32768 -32768 -32768
52 -250 232 366 -366 -32768 -32768 -32768 -32768
