OSINK 9A
1
04.03.21
Osova
0.0 0.0
0.0
0.00 0.00
-1.00 -1.00
0.00 0.00
20000.00
0.0
50
50
N
1
52
1 -385 379 38 -37 -32768 -32768 -32768 -32768
2 -387 379 38 -37 -32768 -32768 -32768 -32768
3 -387 379 38 -37 -32768 -32768 -32768 -32768
4 -387 379 38 -37 -32768 -32768 -32768 -32768
5 -387 379 38 -37 -32768 -32768 -32768 -32768
6 -387 379 38 -36 -32768 -32768 -32768 -32768
7 -394 382 62 -54 -32768 -32768 -32768 -32768
8 -369 357 106 -101 -32768 -32768 -32768 -32768
9 -376 367 142 -136 -32768 -32768 -32768 -32768
10 -397 386 152 -145 -32768 -32768 -32768 -32768
11 -289 274 151 -140 -32768 -32768 -32768 -32768
12 -314 304 80 -73 -32768 -32768 -32768 -32768
13 -334 328 125 -118 -32768 -32768 -32768 -32768
14 -258 246 183 -178 -32768 -32768 -32768 -32768
15 -310 300 180 -173 -32768 -32768 -32768 -32768
16 -323 315 167 -161 -32768 -32768 -32768 -32768
17 -347 338 157 -149 -32768 -32768 -32768 -32768
18 -326 315 184 -176 -32768 -32768 -32768 -32768
19 -335 326 181 -174 -32768 -32768 -32768 -32768
20 -342 331 179 -171 -32768 -32768 -32768 -32768
21 -328 320 189 -181 -32768 -32768 -32768 -32768
22 -324 314 192 -188 -32768 -32768 -32768 -32768
23 -333 324 188 -180 -32768 -32768 -32768 -32768
24 -325 317 194 -184 -32768 -32768 -32768 -32768
25 -335 326 166 -157 -32768 -32768 -32768 -32768
26 -360 349 157 -151 -32768 -32768 -32768 -32768
27 -379 368 168 -164 -32768 -32768 -32768 -32768
28 -393 382 172 -165 -32768 -32768 -32768 -32768
29 -457 450 168 -164 -32768 -32768 -32768 -32768
30 -489 479 197 -190 -32768 -32768 -32768 -32768
31 -445 434 197 -191 -32768 -32768 -32768 -32768
32 -282 269 196 -191 -32768 -32768 -32768 -32768
33 -278 269 197 -189 -32768 -32768 -32768 -32768
34 -283 270 214 -207 -32768 -32768 -32768 -32768
35 -352 342 224 -217 -32768 -32768 -32768 -32768
36 -366 356 262 -256 -32768 -32768 -32768 -32768
37 -362 351 273 -263 -32768 -32768 -32768 -32768
38 -359 348 287 -281 -32768 -32768 -32768 -32768
39 -371 359 303 -296 -32768 -32768 -32768 -32768
40 -379 370 314 -306 -32768 -32768 -32768 -32768
41 -373 364 345 -339 -32768 -32768 -32768 -32768
42 -278 266 335 -327 -32768 -32768 -32768 -32768
43 -298 288 364 -357 -32768 -32768 -32768 -32768
44 -320 311 361 -355 -32768 -32768 -32768 -32768
45 -338 326 353 -348 -32768 -32768 -32768 -32768
46 -345 334 350 -343 -32768 -32768 -32768 -32768
47 -350 340 340 -334 -32768 -32768 -32768 -32768
48 -344 334 371 -362 -32768 -32768 -32768 -32768
49 -340 332 385 -378 -32768 -32768 -32768 -32768
50 -310 301 371 -367 -32768 -32768 -32768 -32768
51 -287 277 351 -344 -32768 -32768 -32768 -32768
52 -249 238 370 -362 -32768 -32768 -32768 -32768
