OSINK 9A
1
16.06.20
Osova
0.0 0.0
0.0
0.00 0.00
-1.00 -1.00
0.00 0.00
20000.00
0.0
50
50
N
1
52
1 -513 506 15 -17 18 -13 514 -505
2 -513 507 15 -16 18 -12 514 -505
3 -513 507 15 -16 18 -12 514 -505
4 -511 507 12 -16 18 -12 514 -504
5 -511 509 12 -18 18 -12 514 -504
6 -509 509 7 -18 18 -12 514 -504
7 -458 455 42 -41 45 -50 454 -454
8 -415 410 87 -91 92 -97 415 -415
9 -378 372 134 -134 136 -138 371 -373
10 -359 352 147 -148 148 -152 351 -354
11 -352 346 147 -148 148 -151 347 -350
12 -350 344 139 -140 143 -147 347 -350
13 -345 340 136 -135 138 -142 342 -342
14 -319 315 154 -156 158 -161 318 -320
15 -318 312 167 -168 171 -175 315 -316
16 -328 322 163 -163 165 -170 327 -329
17 -354 348 152 -151 158 -158 350 -352
18 -343 339 162 -166 168 -168 337 -344
19 -342 337 171 -172 173 -176 339 -340
20 -356 349 167 -168 170 -174 350 -351
21 -356 352 180 -179 180 -185 355 -354
22 -352 347 177 -180 180 -184 350 -353
23 -349 342 180 -181 184 -188 342 -348
24 -344 335 187 -195 194 -195 341 -338
25 -346 341 163 -161 163 -169 345 -344
26 -365 360 155 -156 157 -162 363 -365
27 -383 377 159 -160 163 -167 377 -379
28 -406 401 166 -168 170 -176 403 -404
29 -460 456 162 -165 162 -171 458 -460
30 -504 495 186 -189 195 -199 497 -499
31 -466 460 193 -191 194 -199 460 -459
32 -321 313 186 -189 189 -191 314 -317
33 -289 284 191 -191 194 -198 288 -289
34 -281 274 207 -207 211 -214 280 -282
35 -344 340 215 -218 214 -223 340 -340
36 -368 360 257 -258 262 -265 365 -367
37 -360 355 267 -267 270 -274 358 -358
38 -358 353 282 -284 285 -288 355 -357
39 -369 363 300 -300 303 -306 370 -371
40 -378 373 309 -309 311 -314 378 -380
41 -377 373 341 -343 348 -351 373 -376
42 -281 273 332 -333 338 -340 277 -281
43 -296 291 360 -357 361 -366 296 -295
44 -316 311 360 -361 362 -366 315 -317
45 -335 329 350 -352 352 -355 335 -337
46 -344 338 346 -347 345 -349 344 -346
47 -349 344 337 -337 341 -345 346 -348
48 -343 337 365 -367 372 -377 343 -344
49 -341 336 383 -383 385 -390 342 -343
50 -311 304 369 -371 372 -375 310 -310
51 -285 278 346 -348 350 -355 285 -287
52 -242 238 367 -368 369 -373 243 -244
