OSINK 9A
1
27.05.21
Osova
0.0 0.0
0.0
0.00 0.00
-1.00 -1.00
0.00 0.00
20000.00
0.0
50
50
N
1
52
1 -376 347 36 -25 -32768 -32768 -32768 -32768
2 -376 347 36 -25 -32768 -32768 -32768 -32768
3 -376 347 36 -25 -32768 -32768 -32768 -32768
4 -376 347 37 -25 -32768 -32768 -32768 -32768
5 -376 347 37 -25 -32768 -32768 -32768 -32768
6 -376 347 37 -25 -32768 -32768 -32768 -32768
7 -376 362 70 -57 -32768 -32768 -32768 -32768
8 -365 351 108 -101 -32768 -32768 -32768 -32768
9 -385 372 142 -133 -32768 -32768 -32768 -32768
10 -388 377 153 -144 -32768 -32768 -32768 -32768
11 -284 266 135 -137 -32768 -32768 -32768 -32768
12 -327 309 85 -74 -32768 -32768 -32768 -32768
13 -325 316 137 -126 -32768 -32768 -32768 -32768
14 -246 231 181 -173 -32768 -32768 -32768 -32768
15 -302 289 164 -153 -32768 -32768 -32768 -32768
16 -320 307 172 -162 -32768 -32768 -32768 -32768
17 -339 327 172 -160 -32768 -32768 -32768 -32768
18 -318 305 188 -177 -32768 -32768 -32768 -32768
19 -329 317 185 -175 -32768 -32768 -32768 -32768
20 -338 326 182 -172 -32768 -32768 -32768 -32768
21 -325 312 191 -181 -32768 -32768 -32768 -32768
22 -323 310 196 -188 -32768 -32768 -32768 -32768
23 -331 319 191 -181 -32768 -32768 -32768 -32768
24 -325 313 192 -183 -32768 -32768 -32768 -32768
25 -335 324 167 -155 -32768 -32768 -32768 -32768
26 -360 349 160 -150 -32768 -32768 -32768 -32768
27 -380 366 172 -163 -32768 -32768 -32768 -32768
28 -396 381 174 -164 -32768 -32768 -32768 -32768
29 -464 450 172 -163 -32768 -32768 -32768 -32768
30 -496 477 199 -190 -32768 -32768 -32768 -32768
31 -440 427 200 -189 -32768 -32768 -32768 -32768
32 -278 263 198 -189 -32768 -32768 -32768 -32768
33 -278 265 199 -189 -32768 -32768 -32768 -32768
34 -285 273 216 -208 -32768 -32768 -32768 -32768
35 -357 342 227 -218 -32768 -32768 -32768 -32768
36 -366 354 264 -255 -32768 -32768 -32768 -32768
37 -362 350 274 -264 -32768 -32768 -32768 -32768
38 -358 346 289 -281 -32768 -32768 -32768 -32768
39 -371 359 306 -296 -32768 -32768 -32768 -32768
40 -380 368 317 -305 -32768 -32768 -32768 -32768
41 -371 346 347 -339 -32768 -32768 -32768 -32768
42 -279 265 337 -328 -32768 -32768 -32768 -32768
43 -299 286 368 -356 -32768 -32768 -32768 -32768
44 -322 308 362 -353 -32768 -32768 -32768 -32768
45 -338 326 356 -347 -32768 -32768 -32768 -32768
46 -345 332 351 -340 -32768 -32768 -32768 -32768
47 -351 339 343 -334 -32768 -32768 -32768 -32768
48 -346 332 371 -363 -32768 -32768 -32768 -32768
49 -342 329 387 -377 -32768 -32768 -32768 -32768
50 -312 296 372 -361 -32768 -32768 -32768 -32768
51 -287 274 353 -344 -32768 -32768 -32768 -32768
52 -248 234 371 -361 -32768 -32768 -32768 -32768
