OSINK 9A
1
04.02.21
Osova
0.0 0.0
0.0
0.00 0.00
-1.00 -1.00
0.00 0.00
20000.00
0.0
50
50
N
1
52
1 -412 393 30 -37 -32768 -32768 -32768 -32768
2 -413 393 31 -37 -32768 -32768 -32768 -32768
3 -413 393 31 -38 -32768 -32768 -32768 -32768
4 -413 393 31 -38 -32768 -32768 -32768 -32768
5 -413 393 31 -38 -32768 -32768 -32768 -32768
6 -412 392 31 -38 -32768 -32768 -32768 -32768
7 -415 393 56 -56 -32768 -32768 -32768 -32768
8 -382 363 106 -105 -32768 -32768 -32768 -32768
9 -379 358 144 -144 -32768 -32768 -32768 -32768
10 -404 386 151 -149 -32768 -32768 -32768 -32768
11 -292 278 138 -144 -32768 -32768 -32768 -32768
12 -325 302 85 -83 -32768 -32768 -32768 -32768
13 -347 329 134 -130 -32768 -32768 -32768 -32768
14 -278 258 193 -193 -32768 -32768 -32768 -32768
15 -314 292 164 -164 -32768 -32768 -32768 -32768
16 -329 309 154 -153 -32768 -32768 -32768 -32768
17 -356 338 151 -149 -32768 -32768 -32768 -32768
18 -336 316 176 -173 -32768 -32768 -32768 -32768
19 -343 324 177 -177 -32768 -32768 -32768 -32768
20 -350 330 174 -172 -32768 -32768 -32768 -32768
21 -336 319 184 -183 -32768 -32768 -32768 -32768
22 -329 310 187 -190 -32768 -32768 -32768 -32768
23 -339 322 184 -179 -32768 -32768 -32768 -32768
24 -330 313 190 -190 -32768 -32768 -32768 -32768
25 -342 321 162 -159 -32768 -32768 -32768 -32768
26 -364 345 154 -154 -32768 -32768 -32768 -32768
27 -385 364 166 -166 -32768 -32768 -32768 -32768
28 -398 375 169 -169 -32768 -32768 -32768 -32768
29 -462 440 166 -165 -32768 -32768 -32768 -32768
30 -495 476 193 -193 -32768 -32768 -32768 -32768
31 -456 434 193 -192 -32768 -32768 -32768 -32768
32 -292 265 194 -194 -32768 -32768 -32768 -32768
33 -282 265 194 -192 -32768 -32768 -32768 -32768
34 -285 268 210 -211 -32768 -32768 -32768 -32768
35 -355 337 220 -222 -32768 -32768 -32768 -32768
36 -370 351 259 -259 -32768 -32768 -32768 -32768
37 -367 345 267 -266 -32768 -32768 -32768 -32768
38 -363 343 283 -284 -32768 -32768 -32768 -32768
39 -376 354 301 -299 -32768 -32768 -32768 -32768
40 -382 365 310 -308 -32768 -32768 -32768 -32768
41 -380 362 341 -342 -32768 -32768 -32768 -32768
42 -283 262 332 -331 -32768 -32768 -32768 -32768
43 -302 283 362 -358 -32768 -32768 -32768 -32768
44 -324 304 359 -359 -32768 -32768 -32768 -32768
45 -341 321 350 -349 -32768 -32768 -32768 -32768
46 -350 331 347 -347 -32768 -32768 -32768 -32768
47 -354 336 338 -336 -32768 -32768 -32768 -32768
48 -348 327 366 -364 -32768 -32768 -32768 -32768
49 -347 329 382 -381 -32768 -32768 -32768 -32768
50 -317 300 369 -373 -32768 -32768 -32768 -32768
51 -292 272 347 -347 -32768 -32768 -32768 -32768
52 -252 233 368 -365 -32768 -32768 -32768 -32768
