OSINK 9A
1
13.05.21
Osova
0.0 0.0
0.0
0.00 0.00
-1.00 -1.00
0.00 0.00
20000.00
0.0
50
50
N
1
52
1 -384 362 35 -20 -32768 -32768 -32768 -32768
2 -384 362 35 -20 -32768 -32768 -32768 -32768
3 -384 362 35 -20 -32768 -32768 -32768 -32768
4 -384 362 34 -20 -32768 -32768 -32768 -32768
5 -384 362 34 -20 -32768 -32768 -32768 -32768
6 -384 362 34 -20 -32768 -32768 -32768 -32768
7 -384 361 72 -48 -32768 -32768 -32768 -32768
8 -371 349 113 -94 -32768 -32768 -32768 -32768
9 -392 368 146 -128 -32768 -32768 -32768 -32768
10 -394 372 158 -138 -32768 -32768 -32768 -32768
11 -288 263 143 -132 -32768 -32768 -32768 -32768
12 -331 305 89 -71 -32768 -32768 -32768 -32768
13 -334 312 139 -119 -32768 -32768 -32768 -32768
14 -255 230 185 -166 -32768 -32768 -32768 -32768
15 -309 289 170 -151 -32768 -32768 -32768 -32768
16 -328 305 177 -158 -32768 -32768 -32768 -32768
17 -346 324 174 -154 -32768 -32768 -32768 -32768
18 -324 302 192 -170 -32768 -32768 -32768 -32768
19 -335 313 189 -170 -32768 -32768 -32768 -32768
20 -344 322 188 -167 -32768 -32768 -32768 -32768
21 -331 310 195 -176 -32768 -32768 -32768 -32768
22 -327 305 200 -183 -32768 -32768 -32768 -32768
23 -336 314 195 -177 -32768 -32768 -32768 -32768
24 -331 308 195 -180 -32768 -32768 -32768 -32768
25 -342 319 172 -150 -32768 -32768 -32768 -32768
26 -366 344 164 -145 -32768 -32768 -32768 -32768
27 -385 361 176 -158 -32768 -32768 -32768 -32768
28 -400 375 178 -159 -32768 -32768 -32768 -32768
29 -466 448 175 -163 -32768 -32768 -32768 -32768
30 -495 472 203 -185 -32768 -32768 -32768 -32768
31 -446 427 204 -183 -32768 -32768 -32768 -32768
32 -284 259 202 -184 -32768 -32768 -32768 -32768
33 -283 262 204 -184 -32768 -32768 -32768 -32768
34 -290 270 221 -204 -32768 -32768 -32768 -32768
35 -362 337 232 -214 -32768 -32768 -32768 -32768
36 -371 349 269 -251 -32768 -32768 -32768 -32768
37 -367 345 279 -258 -32768 -32768 -32768 -32768
38 -363 341 294 -276 -32768 -32768 -32768 -32768
39 -376 354 310 -292 -32768 -32768 -32768 -32768
40 -385 364 320 -300 -32768 -32768 -32768 -32768
41 -374 354 351 -334 -32768 -32768 -32768 -32768
42 -283 260 341 -325 -32768 -32768 -32768 -32768
43 -304 282 372 -352 -32768 -32768 -32768 -32768
44 -326 305 368 -347 -32768 -32768 -32768 -32768
45 -344 321 360 -342 -32768 -32768 -32768 -32768
46 -350 328 355 -335 -32768 -32768 -32768 -32768
47 -356 334 347 -329 -32768 -32768 -32768 -32768
48 -351 328 377 -359 -32768 -32768 -32768 -32768
49 -347 325 392 -372 -32768 -32768 -32768 -32768
50 -317 293 377 -357 -32768 -32768 -32768 -32768
51 -292 270 359 -339 -32768 -32768 -32768 -32768
52 -253 231 376 -356 -32768 -32768 -32768 -32768
