OSINK 9A
1
07.01.21
Osova
0.0 0.0
0.0
0.00 0.00
-1.00 -1.00
0.00 0.00
20000.00
0.0
50
50
N
1
52
1 -438 424 13 -3 -32768 -32768 -32768 -32768
2 -438 424 13 -3 -32768 -32768 -32768 -32768
3 -438 424 13 -3 -32768 -32768 -32768 -32768
4 -438 424 13 -3 -32768 -32768 -32768 -32768
5 -438 424 13 -3 -32768 -32768 -32768 -32768
6 -438 424 13 -3 -32768 -32768 -32768 -32768
7 -422 406 50 -50 -32768 -32768 -32768 -32768
8 -386 372 107 -108 -32768 -32768 -32768 -32768
9 -380 365 142 -142 -32768 -32768 -32768 -32768
10 -413 396 149 -150 -32768 -32768 -32768 -32768
11 -313 296 141 -144 -32768 -32768 -32768 -32768
12 -313 297 106 -112 -32768 -32768 -32768 -32768
13 -323 308 150 -151 -32768 -32768 -32768 -32768
14 -303 287 162 -165 -32768 -32768 -32768 -32768
15 -316 301 155 -156 -32768 -32768 -32768 -32768
16 -327 312 152 -153 -32768 -32768 -32768 -32768
17 -358 343 153 -155 -32768 -32768 -32768 -32768
18 -336 319 170 -170 -32768 -32768 -32768 -32768
19 -343 327 176 -177 -32768 -32768 -32768 -32768
20 -352 335 172 -173 -32768 -32768 -32768 -32768
21 -337 322 183 -184 -32768 -32768 -32768 -32768
22 -331 314 186 -191 -32768 -32768 -32768 -32768
23 -339 324 182 -181 -32768 -32768 -32768 -32768
24 -332 317 189 -189 -32768 -32768 -32768 -32768
25 -340 325 160 -160 -32768 -32768 -32768 -32768
26 -364 348 153 -155 -32768 -32768 -32768 -32768
27 -384 368 165 -168 -32768 -32768 -32768 -32768
28 -397 382 167 -170 -32768 -32768 -32768 -32768
29 -462 447 163 -167 -32768 -32768 -32768 -32768
30 -494 477 191 -194 -32768 -32768 -32768 -32768
31 -448 432 192 -193 -32768 -32768 -32768 -32768
32 -281 266 191 -194 -32768 -32768 -32768 -32768
33 -281 265 193 -195 -32768 -32768 -32768 -32768
34 -286 271 209 -212 -32768 -32768 -32768 -32768
35 -356 340 217 -221 -32768 -32768 -32768 -32768
36 -368 354 260 -260 -32768 -32768 -32768 -32768
37 -364 349 268 -268 -32768 -32768 -32768 -32768
38 -361 345 283 -287 -32768 -32768 -32768 -32768
39 -372 358 299 -301 -32768 -32768 -32768 -32768
40 -381 368 308 -310 -32768 -32768 -32768 -32768
41 -379 360 340 -344 -32768 -32768 -32768 -32768
42 -281 265 331 -333 -32768 -32768 -32768 -32768
43 -302 284 360 -357 -32768 -32768 -32768 -32768
44 -324 309 356 -357 -32768 -32768 -32768 -32768
45 -341 324 349 -351 -32768 -32768 -32768 -32768
46 -348 332 344 -347 -32768 -32768 -32768 -32768
47 -353 338 336 -338 -32768 -32768 -32768 -32768
48 -347 333 365 -367 -32768 -32768 -32768 -32768
49 -344 330 380 -382 -32768 -32768 -32768 -32768
50 -317 298 368 -369 -32768 -32768 -32768 -32768
51 -290 275 347 -347 -32768 -32768 -32768 -32768
52 -255 233 367 -368 -32768 -32768 -32768 -32768
