OSINK 9A
1
17.09.20
Osova
0.0 0.0
0.0
0.00 0.00
-1.00 -1.00
0.00 0.00
20000.00
0.0
50
50
N
1
52
1 -498 481 17 -11 -32768 -32768 -32768 -32768
2 -498 481 17 -11 -32768 -32768 -32768 -32768
3 -498 481 17 -11 -32768 -32768 -32768 -32768
4 -500 481 17 -11 -32768 -32768 -32768 -32768
5 -500 481 17 -11 -32768 -32768 -32768 -32768
6 -505 493 15 -4 -32768 -32768 -32768 -32768
7 -464 452 46 -34 -32768 -32768 -32768 -32768
8 -414 402 95 -87 -32768 -32768 -32768 -32768
9 -379 372 135 -122 -32768 -32768 -32768 -32768
10 -373 356 148 -140 -32768 -32768 -32768 -32768
11 -356 342 151 -143 -32768 -32768 -32768 -32768
12 -353 341 147 -144 -32768 -32768 -32768 -32768
13 -359 346 138 -129 -32768 -32768 -32768 -32768
14 -324 313 153 -147 -32768 -32768 -32768 -32768
15 -322 310 166 -159 -32768 -32768 -32768 -32768
16 -333 319 164 -156 -32768 -32768 -32768 -32768
17 -359 345 154 -145 -32768 -32768 -32768 -32768
18 -346 335 164 -159 -32768 -32768 -32768 -32768
19 -346 334 175 -168 -32768 -32768 -32768 -32768
20 -356 342 171 -163 -32768 -32768 -32768 -32768
21 -356 345 184 -175 -32768 -32768 -32768 -32768
22 -353 341 181 -175 -32768 -32768 -32768 -32768
23 -350 337 179 -174 -32768 -32768 -32768 -32768
24 -340 329 195 -190 -32768 -32768 -32768 -32768
25 -348 334 164 -155 -32768 -32768 -32768 -32768
26 -368 355 157 -151 -32768 -32768 -32768 -32768
27 -390 377 168 -160 -32768 -32768 -32768 -32768
28 -399 387 170 -162 -32768 -32768 -32768 -32768
29 -466 454 166 -158 -32768 -32768 -32768 -32768
30 -505 490 193 -186 -32768 -32768 -32768 -32768
31 -466 452 196 -187 -32768 -32768 -32768 -32768
32 -312 300 193 -187 -32768 -32768 -32768 -32768
33 -289 278 194 -186 -32768 -32768 -32768 -32768
34 -284 269 212 -203 -32768 -32768 -32768 -32768
35 -350 341 221 -214 -32768 -32768 -32768 -32768
36 -370 356 262 -254 -32768 -32768 -32768 -32768
37 -364 351 273 -263 -32768 -32768 -32768 -32768
38 -361 349 287 -281 -32768 -32768 -32768 -32768
39 -372 361 304 -296 -32768 -32768 -32768 -32768
40 -382 369 314 -305 -32768 -32768 -32768 -32768
41 -381 367 345 -339 -32768 -32768 -32768 -32768
42 -283 268 336 -328 -32768 -32768 -32768 -32768
43 -300 288 364 -356 -32768 -32768 -32768 -32768
44 -320 309 364 -356 -32768 -32768 -32768 -32768
45 -339 326 354 -347 -32768 -32768 -32768 -32768
46 -348 335 351 -343 -32768 -32768 -32768 -32768
47 -352 342 341 -333 -32768 -32768 -32768 -32768
48 -346 332 371 -362 -32768 -32768 -32768 -32768
49 -342 335 387 -379 -32768 -32768 -32768 -32768
50 -313 303 372 -371 -32768 -32768 -32768 -32768
51 -290 276 352 -336 -32768 -32768 -32768 -32768
52 -245 230 372 -364 -32768 -32768 -32768 -32768
