OSINK 9A
1
06.05.21
Osova
0.0 0.0
0.0
0.00 0.00
-1.00 -1.00
0.00 0.00
20000.00
0.0
50
50
N
1
52
1 -380 356 34 -25 -32768 -32768 -32768 -32768
2 -380 356 34 -25 -32768 -32768 -32768 -32768
3 -380 356 34 -25 -32768 -32768 -32768 -32768
4 -380 356 34 -24 -32768 -32768 -32768 -32768
5 -380 356 34 -24 -32768 -32768 -32768 -32768
6 -380 356 34 -24 -32768 -32768 -32768 -32768
7 -392 359 68 -51 -32768 -32768 -32768 -32768
8 -380 346 111 -96 -32768 -32768 -32768 -32768
9 -401 364 146 -127 -32768 -32768 -32768 -32768
10 -406 373 156 -139 -32768 -32768 -32768 -32768
11 -322 261 145 -134 -32768 -32768 -32768 -32768
12 -364 300 88 -71 -32768 -32768 -32768 -32768
13 -362 310 138 -118 -32768 -32768 -32768 -32768
14 -282 226 185 -168 -32768 -32768 -32768 -32768
15 -335 283 170 -153 -32768 -32768 -32768 -32768
16 -352 299 175 -158 -32768 -32768 -32768 -32768
17 -370 317 172 -153 -32768 -32768 -32768 -32768
18 -350 293 191 -173 -32768 -32768 -32768 -32768
19 -361 304 188 -170 -32768 -32768 -32768 -32768
20 -373 311 185 -168 -32768 -32768 -32768 -32768
21 -362 298 194 -176 -32768 -32768 -32768 -32768
22 -359 292 198 -183 -32768 -32768 -32768 -32768
23 -378 299 194 -177 -32768 -32768 -32768 -32768
24 -371 292 195 -181 -32768 -32768 -32768 -32768
25 -387 301 171 -151 -32768 -32768 -32768 -32768
26 -410 325 164 -147 -32768 -32768 -32768 -32768
27 -428 342 175 -160 -32768 -32768 -32768 -32768
28 -443 358 177 -160 -32768 -32768 -32768 -32768
29 -509 426 176 -164 -32768 -32768 -32768 -32768
30 -533 449 202 -186 -32768 -32768 -32768 -32768
31 -477 401 202 -185 -32768 -32768 -32768 -32768
32 -310 240 201 -186 -32768 -32768 -32768 -32768
33 -307 241 203 -184 -32768 -32768 -32768 -32768
34 -315 248 220 -203 -32768 -32768 -32768 -32768
35 -388 319 231 -215 -32768 -32768 -32768 -32768
36 -405 328 268 -253 -32768 -32768 -32768 -32768
37 -402 323 278 -260 -32768 -32768 -32768 -32768
38 -395 316 292 -277 -32768 -32768 -32768 -32768
39 -404 326 309 -293 -32768 -32768 -32768 -32768
40 -409 333 320 -301 -32768 -32768 -32768 -32768
41 -372 326 350 -335 -32768 -32768 -32768 -32768
42 -300 233 341 -326 -32768 -32768 -32768 -32768
43 -319 254 371 -353 -32768 -32768 -32768 -32768
44 -340 279 366 -348 -32768 -32768 -32768 -32768
45 -354 294 359 -343 -32768 -32768 -32768 -32768
46 -360 305 355 -337 -32768 -32768 -32768 -32768
47 -365 311 345 -330 -32768 -32768 -32768 -32768
48 -359 306 375 -359 -32768 -32768 -32768 -32768
49 -356 306 390 -372 -32768 -32768 -32768 -32768
50 -322 272 375 -358 -32768 -32768 -32768 -32768
51 -298 251 357 -341 -32768 -32768 -32768 -32768
52 -251 212 373 -357 -32768 -32768 -32768 -32768
