OSINK 9A
1
11.03.21
Osova
0.0 0.0
0.0
0.00 0.00
-1.00 -1.00
0.00 0.00
20000.00
0.0
50
50
N
1
52
1 -386 372 39 -32 -32768 -32768 -32768 -32768
2 -387 372 41 -32 -32768 -32768 -32768 -32768
3 -387 371 41 -31 -32768 -32768 -32768 -32768
4 -387 371 41 -31 -32768 -32768 -32768 -32768
5 -386 371 39 -31 -32768 -32768 -32768 -32768
6 -386 371 39 -31 -32768 -32768 -32768 -32768
7 -388 375 64 -53 -32768 -32768 -32768 -32768
8 -368 355 108 -100 -32768 -32768 -32768 -32768
9 -376 368 141 -133 -32768 -32768 -32768 -32768
10 -393 384 154 -144 -32768 -32768 -32768 -32768
11 -289 271 153 -137 -32768 -32768 -32768 -32768
12 -314 305 80 -71 -32768 -32768 -32768 -32768
13 -334 327 127 -116 -32768 -32768 -32768 -32768
14 -253 241 182 -175 -32768 -32768 -32768 -32768
15 -309 298 181 -171 -32768 -32768 -32768 -32768
16 -323 314 171 -161 -32768 -32768 -32768 -32768
17 -345 337 160 -148 -32768 -32768 -32768 -32768
18 -325 311 187 -179 -32768 -32768 -32768 -32768
19 -335 324 184 -176 -32768 -32768 -32768 -32768
20 -341 330 181 -169 -32768 -32768 -32768 -32768
21 -330 319 190 -179 -32768 -32768 -32768 -32768
22 -323 314 193 -188 -32768 -32768 -32768 -32768
23 -332 321 190 -179 -32768 -32768 -32768 -32768
24 -324 316 195 -185 -32768 -32768 -32768 -32768
25 -334 324 168 -155 -32768 -32768 -32768 -32768
26 -360 349 159 -150 -32768 -32768 -32768 -32768
27 -379 369 171 -163 -32768 -32768 -32768 -32768
28 -393 382 174 -164 -32768 -32768 -32768 -32768
29 -461 452 172 -164 -32768 -32768 -32768 -32768
30 -489 479 198 -189 -32768 -32768 -32768 -32768
31 -450 433 199 -189 -32768 -32768 -32768 -32768
32 -284 267 195 -190 -32768 -32768 -32768 -32768
33 -278 268 199 -189 -32768 -32768 -32768 -32768
34 -281 271 216 -206 -32768 -32768 -32768 -32768
35 -352 341 226 -217 -32768 -32768 -32768 -32768
36 -365 357 264 -255 -32768 -32768 -32768 -32768
37 -361 351 274 -262 -32768 -32768 -32768 -32768
38 -357 348 288 -281 -32768 -32768 -32768 -32768
39 -370 360 305 -295 -32768 -32768 -32768 -32768
40 -379 369 315 -305 -32768 -32768 -32768 -32768
41 -381 364 344 -338 -32768 -32768 -32768 -32768
42 -278 266 337 -327 -32768 -32768 -32768 -32768
43 -298 287 365 -354 -32768 -32768 -32768 -32768
44 -318 308 364 -354 -32768 -32768 -32768 -32768
45 -338 326 355 -345 -32768 -32768 -32768 -32768
46 -346 335 352 -340 -32768 -32768 -32768 -32768
47 -351 340 341 -332 -32768 -32768 -32768 -32768
48 -345 334 370 -360 -32768 -32768 -32768 -32768
49 -343 332 386 -376 -32768 -32768 -32768 -32768
50 -314 301 375 -365 -32768 -32768 -32768 -32768
51 -287 277 352 -343 -32768 -32768 -32768 -32768
52 -251 240 371 -361 -32768 -32768 -32768 -32768
