OSINK 9A
1
25.02.21
Osova
0.0 0.0
0.0
0.00 0.00
-1.00 -1.00
0.00 0.00
20000.00
0.0
50
50
N
1
52
1 -397 382 33 -41 -32768 -32768 -32768 -32768
2 -397 382 35 -41 -32768 -32768 -32768 -32768
3 -397 382 35 -41 -32768 -32768 -32768 -32768
4 -397 382 35 -41 -32768 -32768 -32768 -32768
5 -397 382 35 -41 -32768 -32768 -32768 -32768
6 -397 382 35 -41 -32768 -32768 -32768 -32768
7 -397 380 55 -56 -32768 -32768 -32768 -32768
8 -366 350 103 -105 -32768 -32768 -32768 -32768
9 -370 355 139 -142 -32768 -32768 -32768 -32768
10 -395 378 149 -150 -32768 -32768 -32768 -32768
11 -280 267 139 -143 -32768 -32768 -32768 -32768
12 -310 296 78 -78 -32768 -32768 -32768 -32768
13 -337 322 121 -124 -32768 -32768 -32768 -32768
14 -258 242 184 -185 -32768 -32768 -32768 -32768
15 -307 294 178 -177 -32768 -32768 -32768 -32768
16 -321 308 162 -161 -32768 -32768 -32768 -32768
17 -345 332 153 -152 -32768 -32768 -32768 -32768
18 -325 310 179 -178 -32768 -32768 -32768 -32768
19 -334 319 178 -178 -32768 -32768 -32768 -32768
20 -340 326 175 -175 -32768 -32768 -32768 -32768
21 -328 313 186 -185 -32768 -32768 -32768 -32768
22 -321 306 189 -191 -32768 -32768 -32768 -32768
23 -331 317 184 -182 -32768 -32768 -32768 -32768
24 -322 309 192 -188 -32768 -32768 -32768 -32768
25 -332 318 162 -160 -32768 -32768 -32768 -32768
26 -357 343 154 -155 -32768 -32768 -32768 -32768
27 -377 362 166 -168 -32768 -32768 -32768 -32768
28 -391 374 168 -169 -32768 -32768 -32768 -32768
29 -456 446 167 -170 -32768 -32768 -32768 -32768
30 -487 472 194 -195 -32768 -32768 -32768 -32768
31 -442 425 193 -194 -32768 -32768 -32768 -32768
32 -278 266 193 -196 -32768 -32768 -32768 -32768
33 -275 262 194 -194 -32768 -32768 -32768 -32768
34 -280 265 211 -212 -32768 -32768 -32768 -32768
35 -350 335 221 -222 -32768 -32768 -32768 -32768
36 -362 349 259 -259 -32768 -32768 -32768 -32768
37 -359 343 268 -267 -32768 -32768 -32768 -32768
38 -355 341 284 -285 -32768 -32768 -32768 -32768
39 -367 352 300 -301 -32768 -32768 -32768 -32768
40 -376 361 310 -309 -32768 -32768 -32768 -32768
41 -376 355 341 -343 -32768 -32768 -32768 -32768
42 -277 259 332 -332 -32768 -32768 -32768 -32768
43 -296 280 361 -360 -32768 -32768 -32768 -32768
44 -317 302 358 -358 -32768 -32768 -32768 -32768
45 -334 319 350 -351 -32768 -32768 -32768 -32768
46 -343 327 347 -347 -32768 -32768 -32768 -32768
47 -347 333 336 -337 -32768 -32768 -32768 -32768
48 -342 326 365 -366 -32768 -32768 -32768 -32768
49 -340 324 381 -382 -32768 -32768 -32768 -32768
50 -312 295 370 -371 -32768 -32768 -32768 -32768
51 -285 269 346 -349 -32768 -32768 -32768 -32768
52 -246 232 366 -367 -32768 -32768 -32768 -32768
