OSINK 9A
1
14.01.21
Osova
0.0 0.0
0.0
0.00 0.00
-1.00 -1.00
0.00 0.00
20000.00
0.0
50
50
N
1
52
1 -423 418 26 -8 -32768 -32768 -32768 -32768
2 -423 419 26 -8 -32768 -32768 -32768 -32768
3 -423 419 26 -8 -32768 -32768 -32768 -32768
4 -423 419 26 -8 -32768 -32768 -32768 -32768
5 -423 418 26 -8 -32768 -32768 -32768 -32768
6 -423 418 26 -8 -32768 -32768 -32768 -32768
7 -418 408 60 -41 -32768 -32768 -32768 -32768
8 -383 372 114 -101 -32768 -32768 -32768 -32768
9 -376 365 151 -137 -32768 -32768 -32768 -32768
10 -406 396 160 -147 -32768 -32768 -32768 -32768
11 -304 293 149 -139 -32768 -32768 -32768 -32768
12 -316 306 102 -89 -32768 -32768 -32768 -32768
13 -330 319 155 -140 -32768 -32768 -32768 -32768
14 -290 277 186 -172 -32768 -32768 -32768 -32768
15 -312 302 167 -151 -32768 -32768 -32768 -32768
16 -325 314 162 -146 -32768 -32768 -32768 -32768
17 -355 346 163 -147 -32768 -32768 -32768 -32768
18 -333 321 180 -164 -32768 -32768 -32768 -32768
19 -339 329 186 -171 -32768 -32768 -32768 -32768
20 -347 337 182 -167 -32768 -32768 -32768 -32768
21 -334 323 193 -177 -32768 -32768 -32768 -32768
22 -327 316 197 -183 -32768 -32768 -32768 -32768
23 -337 326 190 -175 -32768 -32768 -32768 -32768
24 -328 319 200 -182 -32768 -32768 -32768 -32768
25 -337 327 171 -154 -32768 -32768 -32768 -32768
26 -361 350 163 -149 -32768 -32768 -32768 -32768
27 -381 369 174 -161 -32768 -32768 -32768 -32768
28 -394 382 177 -162 -32768 -32768 -32768 -32768
29 -460 447 175 -160 -32768 -32768 -32768 -32768
30 -491 478 201 -187 -32768 -32768 -32768 -32768
31 -446 437 201 -186 -32768 -32768 -32768 -32768
32 -280 266 201 -188 -32768 -32768 -32768 -32768
33 -279 269 201 -187 -32768 -32768 -32768 -32768
34 -286 270 219 -203 -32768 -32768 -32768 -32768
35 -352 341 229 -214 -32768 -32768 -32768 -32768
36 -364 357 268 -253 -32768 -32768 -32768 -32768
37 -361 350 277 -261 -32768 -32768 -32768 -32768
38 -358 348 293 -279 -32768 -32768 -32768 -32768
39 -371 359 310 -294 -32768 -32768 -32768 -32768
40 -380 369 319 -303 -32768 -32768 -32768 -32768
41 -372 364 351 -337 -32768 -32768 -32768 -32768
42 -278 267 341 -325 -32768 -32768 -32768 -32768
43 -299 287 370 -353 -32768 -32768 -32768 -32768
44 -321 307 366 -352 -32768 -32768 -32768 -32768
45 -338 326 358 -344 -32768 -32768 -32768 -32768
46 -345 334 355 -339 -32768 -32768 -32768 -32768
47 -351 340 346 -330 -32768 -32768 -32768 -32768
48 -345 334 375 -359 -32768 -32768 -32768 -32768
49 -343 331 390 -375 -32768 -32768 -32768 -32768
50 -311 301 374 -364 -32768 -32768 -32768 -32768
51 -289 277 356 -342 -32768 -32768 -32768 -32768
52 -246 236 376 -361 -32768 -32768 -32768 -32768
