OSINK 9A
1
08.04.21
Osova
0.0 0.0
0.0
0.00 0.00
-1.00 -1.00
0.00 0.00
20000.00
0.0
50
50
N
1
52
1 -369 353 28 -30 -32768 -32768 -32768 -32768
2 -369 353 28 -30 -32768 -32768 -32768 -32768
3 -369 353 28 -30 -32768 -32768 -32768 -32768
4 -369 353 28 -31 -32768 -32768 -32768 -32768
5 -369 353 27 -31 -32768 -32768 -32768 -32768
6 -369 353 27 -31 -32768 -32768 -32768 -32768
7 -385 364 61 -58 -32768 -32768 -32768 -32768
8 -371 350 103 -104 -32768 -32768 -32768 -32768
9 -385 367 134 -135 -32768 -32768 -32768 -32768
10 -399 382 148 -147 -32768 -32768 -32768 -32768
11 -294 269 148 -146 -32768 -32768 -32768 -32768
12 -324 300 78 -74 -32768 -32768 -32768 -32768
13 -340 324 124 -120 -32768 -32768 -32768 -32768
14 -253 232 178 -177 -32768 -32768 -32768 -32768
15 -308 289 167 -164 -32768 -32768 -32768 -32768
16 -327 306 172 -168 -32768 -32768 -32768 -32768
17 -346 329 159 -156 -32768 -32768 -32768 -32768
18 -326 305 188 -181 -32768 -32768 -32768 -32768
19 -338 317 180 -178 -32768 -32768 -32768 -32768
20 -343 325 179 -175 -32768 -32768 -32768 -32768
21 -331 313 188 -186 -32768 -32768 -32768 -32768
22 -326 306 190 -192 -32768 -32768 -32768 -32768
23 -336 317 185 -183 -32768 -32768 -32768 -32768
24 -329 311 190 -191 -32768 -32768 -32768 -32768
25 -339 320 163 -160 -32768 -32768 -32768 -32768
26 -363 343 156 -155 -32768 -32768 -32768 -32768
27 -382 363 169 -167 -32768 -32768 -32768 -32768
28 -396 377 170 -168 -32768 -32768 -32768 -32768
29 -463 444 167 -167 -32768 -32768 -32768 -32768
30 -493 474 195 -194 -32768 -32768 -32768 -32768
31 -452 436 194 -191 -32768 -32768 -32768 -32768
32 -285 267 195 -195 -32768 -32768 -32768 -32768
33 -281 265 195 -193 -32768 -32768 -32768 -32768
34 -285 265 212 -209 -32768 -32768 -32768 -32768
35 -359 337 224 -221 -32768 -32768 -32768 -32768
36 -371 352 260 -258 -32768 -32768 -32768 -32768
37 -366 347 270 -266 -32768 -32768 -32768 -32768
38 -362 344 285 -285 -32768 -32768 -32768 -32768
39 -373 356 302 -301 -32768 -32768 -32768 -32768
40 -383 364 312 -309 -32768 -32768 -32768 -32768
41 -385 363 342 -342 -32768 -32768 -32768 -32768
42 -281 261 333 -332 -32768 -32768 -32768 -32768
43 -302 282 363 -360 -32768 -32768 -32768 -32768
44 -323 304 359 -360 -32768 -32768 -32768 -32768
45 -341 320 351 -351 -32768 -32768 -32768 -32768
46 -348 330 348 -345 -32768 -32768 -32768 -32768
47 -354 336 338 -336 -32768 -32768 -32768 -32768
48 -348 328 369 -365 -32768 -32768 -32768 -32768
49 -346 328 383 -380 -32768 -32768 -32768 -32768
50 -316 296 371 -368 -32768 -32768 -32768 -32768
51 -291 273 350 -345 -32768 -32768 -32768 -32768
52 -253 235 367 -365 -32768 -32768 -32768 -32768
