OSINK 9A
1
03.09.20
Osova
0.0 0.0
0.0
0.00 0.00
-1.00 -1.00
0.00 0.00
20000.00
0.0
50
50
N
1
52
1 -500 482 2 -13 -32768 -32768 -32768 -32768
2 -500 482 2 -13 -32768 -32768 -32768 -32768
3 -500 482 2 -13 -32768 -32768 -32768 -32768
4 -500 483 2 -13 -32768 -32768 -32768 -32768
5 -500 483 2 -13 -32768 -32768 -32768 -32768
6 -500 483 2 -13 -32768 -32768 -32768 -32768
7 -460 445 40 -40 -32768 -32768 -32768 -32768
8 -413 400 86 -89 -32768 -32768 -32768 -32768
9 -383 368 126 -128 -32768 -32768 -32768 -32768
10 -373 354 141 -144 -32768 -32768 -32768 -32768
11 -355 341 144 -148 -32768 -32768 -32768 -32768
12 -353 338 139 -147 -32768 -32768 -32768 -32768
13 -359 345 134 -134 -32768 -32768 -32768 -32768
14 -322 312 148 -152 -32768 -32768 -32768 -32768
15 -323 320 162 -165 -32768 -32768 -32768 -32768
16 -332 317 159 -161 -32768 -32768 -32768 -32768
17 -359 344 150 -150 -32768 -32768 -32768 -32768
18 -347 333 159 -165 -32768 -32768 -32768 -32768
19 -346 333 170 -173 -32768 -32768 -32768 -32768
20 -356 341 166 -169 -32768 -32768 -32768 -32768
21 -356 344 178 -179 -32768 -32768 -32768 -32768
22 -354 340 175 -179 -32768 -32768 -32768 -32768
23 -352 333 178 -181 -32768 -32768 -32768 -32768
24 -344 326 187 -195 -32768 -32768 -32768 -32768
25 -346 334 160 -160 -32768 -32768 -32768 -32768
26 -368 353 151 -156 -32768 -32768 -32768 -32768
27 -391 375 162 -166 -32768 -32768 -32768 -32768
28 -400 386 165 -168 -32768 -32768 -32768 -32768
29 -467 452 160 -164 -32768 -32768 -32768 -32768
30 -505 487 188 -192 -32768 -32768 -32768 -32768
31 -466 452 190 -192 -32768 -32768 -32768 -32768
32 -315 299 187 -192 -32768 -32768 -32768 -32768
33 -291 277 189 -192 -32768 -32768 -32768 -32768
34 -284 269 206 -210 -32768 -32768 -32768 -32768
35 -350 340 217 -220 -32768 -32768 -32768 -32768
36 -371 354 257 -260 -32768 -32768 -32768 -32768
37 -365 349 266 -268 -32768 -32768 -32768 -32768
38 -362 347 281 -286 -32768 -32768 -32768 -32768
39 -373 358 299 -301 -32768 -32768 -32768 -32768
40 -382 368 308 -310 -32768 -32768 -32768 -32768
41 -384 365 340 -344 -32768 -32768 -32768 -32768
42 -283 266 330 -333 -32768 -32768 -32768 -32768
43 -300 286 358 -360 -32768 -32768 -32768 -32768
44 -315 308 358 -360 -32768 -32768 -32768 -32768
45 -339 324 349 -352 -32768 -32768 -32768 -32768
46 -345 333 347 -348 -32768 -32768 -32768 -32768
47 -352 339 335 -339 -32768 -32768 -32768 -32768
48 -348 331 366 -368 -32768 -32768 -32768 -32768
49 -344 330 381 -384 -32768 -32768 -32768 -32768
50 -314 300 368 -373 -32768 -32768 -32768 -32768
51 -290 275 346 -349 -32768 -32768 -32768 -32768
52 -246 231 367 -368 -32768 -32768 -32768 -32768
