OSINK 9A
1
28.01.21
Osova
0.0 0.0
0.0
0.00 0.00
-1.00 -1.00
0.00 0.00
20000.00
0.0
50
50
N
1
52
1 -413 398 30 -39 -32768 -32768 -32768 -32768
2 -413 398 30 -39 -32768 -32768 -32768 -32768
3 -413 398 30 -39 -32768 -32768 -32768 -32768
4 -413 398 30 -39 -32768 -32768 -32768 -32768
5 -412 398 31 -39 -32768 -32768 -32768 -32768
6 -412 398 31 -39 -32768 -32768 -32768 -32768
7 -417 398 52 -57 -32768 -32768 -32768 -32768
8 -385 367 102 -109 -32768 -32768 -32768 -32768
9 -380 363 139 -147 -32768 -32768 -32768 -32768
10 -407 390 147 -153 -32768 -32768 -32768 -32768
11 -301 282 134 -145 -32768 -32768 -32768 -32768
12 -326 307 84 -90 -32768 -32768 -32768 -32768
13 -347 327 138 -141 -32768 -32768 -32768 -32768
14 -284 264 184 -192 -32768 -32768 -32768 -32768
15 -316 295 158 -162 -32768 -32768 -32768 -32768
16 -330 311 149 -156 -32768 -32768 -32768 -32768
17 -356 341 152 -157 -32768 -32768 -32768 -32768
18 -335 318 171 -174 -32768 -32768 -32768 -32768
19 -341 326 174 -179 -32768 -32768 -32768 -32768
20 -350 333 171 -175 -32768 -32768 -32768 -32768
21 -334 320 181 -186 -32768 -32768 -32768 -32768
22 -330 313 186 -193 -32768 -32768 -32768 -32768
23 -338 322 181 -185 -32768 -32768 -32768 -32768
24 -331 316 186 -190 -32768 -32768 -32768 -32768
25 -340 325 159 -162 -32768 -32768 -32768 -32768
26 -366 347 152 -157 -32768 -32768 -32768 -32768
27 -383 365 162 -170 -32768 -32768 -32768 -32768
28 -396 379 166 -170 -32768 -32768 -32768 -32768
29 -463 444 163 -169 -32768 -32768 -32768 -32768
30 -493 477 191 -196 -32768 -32768 -32768 -32768
31 -446 433 191 -195 -32768 -32768 -32768 -32768
32 -284 267 190 -196 -32768 -32768 -32768 -32768
33 -281 266 190 -195 -32768 -32768 -32768 -32768
34 -288 272 208 -214 -32768 -32768 -32768 -32768
35 -356 338 219 -222 -32768 -32768 -32768 -32768
36 -369 354 256 -261 -32768 -32768 -32768 -32768
37 -366 349 265 -269 -32768 -32768 -32768 -32768
38 -361 345 280 -287 -32768 -32768 -32768 -32768
39 -373 357 298 -302 -32768 -32768 -32768 -32768
40 -382 366 308 -311 -32768 -32768 -32768 -32768
41 -379 362 338 -345 -32768 -32768 -32768 -32768
42 -282 264 329 -334 -32768 -32768 -32768 -32768
43 -301 285 358 -361 -32768 -32768 -32768 -32768
44 -321 308 356 -360 -32768 -32768 -32768 -32768
45 -339 323 347 -353 -32768 -32768 -32768 -32768
46 -348 332 344 -348 -32768 -32768 -32768 -32768
47 -353 340 335 -338 -32768 -32768 -32768 -32768
48 -348 331 363 -368 -32768 -32768 -32768 -32768
49 -346 329 379 -383 -32768 -32768 -32768 -32768
50 -316 300 366 -374 -32768 -32768 -32768 -32768
51 -291 275 345 -349 -32768 -32768 -32768 -32768
52 -252 233 365 -369 -32768 -32768 -32768 -32768
