OSINK 9A
1
29.04.21
Osova
0.0 0.0
0.0
0.00 0.00
-1.00 -1.00
0.00 0.00
20000.00
0.0
50
50
N
1
52
1 -379 362 37 -24 -32768 -32768 -32768 -32768
2 -379 362 37 -24 -32768 -32768 -32768 -32768
3 -379 362 37 -25 -32768 -32768 -32768 -32768
4 -385 362 41 -25 -32768 -32768 -32768 -32768
5 -385 362 41 -25 -32768 -32768 -32768 -32768
6 -385 362 41 -25 -32768 -32768 -32768 -32768
7 -386 361 69 -50 -32768 -32768 -32768 -32768
8 -368 349 113 -95 -32768 -32768 -32768 -32768
9 -393 368 144 -128 -32768 -32768 -32768 -32768
10 -399 377 154 -139 -32768 -32768 -32768 -32768
11 -289 266 125 -136 -32768 -32768 -32768 -32768
12 -321 303 82 -70 -32768 -32768 -32768 -32768
13 -334 316 136 -118 -32768 -32768 -32768 -32768
14 -249 230 181 -169 -32768 -32768 -32768 -32768
15 -307 288 169 -153 -32768 -32768 -32768 -32768
16 -329 306 178 -159 -32768 -32768 -32768 -32768
17 -346 326 170 -153 -32768 -32768 -32768 -32768
18 -324 303 193 -173 -32768 -32768 -32768 -32768
19 -335 314 188 -171 -32768 -32768 -32768 -32768
20 -344 324 185 -168 -32768 -32768 -32768 -32768
21 -332 310 195 -177 -32768 -32768 -32768 -32768
22 -327 306 199 -184 -32768 -32768 -32768 -32768
23 -335 315 195 -179 -32768 -32768 -32768 -32768
24 -329 308 197 -182 -32768 -32768 -32768 -32768
25 -341 320 170 -151 -32768 -32768 -32768 -32768
26 -364 344 163 -146 -32768 -32768 -32768 -32768
27 -385 363 175 -160 -32768 -32768 -32768 -32768
28 -398 377 177 -161 -32768 -32768 -32768 -32768
29 -468 445 175 -163 -32768 -32768 -32768 -32768
30 -494 473 201 -187 -32768 -32768 -32768 -32768
31 -448 430 203 -185 -32768 -32768 -32768 -32768
32 -286 266 201 -187 -32768 -32768 -32768 -32768
33 -282 262 203 -185 -32768 -32768 -32768 -32768
34 -289 267 219 -205 -32768 -32768 -32768 -32768
35 -361 340 231 -217 -32768 -32768 -32768 -32768
36 -370 350 267 -252 -32768 -32768 -32768 -32768
37 -367 346 278 -259 -32768 -32768 -32768 -32768
38 -366 342 293 -277 -32768 -32768 -32768 -32768
39 -376 354 309 -292 -32768 -32768 -32768 -32768
40 -385 364 319 -302 -32768 -32768 -32768 -32768
41 -379 354 350 -335 -32768 -32768 -32768 -32768
42 -283 260 339 -326 -32768 -32768 -32768 -32768
43 -303 283 371 -353 -32768 -32768 -32768 -32768
44 -325 305 366 -349 -32768 -32768 -32768 -32768
45 -343 321 358 -343 -32768 -32768 -32768 -32768
46 -350 329 354 -337 -32768 -32768 -32768 -32768
47 -355 335 346 -330 -32768 -32768 -32768 -32768
48 -350 328 375 -359 -32768 -32768 -32768 -32768
49 -347 327 390 -373 -32768 -32768 -32768 -32768
50 -317 296 376 -361 -32768 -32768 -32768 -32768
51 -293 264 355 -341 -32768 -32768 -32768 -32768
52 -255 230 373 -358 -32768 -32768 -32768 -32768
