OSINK 9A
1
18.03.21
Osova
0.0 0.0
0.0
0.00 0.00
-1.00 -1.00
0.00 0.00
20000.00
0.0
50
50
N
1
52
1 -387 370 30 -55 -32768 -32768 -32768 -32768
2 -387 370 30 -55 -32768 -32768 -32768 -32768
3 -387 369 30 -55 -32768 -32768 -32768 -32768
4 -388 369 30 -55 -32768 -32768 -32768 -32768
5 -388 369 30 -55 -32768 -32768 -32768 -32768
6 -385 368 30 -56 -32768 -32768 -32768 -32768
7 -392 373 45 -68 -32768 -32768 -32768 -32768
8 -371 352 88 -113 -32768 -32768 -32768 -32768
9 -380 362 121 -143 -32768 -32768 -32768 -32768
10 -400 385 136 -159 -32768 -32768 -32768 -32768
11 -299 275 142 -164 -32768 -32768 -32768 -32768
12 -311 291 60 -83 -32768 -32768 -32768 -32768
13 -344 329 105 -125 -32768 -32768 -32768 -32768
14 -254 235 164 -188 -32768 -32768 -32768 -32768
15 -307 290 163 -185 -32768 -32768 -32768 -32768
16 -325 308 157 -178 -32768 -32768 -32768 -32768
17 -347 331 143 -162 -32768 -32768 -32768 -32768
18 -325 309 172 -195 -32768 -32768 -32768 -32768
19 -337 318 167 -189 -32768 -32768 -32768 -32768
20 -343 325 164 -186 -32768 -32768 -32768 -32768
21 -334 318 174 -196 -32768 -32768 -32768 -32768
22 -326 306 178 -203 -32768 -32768 -32768 -32768
23 -337 319 171 -193 -32768 -32768 -32768 -32768
24 -327 311 184 -205 -32768 -32768 -32768 -32768
25 -337 321 151 -171 -32768 -32768 -32768 -32768
26 -361 340 143 -167 -32768 -32768 -32768 -32768
27 -382 363 154 -178 -32768 -32768 -32768 -32768
28 -394 376 158 -180 -32768 -32768 -32768 -32768
29 -455 440 152 -177 -32768 -32768 -32768 -32768
30 -494 474 182 -205 -32768 -32768 -32768 -32768
31 -458 442 182 -203 -32768 -32768 -32768 -32768
32 -291 273 183 -207 -32768 -32768 -32768 -32768
33 -281 266 182 -203 -32768 -32768 -32768 -32768
34 -282 264 198 -221 -32768 -32768 -32768 -32768
35 -350 335 207 -231 -32768 -32768 -32768 -32768
36 -371 353 247 -270 -32768 -32768 -32768 -32768
37 -366 345 256 -277 -32768 -32768 -32768 -32768
38 -362 344 270 -295 -32768 -32768 -32768 -32768
39 -370 353 288 -311 -32768 -32768 -32768 -32768
40 -382 363 299 -320 -32768 -32768 -32768 -32768
41 -388 370 327 -351 -32768 -32768 -32768 -32768
42 -282 264 319 -342 -32768 -32768 -32768 -32768
43 -301 282 347 -367 -32768 -32768 -32768 -32768
44 -320 304 349 -372 -32768 -32768 -32768 -32768
45 -339 320 338 -361 -32768 -32768 -32768 -32768
46 -349 330 337 -359 -32768 -32768 -32768 -32768
47 -354 337 324 -346 -32768 -32768 -32768 -32768
48 -348 328 352 -375 -32768 -32768 -32768 -32768
49 -347 330 370 -392 -32768 -32768 -32768 -32768
50 -320 302 361 -386 -32768 -32768 -32768 -32768
51 -292 273 333 -355 -32768 -32768 -32768 -32768
52 -258 241 354 -377 -32768 -32768 -32768 -32768
