OSINK 9A
1
05.11.20
Osova
0.0 0.0
0.0
0.00 0.00
-1.00 -1.00
0.00 0.00
20000.00
0.0
50
50
N
1
52
1 -445 441 21 -19 -32768 -32768 -32768 -32768
2 -445 441 21 -19 -32768 -32768 -32768 -32768
3 -445 441 21 -19 -32768 -32768 -32768 -32768
4 -446 441 21 -19 -32768 -32768 -32768 -32768
5 -446 441 21 -19 -32768 -32768 -32768 -32768
6 -445 441 22 -18 -32768 -32768 -32768 -32768
7 -413 404 59 -51 -32768 -32768 -32768 -32768
8 -392 385 111 -108 -32768 -32768 -32768 -32768
9 -385 377 145 -142 -32768 -32768 -32768 -32768
10 -418 411 156 -154 -32768 -32768 -32768 -32768
11 -300 295 150 -150 -32768 -32768 -32768 -32768
12 -306 293 130 -123 -32768 -32768 -32768 -32768
13 -322 315 149 -145 -32768 -32768 -32768 -32768
14 -310 301 156 -153 -32768 -32768 -32768 -32768
15 -315 307 160 -156 -32768 -32768 -32768 -32768
16 -324 317 156 -153 -32768 -32768 -32768 -32768
17 -358 350 156 -153 -32768 -32768 -32768 -32768
18 -335 327 171 -166 -32768 -32768 -32768 -32768
19 -340 333 177 -173 -32768 -32768 -32768 -32768
20 -352 343 174 -170 -32768 -32768 -32768 -32768
21 -335 327 184 -179 -32768 -32768 -32768 -32768
22 -330 322 188 -188 -32768 -32768 -32768 -32768
23 -338 330 184 -180 -32768 -32768 -32768 -32768
24 -331 324 189 -185 -32768 -32768 -32768 -32768
25 -340 332 163 -158 -32768 -32768 -32768 -32768
26 -363 355 156 -153 -32768 -32768 -32768 -32768
27 -381 374 169 -166 -32768 -32768 -32768 -32768
28 -395 388 170 -166 -32768 -32768 -32768 -32768
29 -464 459 168 -167 -32768 -32768 -32768 -32768
30 -491 484 195 -191 -32768 -32768 -32768 -32768
31 -443 432 195 -191 -32768 -32768 -32768 -32768
32 -287 277 192 -191 -32768 -32768 -32768 -32768
33 -278 271 195 -190 -32768 -32768 -32768 -32768
34 -284 279 213 -210 -32768 -32768 -32768 -32768
35 -355 344 224 -219 -32768 -32768 -32768 -32768
36 -364 356 262 -257 -32768 -32768 -32768 -32768
37 -360 353 272 -266 -32768 -32768 -32768 -32768
38 -356 349 286 -284 -32768 -32768 -32768 -32768
39 -369 357 302 -299 -32768 -32768 -32768 -32768
40 -379 371 312 -307 -32768 -32768 -32768 -32768
41 -373 365 343 -342 -32768 -32768 -32768 -32768
42 -278 269 334 -331 -32768 -32768 -32768 -32768
43 -297 288 363 -356 -32768 -32768 -32768 -32768
44 -319 312 359 -356 -32768 -32768 -32768 -32768
45 -336 326 351 -350 -32768 -32768 -32768 -32768
46 -342 335 348 -342 -32768 -32768 -32768 -32768
47 -349 342 338 -335 -32768 -32768 -32768 -32768
48 -342 335 369 -365 -32768 -32768 -32768 -32768
49 -341 332 384 -380 -32768 -32768 -32768 -32768
50 -311 301 370 -367 -32768 -32768 -32768 -32768
51 -286 278 349 -347 -32768 -32768 -32768 -32768
52 -244 234 370 -365 -32768 -32768 -32768 -32768
