OSINK 9A
1
12.11.20
Osova
0.0 0.0
0.0
0.00 0.00
-1.00 -1.00
0.00 0.00
20000.00
0.0
50
50
N
1
52
1 -450 433 13 -7 -32768 -32768 -32768 -32768
2 -450 433 13 -7 -32768 -32768 -32768 -32768
3 -450 433 13 -7 -32768 -32768 -32768 -32768
4 -450 430 13 -6 -32768 -32768 -32768 -32768
5 -450 430 13 -6 -32768 -32768 -32768 -32768
6 -454 432 2 -4 -32768 -32768 -32768 -32768
7 -421 400 54 -55 -32768 -32768 -32768 -32768
8 -393 376 111 -112 -32768 -32768 -32768 -32768
9 -386 368 145 -142 -32768 -32768 -32768 -32768
10 -423 406 154 -155 -32768 -32768 -32768 -32768
11 -317 304 149 -156 -32768 -32768 -32768 -32768
12 -302 280 126 -124 -32768 -32768 -32768 -32768
13 -320 303 152 -151 -32768 -32768 -32768 -32768
14 -311 293 156 -156 -32768 -32768 -32768 -32768
15 -318 299 159 -158 -32768 -32768 -32768 -32768
16 -328 310 157 -154 -32768 -32768 -32768 -32768
17 -362 344 157 -154 -32768 -32768 -32768 -32768
18 -339 319 171 -169 -32768 -32768 -32768 -32768
19 -344 327 177 -177 -32768 -32768 -32768 -32768
20 -355 336 175 -173 -32768 -32768 -32768 -32768
21 -340 323 185 -183 -32768 -32768 -32768 -32768
22 -334 314 189 -191 -32768 -32768 -32768 -32768
23 -342 324 184 -182 -32768 -32768 -32768 -32768
24 -334 318 187 -190 -32768 -32768 -32768 -32768
25 -342 325 164 -161 -32768 -32768 -32768 -32768
26 -364 349 157 -155 -32768 -32768 -32768 -32768
27 -384 367 168 -168 -32768 -32768 -32768 -32768
28 -398 380 170 -169 -32768 -32768 -32768 -32768
29 -464 447 167 -169 -32768 -32768 -32768 -32768
30 -494 473 194 -195 -32768 -32768 -32768 -32768
31 -450 427 196 -195 -32768 -32768 -32768 -32768
32 -284 263 194 -194 -32768 -32768 -32768 -32768
33 -283 263 195 -194 -32768 -32768 -32768 -32768
34 -287 267 214 -210 -32768 -32768 -32768 -32768
35 -355 340 223 -222 -32768 -32768 -32768 -32768
36 -368 351 262 -260 -32768 -32768 -32768 -32768
37 -366 346 271 -268 -32768 -32768 -32768 -32768
38 -358 343 286 -287 -32768 -32768 -32768 -32768
39 -372 355 303 -302 -32768 -32768 -32768 -32768
40 -380 364 313 -311 -32768 -32768 -32768 -32768
41 -379 359 344 -345 -32768 -32768 -32768 -32768
42 -279 262 334 -332 -32768 -32768 -32768 -32768
43 -297 282 362 -359 -32768 -32768 -32768 -32768
44 -320 304 361 -359 -32768 -32768 -32768 -32768
45 -339 320 354 -352 -32768 -32768 -32768 -32768
46 -347 329 348 -346 -32768 -32768 -32768 -32768
47 -353 335 341 -339 -32768 -32768 -32768 -32768
48 -347 327 369 -367 -32768 -32768 -32768 -32768
49 -344 326 384 -383 -32768 -32768 -32768 -32768
50 -310 294 368 -369 -32768 -32768 -32768 -32768
51 -288 270 351 -350 -32768 -32768 -32768 -32768
52 -247 229 370 -368 -32768 -32768 -32768 -32768
