OSINK 9A
1
15.04.21
Osova
0.0 0.0
0.0
0.00 0.00
-1.00 -1.00
0.00 0.00
20000.00
0.0
50
50
N
1
52
1 -373 354 43 -26 -32768 -32768 -32768 -32768
2 -373 354 43 -26 -32768 -32768 -32768 -32768
3 -373 353 43 -27 -32768 -32768 -32768 -32768
4 -373 353 43 -27 -32768 -32768 -32768 -32768
5 -372 353 43 -27 -32768 -32768 -32768 -32768
6 -383 357 43 -30 -32768 -32768 -32768 -32768
7 -385 366 70 -47 -32768 -32768 -32768 -32768
8 -371 348 113 -93 -32768 -32768 -32768 -32768
9 -389 367 145 -126 -32768 -32768 -32768 -32768
10 -400 377 156 -137 -32768 -32768 -32768 -32768
11 -289 269 148 -138 -32768 -32768 -32768 -32768
12 -325 298 87 -67 -32768 -32768 -32768 -32768
13 -339 319 133 -113 -32768 -32768 -32768 -32768
14 -254 231 186 -167 -32768 -32768 -32768 -32768
15 -310 288 174 -154 -32768 -32768 -32768 -32768
16 -328 307 180 -158 -32768 -32768 -32768 -32768
17 -347 327 171 -149 -32768 -32768 -32768 -32768
18 -324 303 193 -171 -32768 -32768 -32768 -32768
19 -337 315 189 -169 -32768 -32768 -32768 -32768
20 -344 323 187 -165 -32768 -32768 -32768 -32768
21 -332 312 196 -175 -32768 -32768 -32768 -32768
22 -329 306 198 -182 -32768 -32768 -32768 -32768
23 -337 314 193 -175 -32768 -32768 -32768 -32768
24 -329 308 200 -180 -32768 -32768 -32768 -32768
25 -339 318 173 -150 -32768 -32768 -32768 -32768
26 -365 344 164 -144 -32768 -32768 -32768 -32768
27 -384 362 176 -157 -32768 -32768 -32768 -32768
28 -399 376 180 -159 -32768 -32768 -32768 -32768
29 -466 445 175 -160 -32768 -32768 -32768 -32768
30 -495 472 203 -185 -32768 -32768 -32768 -32768
31 -450 428 204 -183 -32768 -32768 -32768 -32768
32 -287 263 203 -184 -32768 -32768 -32768 -32768
33 -283 263 204 -183 -32768 -32768 -32768 -32768
34 -289 266 221 -200 -32768 -32768 -32768 -32768
35 -360 337 231 -214 -32768 -32768 -32768 -32768
36 -374 350 269 -250 -32768 -32768 -32768 -32768
37 -366 346 279 -257 -32768 -32768 -32768 -32768
38 -364 342 294 -275 -32768 -32768 -32768 -32768
39 -376 354 310 -291 -32768 -32768 -32768 -32768
40 -385 364 320 -299 -32768 -32768 -32768 -32768
41 -382 356 351 -333 -32768 -32768 -32768 -32768
42 -283 260 341 -323 -32768 -32768 -32768 -32768
43 -303 282 371 -350 -32768 -32768 -32768 -32768
44 -322 305 368 -348 -32768 -32768 -32768 -32768
45 -342 320 360 -340 -32768 -32768 -32768 -32768
46 -350 328 356 -336 -32768 -32768 -32768 -32768
47 -357 334 347 -326 -32768 -32768 -32768 -32768
48 -350 327 375 -356 -32768 -32768 -32768 -32768
49 -348 327 391 -370 -32768 -32768 -32768 -32768
50 -318 297 378 -361 -32768 -32768 -32768 -32768
51 -293 271 357 -338 -32768 -32768 -32768 -32768
52 -256 233 374 -357 -32768 -32768 -32768 -32768
