OSINK 9A
1
01.04.21
Osova
0.0 0.0
0.0
0.00 0.00
-1.00 -1.00
0.00 0.00
20000.00
0.0
50
50
N
1
52
1 -374 359 30 -38 -32768 -32768 -32768 -32768
2 -376 359 30 -38 -32768 -32768 -32768 -32768
3 -376 359 30 -38 -32768 -32768 -32768 -32768
4 -376 359 30 -38 -32768 -32768 -32768 -32768
5 -374 358 30 -40 -32768 -32768 -32768 -32768
6 -374 358 30 -40 -32768 -32768 -32768 -32768
7 -386 367 57 -60 -32768 -32768 -32768 -32768
8 -371 353 101 -106 -32768 -32768 -32768 -32768
9 -385 369 132 -138 -32768 -32768 -32768 -32768
10 -399 381 145 -149 -32768 -32768 -32768 -32768
11 -299 270 152 -147 -32768 -32768 -32768 -32768
12 -317 303 72 -78 -32768 -32768 -32768 -32768
13 -342 323 117 -126 -32768 -32768 -32768 -32768
14 -254 236 173 -179 -32768 -32768 -32768 -32768
15 -308 294 167 -170 -32768 -32768 -32768 -32768
16 -326 309 166 -170 -32768 -32768 -32768 -32768
17 -347 332 156 -158 -32768 -32768 -32768 -32768
18 -325 307 181 -183 -32768 -32768 -32768 -32768
19 -336 320 177 -181 -32768 -32768 -32768 -32768
20 -344 327 175 -177 -32768 -32768 -32768 -32768
21 -332 314 183 -187 -32768 -32768 -32768 -32768
22 -327 308 186 -195 -32768 -32768 -32768 -32768
23 -336 318 182 -186 -32768 -32768 -32768 -32768
24 -329 313 189 -192 -32768 -32768 -32768 -32768
25 -339 321 160 -163 -32768 -32768 -32768 -32768
26 -363 345 151 -156 -32768 -32768 -32768 -32768
27 -383 366 163 -170 -32768 -32768 -32768 -32768
28 -395 379 167 -171 -32768 -32768 -32768 -32768
29 -464 445 164 -169 -32768 -32768 -32768 -32768
30 -495 476 193 -196 -32768 -32768 -32768 -32768
31 -448 433 197 -195 -32768 -32768 -32768 -32768
32 -281 268 200 -198 -32768 -32768 -32768 -32768
33 -280 266 194 -196 -32768 -32768 -32768 -32768
34 -288 270 209 -212 -32768 -32768 -32768 -32768
35 -358 338 218 -223 -32768 -32768 -32768 -32768
36 -370 354 256 -262 -32768 -32768 -32768 -32768
37 -366 347 267 -269 -32768 -32768 -32768 -32768
38 -363 345 281 -288 -32768 -32768 -32768 -32768
39 -373 358 298 -303 -32768 -32768 -32768 -32768
40 -383 367 308 -311 -32768 -32768 -32768 -32768
41 -379 364 339 -345 -32768 -32768 -32768 -32768
42 -282 264 330 -334 -32768 -32768 -32768 -32768
43 -303 285 357 -362 -32768 -32768 -32768 -32768
44 -324 308 356 -360 -32768 -32768 -32768 -32768
45 -341 324 348 -354 -32768 -32768 -32768 -32768
46 -349 332 345 -348 -32768 -32768 -32768 -32768
47 -354 338 335 -339 -32768 -32768 -32768 -32768
48 -349 331 364 -369 -32768 -32768 -32768 -32768
49 -347 330 379 -383 -32768 -32768 -32768 -32768
50 -320 299 368 -373 -32768 -32768 -32768 -32768
51 -292 275 344 -349 -32768 -32768 -32768 -32768
52 -254 235 364 -368 -32768 -32768 -32768 -32768
