OSINK 9A
1
10.06.21
Osova
0.0 0.0
0.0
0.00 0.00
-1.00 -1.00
0.00 0.00
20000.00
0.0
50
50
N
1
52
1 -386 356 31 -24 -32768 -32768 -32768 -32768
2 -386 356 31 -24 -32768 -32768 -32768 -32768
3 -386 356 31 -24 -32768 -32768 -32768 -32768
4 -386 356 31 -24 -32768 -32768 -32768 -32768
5 -386 356 31 -23 -32768 -32768 -32768 -32768
6 -386 356 31 -23 -32768 -32768 -32768 -32768
7 -381 360 70 -63 -32768 -32768 -32768 -32768
8 -369 348 102 -105 -32768 -32768 -32768 -32768
9 -393 372 138 -139 -32768 -32768 -32768 -32768
10 -391 370 149 -149 -32768 -32768 -32768 -32768
11 -282 261 128 -139 -32768 -32768 -32768 -32768
12 -331 307 81 -79 -32768 -32768 -32768 -32768
13 -326 310 137 -133 -32768 -32768 -32768 -32768
14 -250 226 176 -178 -32768 -32768 -32768 -32768
15 -307 286 158 -156 -32768 -32768 -32768 -32768
16 -324 304 167 -167 -32768 -32768 -32768 -32768
17 -342 322 166 -164 -32768 -32768 -32768 -32768
18 -322 301 183 -180 -32768 -32768 -32768 -32768
19 -333 312 180 -179 -32768 -32768 -32768 -32768
20 -342 322 178 -176 -32768 -32768 -32768 -32768
21 -329 310 187 -185 -32768 -32768 -32768 -32768
22 -327 304 190 -192 -32768 -32768 -32768 -32768
23 -336 315 186 -185 -32768 -32768 -32768 -32768
24 -330 309 186 -187 -32768 -32768 -32768 -32768
25 -340 321 163 -160 -32768 -32768 -32768 -32768
26 -365 345 155 -154 -32768 -32768 -32768 -32768
27 -385 364 167 -167 -32768 -32768 -32768 -32768
28 -400 380 169 -167 -32768 -32768 -32768 -32768
29 -471 448 168 -168 -32768 -32768 -32768 -32768
30 -495 474 194 -193 -32768 -32768 -32768 -32768
31 -446 424 195 -192 -32768 -32768 -32768 -32768
32 -284 263 193 -193 -32768 -32768 -32768 -32768
33 -282 263 195 -193 -32768 -32768 -32768 -32768
34 -291 269 212 -211 -32768 -32768 -32768 -32768
35 -362 340 223 -222 -32768 -32768 -32768 -32768
36 -371 351 260 -259 -32768 -32768 -32768 -32768
37 -368 347 271 -269 -32768 -32768 -32768 -32768
38 -363 343 285 -286 -32768 -32768 -32768 -32768
39 -376 355 301 -301 -32768 -32768 -32768 -32768
40 -385 365 312 -309 -32768 -32768 -32768 -32768
41 -374 354 342 -343 -32768 -32768 -32768 -32768
42 -283 260 333 -333 -32768 -32768 -32768 -32768
43 -304 283 363 -362 -32768 -32768 -32768 -32768
44 -326 307 358 -357 -32768 -32768 -32768 -32768
45 -343 323 351 -351 -32768 -32768 -32768 -32768
46 -350 329 346 -345 -32768 -32768 -32768 -32768
47 -356 336 338 -338 -32768 -32768 -32768 -32768
48 -350 330 368 -367 -32768 -32768 -32768 -32768
49 -346 326 382 -381 -32768 -32768 -32768 -32768
50 -315 294 366 -366 -32768 -32768 -32768 -32768
51 -291 271 350 -348 -32768 -32768 -32768 -32768
52 -250 231 367 -365 -32768 -32768 -32768 -32768
