OSINK 9A
1
22.10.20
Osova
0.0 0.0
0.0
0.00 0.00
-1.00 -1.00
0.00 0.00
20000.00
0.0
50
50
N
1
52
1 -457 461 11 -4 -32768 -32768 -32768 -32768
2 -457 461 12 -5 -32768 -32768 -32768 -32768
3 -457 461 12 -5 -32768 -32768 -32768 -32768
4 -457 461 12 -6 -32768 -32768 -32768 -32768
5 -457 460 12 -6 -32768 -32768 -32768 -32768
6 -457 460 13 -7 -32768 -32768 -32768 -32768
7 -431 435 42 -30 -32768 -32768 -32768 -32768
8 -391 395 100 -92 -32768 -32768 -32768 -32768
9 -386 388 133 -125 -32768 -32768 -32768 -32768
10 -409 412 168 -160 -32768 -32768 -32768 -32768
11 -340 334 165 -155 -32768 -32768 -32768 -32768
12 -276 284 124 -117 -32768 -32768 -32768 -32768
13 -323 327 148 -137 -32768 -32768 -32768 -32768
14 -308 311 156 -150 -32768 -32768 -32768 -32768
15 -309 312 165 -158 -32768 -32768 -32768 -32768
16 -319 322 164 -155 -32768 -32768 -32768 -32768
17 -345 348 158 -150 -32768 -32768 -32768 -32768
18 -335 339 168 -163 -32768 -32768 -32768 -32768
19 -337 338 178 -170 -32768 -32768 -32768 -32768
20 -343 346 176 -167 -32768 -32768 -32768 -32768
21 -343 347 187 -178 -32768 -32768 -32768 -32768
22 -340 344 182 -176 -32768 -32768 -32768 -32768
23 -339 341 181 -176 -32768 -32768 -32768 -32768
24 -330 333 193 -189 -32768 -32768 -32768 -32768
25 -334 338 166 -155 -32768 -32768 -32768 -32768
26 -358 359 158 -151 -32768 -32768 -32768 -32768
27 -379 381 169 -161 -32768 -32768 -32768 -32768
28 -388 392 171 -164 -32768 -32768 -32768 -32768
29 -454 459 167 -161 -32768 -32768 -32768 -32768
30 -492 491 194 -188 -32768 -32768 -32768 -32768
31 -453 457 196 -187 -32768 -32768 -32768 -32768
32 -297 300 194 -188 -32768 -32768 -32768 -32768
33 -278 283 195 -186 -32768 -32768 -32768 -32768
34 -273 277 212 -204 -32768 -32768 -32768 -32768
35 -341 347 221 -214 -32768 -32768 -32768 -32768
36 -362 363 262 -254 -32768 -32768 -32768 -32768
37 -355 358 273 -264 -32768 -32768 -32768 -32768
38 -353 355 286 -280 -32768 -32768 -32768 -32768
39 -363 367 303 -296 -32768 -32768 -32768 -32768
40 -373 376 313 -304 -32768 -32768 -32768 -32768
41 -373 374 340 -338 -32768 -32768 -32768 -32768
42 -273 274 335 -327 -32768 -32768 -32768 -32768
43 -290 296 364 -354 -32768 -32768 -32768 -32768
44 -312 316 364 -355 -32768 -32768 -32768 -32768
45 -329 334 354 -347 -32768 -32768 -32768 -32768
46 -338 341 350 -342 -32768 -32768 -32768 -32768
47 -343 348 340 -332 -32768 -32768 -32768 -32768
48 -339 342 370 -362 -32768 -32768 -32768 -32768
49 -335 338 386 -378 -32768 -32768 -32768 -32768
50 -306 307 373 -366 -32768 -32768 -32768 -32768
51 -280 284 352 -344 -32768 -32768 -32768 -32768
52 -238 240 372 -363 -32768 -32768 -32768 -32768
