OSINK 9A
1
17.12.20
Osova
0.0 0.0
0.0
0.00 0.00
-1.00 -1.00
0.00 0.00
20000.00
0.0
50
50
N
1
52
1 -416 390 20 -15 -32768 -32768 -32768 -32768
2 -416 390 20 -15 -32768 -32768 -32768 -32768
3 -416 390 20 -15 -32768 -32768 -32768 -32768
4 -416 392 20 -14 -32768 -32768 -32768 -32768
5 -407 392 15 -14 -32768 -32768 -32768 -32768
6 -407 392 15 -15 -32768 -32768 -32768 -32768
7 -422 395 60 -53 -32768 -32768 -32768 -32768
8 -397 370 112 -109 -32768 -32768 -32768 -32768
9 -389 364 145 -142 -32768 -32768 -32768 -32768
10 -425 400 153 -149 -32768 -32768 -32768 -32768
11 -327 298 147 -146 -32768 -32768 -32768 -32768
12 -306 278 126 -124 -32768 -32768 -32768 -32768
13 -324 299 153 -148 -32768 -32768 -32768 -32768
14 -317 291 157 -154 -32768 -32768 -32768 -32768
15 -323 296 159 -153 -32768 -32768 -32768 -32768
16 -332 307 156 -151 -32768 -32768 -32768 -32768
17 -363 339 158 -153 -32768 -32768 -32768 -32768
18 -341 315 173 -167 -32768 -32768 -32768 -32768
19 -348 323 179 -174 -32768 -32768 -32768 -32768
20 -357 333 176 -170 -32768 -32768 -32768 -32768
21 -342 317 186 -181 -32768 -32768 -32768 -32768
22 -337 311 189 -187 -32768 -32768 -32768 -32768
23 -345 318 187 -181 -32768 -32768 -32768 -32768
24 -336 313 193 -185 -32768 -32768 -32768 -32768
25 -346 322 165 -157 -32768 -32768 -32768 -32768
26 -368 345 157 -152 -32768 -32768 -32768 -32768
27 -389 363 168 -165 -32768 -32768 -32768 -32768
28 -402 379 171 -166 -32768 -32768 -32768 -32768
29 -471 445 170 -167 -32768 -32768 -32768 -32768
30 -499 473 196 -191 -32768 -32768 -32768 -32768
31 -449 433 196 -190 -32768 -32768 -32768 -32768
32 -279 266 193 -192 -32768 -32768 -32768 -32768
33 -286 262 196 -191 -32768 -32768 -32768 -32768
34 -291 258 213 -206 -32768 -32768 -32768 -32768
35 -363 334 225 -219 -32768 -32768 -32768 -32768
36 -373 349 262 -257 -32768 -32768 -32768 -32768
37 -369 343 272 -265 -32768 -32768 -32768 -32768
38 -365 340 288 -283 -32768 -32768 -32768 -32768
39 -378 352 304 -299 -32768 -32768 -32768 -32768
40 -387 362 313 -307 -32768 -32768 -32768 -32768
41 -384 356 345 -341 -32768 -32768 -32768 -32768
42 -286 258 334 -330 -32768 -32768 -32768 -32768
43 -303 282 364 -357 -32768 -32768 -32768 -32768
44 -325 300 362 -357 -32768 -32768 -32768 -32768
45 -342 318 352 -348 -32768 -32768 -32768 -32768
46 -352 327 349 -343 -32768 -32768 -32768 -32768
47 -357 333 340 -337 -32768 -32768 -32768 -32768
48 -354 326 370 -364 -32768 -32768 -32768 -32768
49 -350 324 385 -380 -32768 -32768 -32768 -32768
50 -318 297 372 -370 -32768 -32768 -32768 -32768
51 -295 269 350 -346 -32768 -32768 -32768 -32768
52 -254 227 370 -366 -32768 -32768 -32768 -32768
