OSINK 9A
1
29.10.20
Osova
0.0 0.0
0.0
0.00 0.00
-1.00 -1.00
0.00 0.00
20000.00
0.0
50
50
N
1
52
1 -467 459 3 10 -32768 -32768 -32768 -32768
2 -467 459 3 10 -32768 -32768 -32768 -32768
3 -467 461 3 12 -32768 -32768 -32768 -32768
4 -467 461 3 12 -32768 -32768 -32768 -32768
5 -467 461 3 12 -32768 -32768 -32768 -32768
6 -468 461 3 12 -32768 -32768 -32768 -32768
7 -435 430 39 -25 -32768 -32768 -32768 -32768
8 -394 390 98 -90 -32768 -32768 -32768 -32768
9 -388 381 132 -123 -32768 -32768 -32768 -32768
10 -414 407 166 -158 -32768 -32768 -32768 -32768
11 -346 340 167 -161 -32768 -32768 -32768 -32768
12 -278 275 122 -112 -32768 -32768 -32768 -32768
13 -325 318 147 -136 -32768 -32768 -32768 -32768
14 -313 307 157 -149 -32768 -32768 -32768 -32768
15 -313 308 163 -154 -32768 -32768 -32768 -32768
16 -322 315 162 -152 -32768 -32768 -32768 -32768
17 -349 341 157 -148 -32768 -32768 -32768 -32768
18 -341 335 168 -163 -32768 -32768 -32768 -32768
19 -340 333 178 -170 -32768 -32768 -32768 -32768
20 -349 342 175 -166 -32768 -32768 -32768 -32768
21 -342 336 185 -177 -32768 -32768 -32768 -32768
22 -327 320 187 -183 -32768 -32768 -32768 -32768
23 -339 333 185 -176 -32768 -32768 -32768 -32768
24 -334 328 195 -193 -32768 -32768 -32768 -32768
25 -338 332 166 -156 -32768 -32768 -32768 -32768
26 -361 354 158 -150 -32768 -32768 -32768 -32768
27 -383 376 168 -161 -32768 -32768 -32768 -32768
28 -393 386 171 -164 -32768 -32768 -32768 -32768
29 -458 452 167 -160 -32768 -32768 -32768 -32768
30 -496 486 194 -187 -32768 -32768 -32768 -32768
31 -463 449 196 -187 -32768 -32768 -32768 -32768
32 -306 290 196 -188 -32768 -32768 -32768 -32768
33 -281 276 195 -186 -32768 -32768 -32768 -32768
34 -277 271 212 -204 -32768 -32768 -32768 -32768
35 -345 342 222 -214 -32768 -32768 -32768 -32768
36 -366 358 263 -255 -32768 -32768 -32768 -32768
37 -361 354 272 -263 -32768 -32768 -32768 -32768
38 -358 350 287 -281 -32768 -32768 -32768 -32768
39 -368 362 304 -296 -32768 -32768 -32768 -32768
40 -377 372 313 -304 -32768 -32768 -32768 -32768
41 -377 369 345 -339 -32768 -32768 -32768 -32768
42 -277 270 336 -327 -32768 -32768 -32768 -32768
43 -296 288 364 -355 -32768 -32768 -32768 -32768
44 -316 312 365 -354 -32768 -32768 -32768 -32768
45 -335 329 354 -347 -32768 -32768 -32768 -32768
46 -343 337 351 -342 -32768 -32768 -32768 -32768
47 -349 343 340 -333 -32768 -32768 -32768 -32768
48 -346 336 372 -362 -32768 -32768 -32768 -32768
49 -340 334 387 -378 -32768 -32768 -32768 -32768
50 -310 302 372 -366 -32768 -32768 -32768 -32768
51 -287 279 350 -344 -32768 -32768 -32768 -32768
52 -241 235 373 -363 -32768 -32768 -32768 -32768
