OSINK 9A
1
16.10.20
Osova
0.0 0.0
0.0
0.00 0.00
-1.00 -1.00
0.00 0.00
20000.00
0.0
50
50
N
1
52
1 -455 453 1 -10 -32768 -32768 -32768 -32768
2 -455 453 1 -10 -32768 -32768 -32768 -32768
3 -460 453 -1 -10 -32768 -32768 -32768 -32768
4 -460 453 -1 -10 -32768 -32768 -32768 -32768
5 -460 453 -1 -10 -32768 -32768 -32768 -32768
6 -465 453 5 -10 -32768 -32768 -32768 -32768
7 -435 430 37 -37 -32768 -32768 -32768 -32768
8 -397 391 94 -100 -32768 -32768 -32768 -32768
9 -393 386 128 -132 -32768 -32768 -32768 -32768
10 -407 399 163 -168 -32768 -32768 -32768 -32768
11 -353 342 155 -157 -32768 -32768 -32768 -32768
12 -289 287 127 -126 -32768 -32768 -32768 -32768
13 -333 327 139 -140 -32768 -32768 -32768 -32768
14 -315 308 151 -154 -32768 -32768 -32768 -32768
15 -315 310 160 -164 -32768 -32768 -32768 -32768
16 -326 319 159 -162 -32768 -32768 -32768 -32768
17 -353 345 154 -155 -32768 -32768 -32768 -32768
18 -343 337 162 -169 -32768 -32768 -32768 -32768
19 -343 334 173 -175 -32768 -32768 -32768 -32768
20 -351 344 169 -172 -32768 -32768 -32768 -32768
21 -351 345 181 -182 -32768 -32768 -32768 -32768
22 -348 342 177 -181 -32768 -32768 -32768 -32768
23 -344 338 176 -181 -32768 -32768 -32768 -32768
24 -335 331 189 -196 -32768 -32768 -32768 -32768
25 -341 336 161 -162 -32768 -32768 -32768 -32768
26 -364 357 153 -156 -32768 -32768 -32768 -32768
27 -385 378 163 -167 -32768 -32768 -32768 -32768
28 -396 389 167 -169 -32768 -32768 -32768 -32768
29 -462 457 166 -166 -32768 -32768 -32768 -32768
30 -501 491 190 -193 -32768 -32768 -32768 -32768
31 -459 456 191 -192 -32768 -32768 -32768 -32768
32 -304 300 190 -195 -32768 -32768 -32768 -32768
33 -284 280 190 -191 -32768 -32768 -32768 -32768
34 -282 274 208 -209 -32768 -32768 -32768 -32768
35 -349 345 217 -220 -32768 -32768 -32768 -32768
36 -368 360 257 -260 -32768 -32768 -32768 -32768
37 -362 355 267 -267 -32768 -32768 -32768 -32768
38 -359 357 282 -292 -32768 -32768 -32768 -32768
39 -370 366 300 -300 -32768 -32768 -32768 -32768
40 -380 374 309 -310 -32768 -32768 -32768 -32768
41 -377 372 339 -344 -32768 -32768 -32768 -32768
42 -279 273 331 -333 -32768 -32768 -32768 -32768
43 -297 292 359 -360 -32768 -32768 -32768 -32768
44 -318 313 358 -361 -32768 -32768 -32768 -32768
45 -338 330 347 -353 -32768 -32768 -32768 -32768
46 -346 339 346 -348 -32768 -32768 -32768 -32768
47 -350 345 335 -338 -32768 -32768 -32768 -32768
48 -345 339 365 -367 -32768 -32768 -32768 -32768
49 -342 336 382 -384 -32768 -32768 -32768 -32768
50 -312 305 367 -373 -32768 -32768 -32768 -32768
51 -287 281 347 -349 -32768 -32768 -32768 -32768
52 -243 238 367 -369 -32768 -32768 -32768 -32768
