OSINK 9A
1
08.10.20
Osova
0.0 0.0
0.0
0.00 0.00
-1.00 -1.00
0.00 0.00
20000.00
0.0
50
50
N
1
52
1 -495 482 15 -16 -32768 -32768 -32768 -32768
2 -495 482 15 -16 -32768 -32768 -32768 -32768
3 -495 482 15 -15 -32768 -32768 -32768 -32768
4 -494 482 15 -15 -32768 -32768 -32768 -32768
5 -494 482 15 -16 -32768 -32768 -32768 -32768
6 -494 482 15 -16 -32768 -32768 -32768 -32768
7 -459 454 41 -36 -32768 -32768 -32768 -32768
8 -407 401 94 -94 -32768 -32768 -32768 -32768
9 -380 373 122 -122 -32768 -32768 -32768 -32768
10 -367 361 145 -145 -32768 -32768 -32768 -32768
11 -354 345 147 -148 -32768 -32768 -32768 -32768
12 -352 344 146 -147 -32768 -32768 -32768 -32768
13 -357 349 135 -132 -32768 -32768 -32768 -32768
14 -321 315 150 -151 -32768 -32768 -32768 -32768
15 -318 312 162 -162 -32768 -32768 -32768 -32768
16 -329 322 159 -158 -32768 -32768 -32768 -32768
17 -354 346 152 -150 -32768 -32768 -32768 -32768
18 -344 337 160 -162 -32768 -32768 -32768 -32768
19 -343 335 171 -170 -32768 -32768 -32768 -32768
20 -351 345 167 -166 -32768 -32768 -32768 -32768
21 -351 345 180 -178 -32768 -32768 -32768 -32768
22 -349 341 175 -177 -32768 -32768 -32768 -32768
23 -345 336 175 -177 -32768 -32768 -32768 -32768
24 -334 329 193 -194 -32768 -32768 -32768 -32768
25 -341 334 160 -160 -32768 -32768 -32768 -32768
26 -363 355 152 -155 -32768 -32768 -32768 -32768
27 -385 374 163 -165 -32768 -32768 -32768 -32768
28 -395 387 166 -163 -32768 -32768 -32768 -32768
29 -462 456 163 -164 -32768 -32768 -32768 -32768
30 -501 488 190 -198 -32768 -32768 -32768 -32768
31 -460 452 192 -190 -32768 -32768 -32768 -32768
32 -302 298 190 -193 -32768 -32768 -32768 -32768
33 -284 279 191 -191 -32768 -32768 -32768 -32768
34 -280 273 208 -206 -32768 -32768 -32768 -32768
35 -349 344 218 -219 -32768 -32768 -32768 -32768
36 -367 359 259 -257 -32768 -32768 -32768 -32768
37 -361 355 267 -265 -32768 -32768 -32768 -32768
38 -359 350 283 -283 -32768 -32768 -32768 -32768
39 -370 362 299 -299 -32768 -32768 -32768 -32768
40 -380 373 308 -308 -32768 -32768 -32768 -32768
41 -379 369 341 -342 -32768 -32768 -32768 -32768
42 -278 270 332 -331 -32768 -32768 -32768 -32768
43 -297 290 361 -358 -32768 -32768 -32768 -32768
44 -318 313 359 -358 -32768 -32768 -32768 -32768
45 -336 328 350 -351 -32768 -32768 -32768 -32768
46 -344 337 346 -345 -32768 -32768 -32768 -32768
47 -350 343 337 -336 -32768 -32768 -32768 -32768
48 -344 337 366 -366 -32768 -32768 -32768 -32768
49 -342 333 382 -382 -32768 -32768 -32768 -32768
50 -312 302 370 -369 -32768 -32768 -32768 -32768
51 -287 278 348 -348 -32768 -32768 -32768 -32768
52 -242 234 368 -367 -32768 -32768 -32768 -32768
