OSINK 9A
1
26.11.20
Osova
0.0 0.0
0.0
0.00 0.00
-1.00 -1.00
0.00 0.00
20000.00
0.0
50
50
N
1
52
1 -459 432 10 -15 -32768 -32768 -32768 -32768
2 -459 432 10 -15 -32768 -32768 -32768 -32768
3 -459 431 10 -15 -32768 -32768 -32768 -32768
4 -460 431 12 -15 -32768 -32768 -32768 -32768
5 -460 431 12 -15 -32768 -32768 -32768 -32768
6 -461 432 10 -14 -32768 -32768 -32768 -32768
7 -429 396 60 -46 -32768 -32768 -32768 -32768
8 -399 373 117 -107 -32768 -32768 -32768 -32768
9 -392 365 149 -139 -32768 -32768 -32768 -32768
10 -428 402 157 -148 -32768 -32768 -32768 -32768
11 -327 300 153 -146 -32768 -32768 -32768 -32768
12 -310 278 133 -120 -32768 -32768 -32768 -32768
13 -325 300 159 -148 -32768 -32768 -32768 -32768
14 -319 291 160 -152 -32768 -32768 -32768 -32768
15 -324 296 163 -152 -32768 -32768 -32768 -32768
16 -333 306 160 -150 -32768 -32768 -32768 -32768
17 -366 339 161 -152 -32768 -32768 -32768 -32768
18 -344 317 177 -166 -32768 -32768 -32768 -32768
19 -349 325 182 -173 -32768 -32768 -32768 -32768
20 -362 334 180 -169 -32768 -32768 -32768 -32768
21 -346 319 188 -179 -32768 -32768 -32768 -32768
22 -339 312 193 -186 -32768 -32768 -32768 -32768
23 -347 320 188 -179 -32768 -32768 -32768 -32768
24 -336 314 189 -186 -32768 -32768 -32768 -32768
25 -354 322 169 -155 -32768 -32768 -32768 -32768
26 -372 342 159 -151 -32768 -32768 -32768 -32768
27 -391 364 173 -163 -32768 -32768 -32768 -32768
28 -405 377 174 -164 -32768 -32768 -32768 -32768
29 -492 445 182 -164 -32768 -32768 -32768 -32768
30 -499 472 200 -191 -32768 -32768 -32768 -32768
31 -447 425 200 -189 -32768 -32768 -32768 -32768
32 -285 261 197 -189 -32768 -32768 -32768 -32768
33 -286 263 201 -187 -32768 -32768 -32768 -32768
34 -293 262 217 -209 -32768 -32768 -32768 -32768
35 -361 334 227 -217 -32768 -32768 -32768 -32768
36 -375 348 265 -255 -32768 -32768 -32768 -32768
37 -370 339 274 -263 -32768 -32768 -32768 -32768
38 -366 341 288 -280 -32768 -32768 -32768 -32768
39 -379 352 307 -296 -32768 -32768 -32768 -32768
40 -388 362 318 -306 -32768 -32768 -32768 -32768
41 -381 354 348 -340 -32768 -32768 -32768 -32768
42 -285 259 339 -329 -32768 -32768 -32768 -32768
43 -305 280 366 -358 -32768 -32768 -32768 -32768
44 -328 302 364 -355 -32768 -32768 -32768 -32768
45 -345 319 357 -347 -32768 -32768 -32768 -32768
46 -353 325 352 -342 -32768 -32768 -32768 -32768
47 -358 333 344 -334 -32768 -32768 -32768 -32768
48 -352 326 375 -364 -32768 -32768 -32768 -32768
49 -349 323 388 -378 -32768 -32768 -32768 -32768
50 -320 293 374 -366 -32768 -32768 -32768 -32768
51 -295 268 353 -343 -32768 -32768 -32768 -32768
52 -253 229 374 -364 -32768 -32768 -32768 -32768
