OSINK 9A
1
24.09.20
Osova
0.0 0.0
0.0
0.00 0.00
-1.00 -1.00
0.00 0.00
20000.00
0.0
50
50
N
1
52
1 -485 476 15 -15 -32768 -32768 -32768 -32768
2 -485 476 15 -15 -32768 -32768 -32768 -32768
3 -484 476 16 -15 -32768 -32768 -32768 -32768
4 -484 476 16 -15 -32768 -32768 -32768 -32768
5 -484 475 16 -15 -32768 -32768 -32768 -32768
6 -484 477 13 -13 -32768 -32768 -32768 -32768
7 -462 452 40 -36 -32768 -32768 -32768 -32768
8 -411 401 92 -90 -32768 -32768 -32768 -32768
9 -385 372 125 -123 -32768 -32768 -32768 -32768
10 -370 358 146 -143 -32768 -32768 -32768 -32768
11 -355 343 148 -147 -32768 -32768 -32768 -32768
12 -353 336 144 -139 -32768 -32768 -32768 -32768
13 -360 349 137 -129 -32768 -32768 -32768 -32768
14 -325 314 152 -149 -32768 -32768 -32768 -32768
15 -323 310 165 -161 -32768 -32768 -32768 -32768
16 -332 320 162 -157 -32768 -32768 -32768 -32768
17 -357 345 154 -148 -32768 -32768 -32768 -32768
18 -345 336 163 -162 -32768 -32768 -32768 -32768
19 -346 333 174 -169 -32768 -32768 -32768 -32768
20 -354 343 170 -166 -32768 -32768 -32768 -32768
21 -355 345 182 -177 -32768 -32768 -32768 -32768
22 -351 342 178 -176 -32768 -32768 -32768 -32768
23 -349 337 178 -176 -32768 -32768 -32768 -32768
24 -339 329 192 -190 -32768 -32768 -32768 -32768
25 -344 333 163 -157 -32768 -32768 -32768 -32768
26 -365 356 156 -153 -32768 -32768 -32768 -32768
27 -388 376 165 -162 -32768 -32768 -32768 -32768
28 -398 386 169 -164 -32768 -32768 -32768 -32768
29 -463 452 164 -160 -32768 -32768 -32768 -32768
30 -502 489 191 -188 -32768 -32768 -32768 -32768
31 -466 457 195 -188 -32768 -32768 -32768 -32768
32 -310 299 193 -189 -32768 -32768 -32768 -32768
33 -287 278 193 -188 -32768 -32768 -32768 -32768
34 -280 269 212 -205 -32768 -32768 -32768 -32768
35 -350 343 221 -219 -32768 -32768 -32768 -32768
36 -369 357 261 -257 -32768 -32768 -32768 -32768
37 -363 352 270 -264 -32768 -32768 -32768 -32768
38 -360 349 285 -282 -32768 -32768 -32768 -32768
39 -371 360 302 -298 -32768 -32768 -32768 -32768
40 -382 368 312 -308 -32768 -32768 -32768 -32768
41 -382 368 343 -341 -32768 -32768 -32768 -32768
42 -281 269 335 -329 -32768 -32768 -32768 -32768
43 -299 288 363 -356 -32768 -32768 -32768 -32768
44 -319 308 362 -357 -32768 -32768 -32768 -32768
45 -338 325 353 -346 -32768 -32768 -32768 -32768
46 -346 336 349 -344 -32768 -32768 -32768 -32768
47 -351 341 340 -334 -32768 -32768 -32768 -32768
48 -346 334 370 -364 -32768 -32768 -32768 -32768
49 -343 332 386 -380 -32768 -32768 -32768 -32768
50 -313 301 372 -368 -32768 -32768 -32768 -32768
51 -288 287 352 -348 -32768 -32768 -32768 -32768
52 -242 232 371 -365 -32768 -32768 -32768 -32768
