OSINK 9A
1
19.11.20
Osova
0.0 0.0
0.0
0.00 0.00
-1.00 -1.00
0.00 0.00
20000.00
0.0
50
50
N
1
52
1 -448 435 19 -11 -32768 -32768 -32768 -32768
2 -449 435 19 -11 -32768 -32768 -32768 -32768
3 -449 435 19 -11 -32768 -32768 -32768 -32768
4 -449 435 20 -11 -32768 -32768 -32768 -32768
5 -449 435 20 -11 -32768 -32768 -32768 -32768
6 -450 435 16 -11 -32768 -32768 -32768 -32768
7 -420 403 64 -47 -32768 -32768 -32768 -32768
8 -393 377 116 -104 -32768 -32768 -32768 -32768
9 -386 369 151 -138 -32768 -32768 -32768 -32768
10 -422 406 160 -146 -32768 -32768 -32768 -32768
11 -323 299 158 -143 -32768 -32768 -32768 -32768
12 -303 279 133 -117 -32768 -32768 -32768 -32768
13 -320 304 159 -146 -32768 -32768 -32768 -32768
14 -313 294 162 -150 -32768 -32768 -32768 -32768
15 -316 297 165 -155 -32768 -32768 -32768 -32768
16 -327 311 162 -148 -32768 -32768 -32768 -32768
17 -360 344 163 -149 -32768 -32768 -32768 -32768
18 -337 322 178 -163 -32768 -32768 -32768 -32768
19 -345 327 184 -170 -32768 -32768 -32768 -32768
20 -354 338 181 -166 -32768 -32768 -32768 -32768
21 -338 323 191 -176 -32768 -32768 -32768 -32768
22 -333 317 196 -184 -32768 -32768 -32768 -32768
23 -341 324 190 -176 -32768 -32768 -32768 -32768
24 -332 318 194 -181 -32768 -32768 -32768 -32768
25 -343 327 170 -153 -32768 -32768 -32768 -32768
26 -365 352 162 -148 -32768 -32768 -32768 -32768
27 -385 369 175 -162 -32768 -32768 -32768 -32768
28 -396 385 177 -162 -32768 -32768 -32768 -32768
29 -467 451 175 -162 -32768 -32768 -32768 -32768
30 -494 478 202 -188 -32768 -32768 -32768 -32768
31 -443 427 202 -187 -32768 -32768 -32768 -32768
32 -279 262 199 -187 -32768 -32768 -32768 -32768
33 -281 266 201 -187 -32768 -32768 -32768 -32768
34 -288 269 220 -206 -32768 -32768 -32768 -32768
35 -358 339 232 -216 -32768 -32768 -32768 -32768
36 -368 353 268 -254 -32768 -32768 -32768 -32768
37 -364 345 277 -261 -32768 -32768 -32768 -32768
38 -360 344 292 -280 -32768 -32768 -32768 -32768
39 -368 356 307 -296 -32768 -32768 -32768 -32768
40 -381 366 322 -304 -32768 -32768 -32768 -32768
41 -374 357 350 -338 -32768 -32768 -32768 -32768
42 -281 263 340 -327 -32768 -32768 -32768 -32768
43 -299 284 370 -354 -32768 -32768 -32768 -32768
44 -321 306 366 -351 -32768 -32768 -32768 -32768
45 -338 316 360 -345 -32768 -32768 -32768 -32768
46 -346 331 355 -340 -32768 -32768 -32768 -32768
47 -351 337 346 -332 -32768 -32768 -32768 -32768
48 -346 330 375 -361 -32768 -32768 -32768 -32768
49 -345 331 390 -376 -32768 -32768 -32768 -32768
50 -315 298 378 -365 -32768 -32768 -32768 -32768
51 -282 273 355 -343 -32768 -32768 -32768 -32768
52 -246 229 376 -362 -32768 -32768 -32768 -32768
