OSINK 9A
1
11.02.21
Osova
0.0 0.0
0.0
0.00 0.00
-1.00 -1.00
0.00 0.00
20000.00
0.0
50
50
N
1
52
1 -402 384 32 -41 -32768 -32768 -32768 -32768
2 -402 384 32 -41 -32768 -32768 -32768 -32768
3 -401 384 32 -41 -32768 -32768 -32768 -32768
4 -401 384 32 -41 -32768 -32768 -32768 -32768
5 -401 384 32 -41 -32768 -32768 -32768 -32768
6 -400 384 31 -41 -32768 -32768 -32768 -32768
7 -408 389 51 -57 -32768 -32768 -32768 -32768
8 -377 359 99 -108 -32768 -32768 -32768 -32768
9 -372 355 138 -144 -32768 -32768 -32768 -32768
10 -400 383 147 -153 -32768 -32768 -32768 -32768
11 -294 273 142 -145 -32768 -32768 -32768 -32768
12 -319 302 78 -85 -32768 -32768 -32768 -32768
13 -348 329 122 -131 -32768 -32768 -32768 -32768
14 -270 252 188 -195 -32768 -32768 -32768 -32768
15 -309 296 168 -173 -32768 -32768 -32768 -32768
16 -326 312 153 -158 -32768 -32768 -32768 -32768
17 -353 338 147 -153 -32768 -32768 -32768 -32768
18 -333 316 174 -178 -32768 -32768 -32768 -32768
19 -339 324 174 -180 -32768 -32768 -32768 -32768
20 -347 331 170 -176 -32768 -32768 -32768 -32768
21 -334 318 181 -186 -32768 -32768 -32768 -32768
22 -328 312 183 -193 -32768 -32768 -32768 -32768
23 -337 321 180 -185 -32768 -32768 -32768 -32768
24 -329 314 186 -192 -32768 -32768 -32768 -32768
25 -338 323 159 -162 -32768 -32768 -32768 -32768
26 -366 347 150 -157 -32768 -32768 -32768 -32768
27 -381 366 161 -169 -32768 -32768 -32768 -32768
28 -394 379 166 -171 -32768 -32768 -32768 -32768
29 -459 448 162 -172 -32768 -32768 -32768 -32768
30 -494 476 191 -197 -32768 -32768 -32768 -32768
31 -450 435 189 -195 -32768 -32768 -32768 -32768
32 -282 266 189 -197 -32768 -32768 -32768 -32768
33 -281 266 191 -195 -32768 -32768 -32768 -32768
34 -286 269 207 -213 -32768 -32768 -32768 -32768
35 -352 337 216 -223 -32768 -32768 -32768 -32768
36 -368 353 257 -262 -32768 -32768 -32768 -32768
37 -365 348 264 -269 -32768 -32768 -32768 -32768
38 -361 345 280 -287 -32768 -32768 -32768 -32768
39 -372 356 297 -302 -32768 -32768 -32768 -32768
40 -380 364 306 -311 -32768 -32768 -32768 -32768
41 -378 363 337 -346 -32768 -32768 -32768 -32768
42 -280 263 328 -335 -32768 -32768 -32768 -32768
43 -302 285 357 -361 -32768 -32768 -32768 -32768
44 -323 306 353 -361 -32768 -32768 -32768 -32768
45 -339 323 345 -353 -32768 -32768 -32768 -32768
46 -348 331 346 -349 -32768 -32768 -32768 -32768
47 -353 338 334 -340 -32768 -32768 -32768 -32768
48 -347 330 364 -369 -32768 -32768 -32768 -32768
49 -345 329 378 -384 -32768 -32768 -32768 -32768
50 -316 298 365 -371 -32768 -32768 -32768 -32768
51 -290 274 344 -348 -32768 -32768 -32768 -32768
52 -252 236 364 -368 -32768 -32768 -32768 -32768
