OSINK 9A
1
22.04.21
Osova
0.0 0.0
0.0
0.00 0.00
-1.00 -1.00
0.00 0.00
20000.00
0.0
50
50
N
1
52
1 -376 358 43 -32 -32768 -32768 -32768 -32768
2 -376 358 43 -32 -32768 -32768 -32768 -32768
3 -376 358 43 -31 -32768 -32768 -32768 -32768
4 -375 358 43 -31 -32768 -32768 -32768 -32768
5 -375 358 43 -31 -32768 -32768 -32768 -32768
6 -374 357 41 -32 -32768 -32768 -32768 -32768
7 -385 360 71 -50 -32768 -32768 -32768 -32768
8 -373 349 111 -94 -32768 -32768 -32768 -32768
9 -389 359 143 -127 -32768 -32768 -32768 -32768
10 -398 373 156 -140 -32768 -32768 -32768 -32768
11 -284 264 139 -136 -32768 -32768 -32768 -32768
12 -328 300 86 -68 -32768 -32768 -32768 -32768
13 -337 320 135 -118 -32768 -32768 -32768 -32768
14 -255 229 185 -167 -32768 -32768 -32768 -32768
15 -309 287 171 -158 -32768 -32768 -32768 -32768
16 -331 306 176 -160 -32768 -32768 -32768 -32768
17 -348 322 170 -159 -32768 -32768 -32768 -32768
18 -325 300 192 -172 -32768 -32768 -32768 -32768
19 -337 314 188 -171 -32768 -32768 -32768 -32768
20 -346 323 186 -165 -32768 -32768 -32768 -32768
21 -331 310 195 -175 -32768 -32768 -32768 -32768
22 -328 301 200 -181 -32768 -32768 -32768 -32768
23 -338 314 193 -176 -32768 -32768 -32768 -32768
24 -330 308 197 -180 -32768 -32768 -32768 -32768
25 -341 318 171 -150 -32768 -32768 -32768 -32768
26 -366 343 164 -146 -32768 -32768 -32768 -32768
27 -385 360 175 -158 -32768 -32768 -32768 -32768
28 -399 375 177 -160 -32768 -32768 -32768 -32768
29 -467 445 175 -162 -32768 -32768 -32768 -32768
30 -495 472 202 -186 -32768 -32768 -32768 -32768
31 -448 427 203 -184 -32768 -32768 -32768 -32768
32 -287 261 202 -185 -32768 -32768 -32768 -32768
33 -284 262 203 -184 -32768 -32768 -32768 -32768
34 -290 268 221 -204 -32768 -32768 -32768 -32768
35 -362 335 231 -214 -32768 -32768 -32768 -32768
36 -371 349 268 -251 -32768 -32768 -32768 -32768
37 -368 345 278 -258 -32768 -32768 -32768 -32768
38 -364 341 293 -276 -32768 -32768 -32768 -32768
39 -377 352 309 -292 -32768 -32768 -32768 -32768
40 -386 363 319 -301 -32768 -32768 -32768 -32768
41 -382 357 350 -335 -32768 -32768 -32768 -32768
42 -283 259 341 -325 -32768 -32768 -32768 -32768
43 -304 281 371 -352 -32768 -32768 -32768 -32768
44 -326 303 368 -348 -32768 -32768 -32768 -32768
45 -343 319 359 -342 -32768 -32768 -32768 -32768
46 -351 327 355 -336 -32768 -32768 -32768 -32768
47 -356 333 346 -330 -32768 -32768 -32768 -32768
48 -352 326 376 -358 -32768 -32768 -32768 -32768
49 -349 326 391 -372 -32768 -32768 -32768 -32768
50 -318 295 377 -361 -32768 -32768 -32768 -32768
51 -294 270 357 -339 -32768 -32768 -32768 -32768
52 -255 232 378 -357 -32768 -32768 -32768 -32768
