OSINK 9A
1
20.05.21
Osova
0.0 0.0
0.0
0.00 0.00
-1.00 -1.00
0.00 0.00
20000.00
0.0
50
50
N
1
52
1 -364 362 30 -32 -32768 -32768 -32768 -32768
2 -364 362 31 -32 -32768 -32768 -32768 -32768
3 -364 362 31 -32 -32768 -32768 -32768 -32768
4 -364 362 31 -33 -32768 -32768 -32768 -32768
5 -365 362 32 -33 -32768 -32768 -32768 -32768
6 -365 361 32 -32 -32768 -32768 -32768 -32768
7 -385 360 70 -54 -32768 -32768 -32768 -32768
8 -369 348 113 -97 -32768 -32768 -32768 -32768
9 -389 368 146 -129 -32768 -32768 -32768 -32768
10 -390 373 158 -141 -32768 -32768 -32768 -32768
11 -293 265 148 -137 -32768 -32768 -32768 -32768
12 -328 305 90 -72 -32768 -32768 -32768 -32768
13 -334 314 137 -122 -32768 -32768 -32768 -32768
14 -254 229 183 -170 -32768 -32768 -32768 -32768
15 -306 288 169 -152 -32768 -32768 -32768 -32768
16 -325 305 176 -160 -32768 -32768 -32768 -32768
17 -344 324 174 -156 -32768 -32768 -32768 -32768
18 -322 302 192 -173 -32768 -32768 -32768 -32768
19 -333 318 189 -173 -32768 -32768 -32768 -32768
20 -343 322 187 -170 -32768 -32768 -32768 -32768
21 -330 310 195 -178 -32768 -32768 -32768 -32768
22 -326 306 199 -185 -32768 -32768 -32768 -32768
23 -336 314 194 -178 -32768 -32768 -32768 -32768
24 -329 308 196 -179 -32768 -32768 -32768 -32768
25 -339 320 172 -152 -32768 -32768 -32768 -32768
26 -364 345 164 -147 -32768 -32768 -32768 -32768
27 -384 363 176 -160 -32768 -32768 -32768 -32768
28 -398 381 178 -161 -32768 -32768 -32768 -32768
29 -465 449 175 -163 -32768 -32768 -32768 -32768
30 -494 474 203 -186 -32768 -32768 -32768 -32768
31 -450 426 204 -185 -32768 -32768 -32768 -32768
32 -285 261 202 -188 -32768 -32768 -32768 -32768
33 -282 263 203 -186 -32768 -32768 -32768 -32768
34 -288 270 219 -205 -32768 -32768 -32768 -32768
35 -359 338 230 -216 -32768 -32768 -32768 -32768
36 -371 351 267 -252 -32768 -32768 -32768 -32768
37 -366 345 278 -260 -32768 -32768 -32768 -32768
38 -362 343 293 -278 -32768 -32768 -32768 -32768
39 -375 354 310 -293 -32768 -32768 -32768 -32768
40 -386 363 321 -302 -32768 -32768 -32768 -32768
41 -380 357 350 -335 -32768 -32768 -32768 -32768
42 -282 305 340 -326 -32768 -32768 -32768 -32768
43 -303 282 371 -355 -32768 -32768 -32768 -32768
44 -325 305 366 -349 -32768 -32768 -32768 -32768
45 -342 321 360 -344 -32768 -32768 -32768 -32768
46 -350 329 355 -338 -32768 -32768 -32768 -32768
47 -355 334 347 -331 -32768 -32768 -32768 -32768
48 -349 329 376 -360 -32768 -32768 -32768 -32768
49 -346 326 391 -374 -32768 -32768 -32768 -32768
50 -316 296 377 -361 -32768 -32768 -32768 -32768
51 -292 271 355 -339 -32768 -32768 -32768 -32768
52 -254 237 374 -357 -32768 -32768 -32768 -32768
