OSINK 9A
1
03.12.20
Osova
0.0 0.0
0.0
0.00 0.00
-1.00 -1.00
0.00 0.00
20000.00
0.0
50
50
N
1
52
1 -412 403 14 -6 -32768 -32768 -32768 -32768
2 -412 403 14 -6 -32768 -32768 -32768 -32768
3 -412 403 14 -4 -32768 -32768 -32768 -32768
4 -406 403 14 -4 -32768 -32768 -32768 -32768
5 -406 403 14 -5 -32768 -32768 -32768 -32768
6 -405 403 11 -5 -32768 -32768 -32768 -32768
7 -413 406 62 -52 -32768 -32768 -32768 -32768
8 -386 379 117 -109 -32768 -32768 -32768 -32768
9 -379 373 147 -138 -32768 -32768 -32768 -32768
10 -416 410 155 -147 -32768 -32768 -32768 -32768
11 -318 309 146 -146 -32768 -32768 -32768 -32768
12 -297 287 130 -119 -32768 -32768 -32768 -32768
13 -313 308 157 -148 -32768 -32768 -32768 -32768
14 -308 300 159 -151 -32768 -32768 -32768 -32768
15 -312 305 161 -152 -32768 -32768 -32768 -32768
16 -322 316 158 -149 -32768 -32768 -32768 -32768
17 -354 350 159 -149 -32768 -32768 -32768 -32768
18 -332 324 174 -165 -32768 -32768 -32768 -32768
19 -338 333 180 -172 -32768 -32768 -32768 -32768
20 -349 343 178 -168 -32768 -32768 -32768 -32768
21 -334 327 187 -178 -32768 -32768 -32768 -32768
22 -327 321 191 -185 -32768 -32768 -32768 -32768
23 -335 330 188 -177 -32768 -32768 -32768 -32768
24 -326 319 188 -182 -32768 -32768 -32768 -32768
25 -339 331 165 -154 -32768 -32768 -32768 -32768
26 -358 351 159 -150 -32768 -32768 -32768 -32768
27 -379 373 170 -163 -32768 -32768 -32768 -32768
28 -394 384 173 -165 -32768 -32768 -32768 -32768
29 -461 455 171 -164 -32768 -32768 -32768 -32768
30 -488 481 198 -190 -32768 -32768 -32768 -32768
31 -439 434 198 -188 -32768 -32768 -32768 -32768
32 -273 269 197 -189 -32768 -32768 -32768 -32768
33 -280 270 193 -188 -32768 -32768 -32768 -32768
34 -278 275 217 -207 -32768 -32768 -32768 -32768
35 -351 345 227 -217 -32768 -32768 -32768 -32768
36 -362 358 265 -255 -32768 -32768 -32768 -32768
37 -359 353 273 -263 -32768 -32768 -32768 -32768
38 -355 350 288 -281 -32768 -32768 -32768 -32768
39 -366 361 305 -296 -32768 -32768 -32768 -32768
40 -376 370 316 -305 -32768 -32768 -32768 -32768
41 -374 367 345 -339 -32768 -32768 -32768 -32768
42 -275 267 336 -327 -32768 -32768 -32768 -32768
43 -295 288 365 -356 -32768 -32768 -32768 -32768
44 -318 313 361 -354 -32768 -32768 -32768 -32768
45 -334 327 355 -346 -32768 -32768 -32768 -32768
46 -342 335 351 -341 -32768 -32768 -32768 -32768
47 -348 340 341 -333 -32768 -32768 -32768 -32768
48 -342 336 372 -361 -32768 -32768 -32768 -32768
49 -339 332 387 -377 -32768 -32768 -32768 -32768
50 -307 301 373 -364 -32768 -32768 -32768 -32768
51 -284 278 353 -344 -32768 -32768 -32768 -32768
52 -241 235 373 -363 402 -32768 -5 -32768
