OSINK 4B
1
25.11.20
Osova
0.0 0.0
0.0
0.00 0.00
-1.00 -1.00
0.00 0.00
20000.00
0.0
50
50
N
1
52
1 -182 192 -186 215 -32768 -32768 -32768 -32768
2 -182 192 -186 215 -32768 -32768 -32768 -32768
3 -184 183 -187 213 -32768 -32768 -32768 -32768
4 -132 139 -136 150 -32768 -32768 -32768 -32768
5 -108 106 -70 81 -32768 -32768 -32768 -32768
6 -84 88 -9 26 -32768 -32768 -32768 -32768
7 -70 75 15 0 -32768 -32768 -32768 -32768
8 -44 50 37 -24 -32768 -32768 -32768 -32768
9 -20 23 39 -26 -32768 -32768 -32768 -32768
10 2 2 31 -18 -32768 -32768 -32768 -32768
11 8 -4 11 1 -32768 -32768 -32768 -32768
12 6 -3 -11 25 -32768 -32768 -32768 -32768
13 9 -4 -42 55 -32768 -32768 -32768 -32768
14 0 4 -76 90 -32768 -32768 -32768 -32768
15 -6 7 -110 119 -32768 -32768 -32768 -32768
16 4 -1 -130 145 -32768 -32768 -32768 -32768
17 78 -72 -108 135 -32768 -32768 -32768 -32768
18 136 -132 -107 113 -32768 -32768 -32768 -32768
19 147 -144 -84 105 -32768 -32768 -32768 -32768
20 149 -144 -83 103 -32768 -32768 -32768 -32768
21 152 -162 -62 70 -32768 -32768 -32768 -32768
22 149 -145 -42 52 -32768 -32768 -32768 -32768
23 148 -143 -4 19 -32768 -32768 -32768 -32768
24 157 -152 28 -13 -32768 -32768 -32768 -32768
25 161 -156 52 -39 -32768 -32768 -32768 -32768
26 172 -169 88 -75 -32768 -32768 -32768 -32768
27 171 -166 122 -112 -32768 -32768 -32768 -32768
28 175 -170 156 -145 -32768 -32768 -32768 -32768
29 173 -169 189 -177 -32768 -32768 -32768 -32768
30 154 -149 214 -201 -32768 -32768 -32768 -32768
31 127 -111 223 -209 -32768 -32768 -32768 -32768
32 94 -85 219 -207 -32768 -32768 -32768 -32768
33 46 -42 234 -221 -32768 -32768 -32768 -32768
34 8 11 232 -219 -32768 -32768 -32768 -32768
35 -26 40 231 -215 -32768 -32768 -32768 -32768
36 -71 76 217 -202 -32768 -32768 -32768 -32768
37 -95 101 208 -195 -32768 -32768 -32768 -32768
38 -130 136 199 -185 -32768 -32768 -32768 -32768
39 -147 153 173 -159 -32768 -32768 -32768 -32768
40 -176 180 132 -117 -32768 -32768 -32768 -32768
41 -217 221 119 -108 -32768 -32768 -32768 -32768
42 -222 227 58 -43 -32768 -32768 -32768 -32768
43 -198 201 13 0 -32768 -32768 -32768 -32768
44 -153 160 -51 63 -32768 -32768 -32768 -32768
45 -130 134 -70 82 -32768 -32768 -32768 -32768
46 -86 90 -98 113 -32768 -32768 -32768 -32768
47 -41 46 -117 129 -32768 -32768 -32768 -32768
48 -28 23 -117 127 -32768 -32768 -32768 -32768
49 49 -45 -88 101 -32768 -32768 -32768 -32768
50 109 -105 -90 103 -32768 -32768 -32768 -32768
51 159 -154 -83 97 -32768 -32768 -32768 -32768
52 201 -196 -69 80 -32768 -32768 -32768 -32768
