OSINK 4B
1
07.10.20
Osova
0.0 0.0
0.0
0.00 0.00
-1.00 -1.00
0.00 0.00
20000.00
0.0
50
50
N
1
52
1 -175 168 -204 207 -32768 -32768 -32768 -32768
2 -175 168 -204 208 -32768 -32768 -32768 -32768
3 -172 168 -203 208 -32768 -32768 -32768 -32768
4 -144 136 -161 157 -32768 -32768 -32768 -32768
5 -118 108 -112 114 -32768 -32768 -32768 -32768
6 -97 89 -27 29 -32768 -32768 -32768 -32768
7 -76 68 1 2 -32768 -32768 -32768 -32768
8 -60 52 25 -24 -32768 -32768 -32768 -32768
9 -27 19 34 -33 -32768 -32768 -32768 -32768
10 -13 4 28 -27 -32768 -32768 -32768 -32768
11 3 -10 15 -15 -32768 -32768 -32768 -32768
12 1 -9 -16 17 -32768 -32768 -32768 -32768
13 4 -13 -42 43 -32768 -32768 -32768 -32768
14 -3 -5 -73 75 -32768 -32768 -32768 -32768
15 -13 6 -105 107 -32768 -32768 -32768 -32768
16 -3 -4 -137 135 -32768 -32768 -32768 -32768
17 50 -59 -134 135 -32768 -32768 -32768 -32768
18 128 -136 -108 108 -32768 -32768 -32768 -32768
19 141 -149 -98 99 -32768 -32768 -32768 -32768
20 142 -149 -95 98 -32768 -32768 -32768 -32768
21 149 -159 -71 71 -32768 -32768 -32768 -32768
22 145 -153 -51 51 -32768 -32768 -32768 -32768
23 142 -150 -14 15 -32768 -32768 -32768 -32768
24 150 -159 18 -18 -32768 -32768 -32768 -32768
25 153 -161 43 -43 -32768 -32768 -32768 -32768
26 166 -174 82 -80 -32768 -32768 -32768 -32768
27 166 -174 116 -114 -32768 -32768 -32768 -32768
28 167 -176 150 -152 -32768 -32768 -32768 -32768
29 170 -178 178 -177 -32768 -32768 -32768 -32768
30 150 -158 207 -206 -32768 -32768 -32768 -32768
31 114 -122 218 -216 -32768 -32768 -32768 -32768
32 87 -96 213 -214 -32768 -32768 -32768 -32768
33 43 -52 227 -226 -32768 -32768 -32768 -32768
34 2 -10 226 -225 -32768 -32768 -32768 -32768
35 -34 27 224 -224 -32768 -32768 -32768 -32768
36 -77 68 211 -208 -32768 -32768 -32768 -32768
37 -101 94 203 -200 -32768 -32768 -32768 -32768
38 -137 129 192 -193 -32768 -32768 -32768 -32768
39 -154 145 166 -167 -32768 -32768 -32768 -32768
40 -181 172 128 -126 -32768 -32768 -32768 -32768
41 -220 212 114 -113 -32768 -32768 -32768 -32768
42 -229 221 53 -50 -32768 -32768 -32768 -32768
43 -204 194 7 -4 -32768 -32768 -32768 -32768
44 -162 152 -56 60 -32768 -32768 -32768 -32768
45 -137 128 -78 78 -32768 -32768 -32768 -32768
46 -93 84 -104 105 -32768 -32768 -32768 -32768
47 -46 39 -123 124 -32768 -32768 -32768 -32768
48 -36 24 -122 125 -32768 -32768 -32768 -32768
49 44 -53 -94 95 -32768 -32768 -32768 -32768
50 104 -113 -95 96 -32768 -32768 -32768 -32768
51 154 -163 -89 90 -32768 -32768 -32768 -32768
52 196 -204 -72 74 -32768 -32768 -32768 -32768
