OSINK 4B
1
02.12.20
Osova
0.0 0.0
0.0
0.00 0.00
-1.00 -1.00
0.00 0.00
20000.00
0.0
50
50
N
1
52
1 -186 154 -201 203 -32768 -32768 -32768 -32768
2 -186 154 -201 203 -32768 -32768 -32768 -32768
3 -186 154 -201 203 -32768 -32768 -32768 -32768
4 -143 118 -137 143 -32768 -32768 -32768 -32768
5 -121 98 -71 77 -32768 -32768 -32768 -32768
6 -97 73 -11 22 -32768 -32768 -32768 -32768
7 -84 59 12 -5 -32768 -32768 -32768 -32768
8 -60 34 34 -27 -32768 -32768 -32768 -32768
9 -32 7 36 -29 -32768 -32768 -32768 -32768
10 -9 -13 27 -21 -32768 -32768 -32768 -32768
11 -6 -18 6 0 -32768 -32768 -32768 -32768
12 -7 -18 -15 22 -32768 -32768 -32768 -32768
13 -4 -19 -45 53 -32768 -32768 -32768 -32768
14 -14 -11 -78 86 -32768 -32768 -32768 -32768
15 -22 -2 -111 114 -32768 -32768 -32768 -32768
16 -8 -17 -136 142 -32768 -32768 -32768 -32768
17 66 -89 -125 131 -32768 -32768 -32768 -32768
18 125 -148 -102 110 -32768 -32768 -32768 -32768
19 134 -159 -96 103 -32768 -32768 -32768 -32768
20 136 -160 -92 99 -32768 -32768 -32768 -32768
21 143 -166 -66 67 -32768 -32768 -32768 -32768
22 133 -161 -44 51 -32768 -32768 -32768 -32768
23 134 -159 -4 14 -32768 -32768 -32768 -32768
24 143 -167 24 -17 -32768 -32768 -32768 -32768
25 146 -172 50 -43 -32768 -32768 -32768 -32768
26 158 -183 86 -78 -32768 -32768 -32768 -32768
27 157 -180 123 -118 -32768 -32768 -32768 -32768
28 161 -187 153 -149 -32768 -32768 -32768 -32768
29 158 -183 187 -181 -32768 -32768 -32768 -32768
30 139 -163 211 -204 -32768 -32768 -32768 -32768
31 101 -126 219 -211 -32768 -32768 -32768 -32768
32 75 -101 215 -210 -32768 -32768 -32768 -32768
33 29 -55 230 -224 -32768 -32768 -32768 -32768
34 -6 -17 229 -217 -32768 -32768 -32768 -32768
35 -37 19 228 -222 -32768 -32768 -32768 -32768
36 -86 58 214 -207 -32768 -32768 -32768 -32768
37 -110 85 205 -196 -32768 -32768 -32768 -32768
38 -146 122 195 -188 -32768 -32768 -32768 -32768
39 -161 138 168 -163 -32768 -32768 -32768 -32768
40 -192 166 127 -120 -32768 -32768 -32768 -32768
41 -232 206 115 -111 -32768 -32768 -32768 -32768
42 -235 212 51 -43 -32768 -32768 -32768 -32768
43 -211 185 7 0 -32768 -32768 -32768 -32768
44 -167 144 -56 65 -32768 -32768 -32768 -32768
45 -145 121 -74 80 -32768 -32768 -32768 -32768
46 -102 75 -102 109 -32768 -32768 -32768 -32768
47 -55 32 -120 126 -32768 -32768 -32768 -32768
48 -41 14 -120 128 -32768 -32768 -32768 -32768
49 35 -59 -92 98 -32768 -32768 -32768 -32768
50 95 -123 -93 100 -32768 -32768 -32768 -32768
51 146 -168 -87 94 -32768 -32768 -32768 -32768
52 187 -211 -72 76 -32768 -32768 -32768 -32768
