OSINK 4B
1
02.03.21
Osova
0.0 0.0
0.0
0.00 0.00
-1.00 -1.00
0.00 0.00
20000.00
0.0
50
50
N
1
52
1 -152 133 -209 218 -32768 -32768 -32768 -32768
2 -152 133 -209 218 -32768 -32768 -32768 -32768
3 -152 133 -209 218 -32768 -32768 -32768 -32768
4 -133 115 -139 149 -32768 -32768 -32768 -32768
5 -115 96 -72 85 -32768 -32768 -32768 -32768
6 -92 75 -11 26 -32768 -32768 -32768 -32768
7 -77 60 14 -2 -32768 -32768 -32768 -32768
8 -53 36 35 -23 -32768 -32768 -32768 -32768
9 -27 11 38 -25 -32768 -32768 -32768 -32768
10 -9 -6 32 -19 -32768 -32768 -32768 -32768
11 0 -16 8 1 -32768 -32768 -32768 -32768
12 0 -16 -14 25 -32768 -32768 -32768 -32768
13 0 -18 -44 57 -32768 -32768 -32768 -32768
14 -7 -8 -76 89 -32768 -32768 -32768 -32768
15 -15 -1 -108 119 -32768 -32768 -32768 -32768
16 -1 -16 -133 145 -32768 -32768 -32768 -32768
17 70 -85 -122 135 -32768 -32768 -32768 -32768
18 130 -146 -99 112 -32768 -32768 -32768 -32768
19 141 -156 -92 105 -32768 -32768 -32768 -32768
20 142 -159 -87 101 -32768 -32768 -32768 -32768
21 150 -165 -61 72 -32768 -32768 -32768 -32768
22 144 -156 -43 49 -32768 -32768 -32768 -32768
23 140 -156 -3 17 -32768 -32768 -32768 -32768
24 147 -163 28 -16 -32768 -32768 -32768 -32768
25 152 -168 55 -41 -32768 -32768 -32768 -32768
26 163 -179 90 -77 -32768 -32768 -32768 -32768
27 161 -176 128 -116 -32768 -32768 -32768 -32768
28 165 -182 157 -147 -32768 -32768 -32768 -32768
29 163 -180 188 -176 -32768 -32768 -32768 -32768
30 143 -159 215 -202 -32768 -32768 -32768 -32768
31 106 -121 223 -210 -32768 -32768 -32768 -32768
32 81 -97 219 -208 -32768 -32768 -32768 -32768
33 33 -49 234 -222 -32768 -32768 -32768 -32768
34 -3 -12 232 -219 -32768 -32768 -32768 -32768
35 -43 24 227 -217 -32768 -32768 -32768 -32768
36 -84 65 216 -203 -32768 -32768 -32768 -32768
37 -107 93 207 -195 -32768 -32768 -32768 -32768
38 -142 125 198 -188 -32768 -32768 -32768 -32768
39 -158 142 171 -160 -32768 -32768 -32768 -32768
40 -186 170 132 -117 -32768 -32768 -32768 -32768
41 -226 209 119 -108 -32768 -32768 -32768 -32768
42 -232 214 54 -40 -32768 -32768 -32768 -32768
43 -208 189 11 2 -32768 -32768 -32768 -32768
44 -164 147 -52 67 -32768 -32768 -32768 -32768
45 -141 125 -73 84 -32768 -32768 -32768 -32768
46 -97 80 -100 110 -32768 -32768 -32768 -32768
47 -50 35 -117 129 -32768 -32768 -32768 -32768
48 -38 20 -117 131 -32768 -32768 -32768 -32768
49 37 -53 -89 101 -32768 -32768 -32768 -32768
50 98 -117 -89 101 -32768 -32768 -32768 -32768
51 145 -166 -84 95 -32768 -32768 -32768 -32768
52 191 -208 -67 79 -32768 -32768 -32768 -32768
