OSINK 4B
1
12.05.21
Osova
0.0 0.0
0.0
0.00 0.00
-1.00 -1.00
0.00 0.00
20000.00
0.0
50
50
N
1
52
1 -207 187 -179 197 -32768 -32768 -32768 -32768
2 -210 187 -180 197 -32768 -32768 -32768 -32768
3 -210 188 -180 194 -32768 -32768 -32768 -32768
4 -132 121 -122 139 -32768 -32768 -32768 -32768
5 -113 104 -67 77 -32768 -32768 -32768 -32768
6 -88 74 -5 28 -32768 -32768 -32768 -32768
7 -74 60 19 -2 -32768 -32768 -32768 -32768
8 -48 34 40 -21 -32768 -32768 -32768 -32768
9 -25 10 41 -22 -32768 -32768 -32768 -32768
10 -5 -10 34 -16 -32768 -32768 -32768 -32768
11 0 -14 11 9 -32768 -32768 -32768 -32768
12 1 -15 -10 30 -32768 -32768 -32768 -32768
13 0 -17 -43 61 -32768 -32768 -32768 -32768
14 -7 -7 -73 95 -32768 -32768 -32768 -32768
15 -13 3 -104 124 -32768 -32768 -32768 -32768
16 1 -20 -130 139 -32768 -32768 -32768 -32768
17 75 -98 -118 135 -32768 -32768 -32768 -32768
18 134 -148 -96 114 -32768 -32768 -32768 -32768
19 142 -158 -89 108 -32768 -32768 -32768 -32768
20 143 -158 -80 103 -32768 -32768 -32768 -32768
21 152 -166 -55 75 -32768 -32768 -32768 -32768
22 143 -160 -37 51 -32768 -32768 -32768 -32768
23 142 -156 1 18 -32768 -32768 -32768 -32768
24 150 -166 32 -14 -32768 -32768 -32768 -32768
25 155 -170 61 -42 -32768 -32768 -32768 -32768
26 166 -181 96 -74 -32768 -32768 -32768 -32768
27 162 -176 136 -116 -32768 -32768 -32768 -32768
28 169 -187 161 -147 -32768 -32768 -32768 -32768
29 165 -181 194 -178 -32768 -32768 -32768 -32768
30 142 -158 220 -202 -32768 -32768 -32768 -32768
31 105 -119 227 -207 -32768 -32768 -32768 -32768
32 80 -93 223 -204 -32768 -32768 -32768 -32768
33 34 -50 237 -220 -32768 -32768 -32768 -32768
34 -1 -13 235 -217 -32768 -32768 -32768 -32768
35 -44 32 230 -211 -32768 -32768 -32768 -32768
36 -82 66 220 -200 -32768 -32768 -32768 -32768
37 -106 95 211 -191 -32768 -32768 -32768 -32768
38 -141 128 199 -180 -32768 -32768 -32768 -32768
39 -158 144 174 -153 -32768 -32768 -32768 -32768
40 -184 172 132 -111 -32768 -32768 -32768 -32768
41 -225 212 121 -104 -32768 -32768 -32768 -32768
42 -229 213 51 -34 -32768 -32768 -32768 -32768
43 -200 186 10 7 -32768 -32768 -32768 -32768
44 -163 146 -52 75 -32768 -32768 -32768 -32768
45 -131 122 -73 88 -32768 -32768 -32768 -32768
46 -88 75 -101 118 -32768 -32768 -32768 -32768
47 -48 35 -115 131 -32768 -32768 -32768 -32768
48 -32 17 -115 134 -32768 -32768 -32768 -32768
49 40 -58 -85 104 -32768 -32768 -32768 -32768
50 102 -118 -90 106 -32768 -32768 -32768 -32768
51 153 -169 -78 97 -32768 -32768 -32768 -32768
52 193 -208 -67 82 -32768 -32768 -32768 -32768
