OSINK 4B
1
02.09.21
Osova
0.0 0.0
0.0
0.00 0.00
-1.00 -1.00
0.00 0.00
20000.00
0.0
50
50
N
1
52
1 -169 153 -146 171 -32768 -32768 -32768 -32768
2 -169 153 -146 171 -32768 -32768 -32768 -32768
3 -170 169 -150 190 -32768 -32768 -32768 -32768
4 -133 114 -123 135 -32768 -32768 -32768 -32768
5 -118 92 -73 74 -32768 -32768 -32768 -32768
6 -89 68 -8 21 -32768 -32768 -32768 -32768
7 -78 58 15 -7 -32768 -32768 -32768 -32768
8 -54 33 36 -27 -32768 -32768 -32768 -32768
9 -27 5 37 -28 -32768 -32768 -32768 -32768
10 -7 -53 30 -25 -32768 -32768 -32768 -32768
11 -3 -18 7 1 -32768 -32768 -32768 -32768
12 -3 -19 -15 25 -32768 -32768 -32768 -32768
13 -2 -20 -47 58 -32768 -32768 -32768 -32768
14 -10 -8 -78 91 -32768 -32768 -32768 -32768
15 -18 -1 -110 118 -32768 -32768 -32768 -32768
16 -3 -20 -135 144 -32768 -32768 -32768 -32768
17 70 -95 -123 131 -32768 -32768 -32768 -32768
18 127 -149 -101 111 -32768 -32768 -32768 -32768
19 137 -160 -94 104 -32768 -32768 -32768 -32768
20 139 -161 -86 99 -32768 -32768 -32768 -32768
21 154 -168 -56 69 -32768 -32768 -32768 -32768
22 139 -162 -42 47 -32768 -32768 -32768 -32768
23 142 -160 1 13 -32768 -32768 -32768 -32768
24 145 -170 24 -19 -32768 -32768 -32768 -32768
25 155 -174 59 -46 -32768 -32768 -32768 -32768
26 162 -186 93 -79 -32768 -32768 -32768 -32768
27 161 -181 130 -121 -32768 -32768 -32768 -32768
28 166 -189 157 -151 -32768 -32768 -32768 -32768
29 163 -185 189 -181 -32768 -32768 -32768 -32768
30 140 -165 216 -205 -32768 -32768 -32768 -32768
31 103 -124 222 -211 -32768 -32768 -32768 -32768
32 77 -100 218 -209 -32768 -32768 -32768 -32768
33 32 -56 233 -225 -32768 -32768 -32768 -32768
34 -4 -18 231 -221 -32768 -32768 -32768 -32768
35 -45 23 226 -217 -32768 -32768 -32768 -32768
36 -84 62 215 -204 -32768 -32768 -32768 -32768
37 -109 90 206 -195 -32768 -32768 -32768 -32768
38 -144 122 195 -188 -32768 -32768 -32768 -32768
39 -162 138 167 -160 -32768 -32768 -32768 -32768
40 -189 167 124 -114 -32768 -32768 -32768 -32768
41 -229 205 114 -109 -32768 -32768 -32768 -32768
42 -232 210 48 -39 -32768 -32768 -32768 -32768
43 -206 183 8 2 -32768 -32768 -32768 -32768
44 -164 141 -55 70 -32768 -32768 -32768 -32768
45 -139 116 -74 84 -32768 -32768 -32768 -32768
46 -95 73 -103 112 -32768 -32768 -32768 -32768
47 -51 29 -118 127 -32768 -32768 -32768 -32768
48 -36 15 -118 130 -32768 -32768 -32768 -32768
49 40 -62 -89 98 -32768 -32768 -32768 -32768
50 100 -122 -92 100 -32768 -32768 -32768 -32768
51 148 -174 -83 92 -32768 -32768 -32768 -32768
52 190 -212 -68 77 -32768 -32768 -32768 -32768
