OSINK 4B
1
25.05.21
Osova
0.0 0.0
0.0
0.00 0.00
-1.00 -1.00
0.00 0.00
20000.00
0.0
50
50
N
1
52
1 -163 138 -155 169 -32768 -32768 -32768 -32768
2 -163 136 -155 169 -32768 -32768 -32768 -32768
3 -163 134 -150 172 -32768 -32768 -32768 -32768
4 -137 112 -126 141 -32768 -32768 -32768 -32768
5 -116 93 -68 78 -32768 -32768 -32768 -32768
6 -91 71 -5 27 -32768 -32768 -32768 -32768
7 -79 58 18 -1 -32768 -32768 -32768 -32768
8 -54 31 39 -23 -32768 -32768 -32768 -32768
9 -28 7 40 -23 -32768 -32768 -32768 -32768
10 -10 -10 34 -16 -32768 -32768 -32768 -32768
11 -2 -16 10 8 -32768 -32768 -32768 -32768
12 -4 -18 -12 30 -32768 -32768 -32768 -32768
13 -1 -19 -43 60 -32768 -32768 -32768 -32768
14 -9 -9 -74 93 -32768 -32768 -32768 -32768
15 -16 -3 -105 122 -32768 -32768 -32768 -32768
16 -2 -18 -132 146 -32768 -32768 -32768 -32768
17 71 -93 -120 134 -32768 -32768 -32768 -32768
18 129 -149 -97 113 -32768 -32768 -32768 -32768
19 139 -160 -91 107 -32768 -32768 -32768 -32768
20 139 -161 -84 102 -32768 -32768 -32768 -32768
21 148 -167 -58 74 -32768 -32768 -32768 -32768
22 139 -160 -38 48 -32768 -32768 -32768 -32768
23 138 -159 0 17 -32768 -32768 -32768 -32768
24 147 -168 30 -15 -32768 -32768 -32768 -32768
25 151 -173 59 -43 -32768 -32768 -32768 -32768
26 163 -184 94 -74 -32768 -32768 -32768 -32768
27 161 -179 128 -117 -32768 -32768 -32768 -32768
28 166 -188 159 -147 -32768 -32768 -32768 -32768
29 162 -184 190 -176 -32768 -32768 -32768 -32768
30 139 -162 217 -202 -32768 -32768 -32768 -32768
31 102 -124 225 -207 -32768 -32768 -32768 -32768
32 79 -99 221 -205 -32768 -32768 -32768 -32768
33 32 -53 236 -220 -32768 -32768 -32768 -32768
34 -3 -17 233 -218 -32768 -32768 -32768 -32768
35 -44 27 229 -213 -32768 -32768 -32768 -32768
36 -84 62 217 -200 -32768 -32768 -32768 -32768
37 -108 90 210 -191 -32768 -32768 -32768 -32768
38 -146 125 198 -182 -32768 -32768 -32768 -32768
39 -162 140 171 -156 -32768 -32768 -32768 -32768
40 -190 169 125 -110 -32768 -32768 -32768 -32768
41 -233 210 115 -103 -32768 -32768 -32768 -32768
42 -232 211 52 -36 -32768 -32768 -32768 -32768
43 -206 184 10 6 -32768 -32768 -32768 -32768
44 -164 143 -51 73 -32768 -32768 -32768 -32768
45 -140 118 -71 87 -32768 -32768 -32768 -32768
46 -96 74 -101 115 -32768 -32768 -32768 -32768
47 -52 32 -115 130 -32768 -32768 -32768 -32768
48 -39 14 -116 132 -32768 -32768 -32768 -32768
49 40 -58 -86 103 -32768 -32768 -32768 -32768
50 100 -121 -89 104 -32768 -32768 -32768 -32768
51 146 -170 -82 96 -32768 -32768 -32768 -32768
52 190 -211 -66 81 -32768 -32768 -32768 -32768
