OSINK 4B
1
17.03.21
Osova
0.0 0.0
0.0
0.00 0.00
-1.00 -1.00
0.00 0.00
20000.00
0.0
50
50
N
1
52
1 -112 95 -134 114 -32768 -32768 -32768 -32768
2 -111 95 -133 114 -32768 -32768 -32768 -32768
3 -112 93 -133 113 -32768 -32768 -32768 -32768
4 -125 103 -137 113 -32768 -32768 -32768 -32768
5 -118 90 -90 66 -32768 -32768 -32768 -32768
6 -92 69 -27 8 -32768 -32768 -32768 -32768
7 -83 57 0 -19 -32768 -32768 -32768 -32768
8 -54 31 18 -40 -32768 -32768 -32768 -32768
9 -28 6 20 -42 -32768 -32768 -32768 -32768
10 -11 -10 15 -36 -32768 -32768 -32768 -32768
11 -5 -18 -6 -12 -32768 -32768 -32768 -32768
12 -1 -18 -31 9 -32768 -32768 -32768 -32768
13 -1 -21 -61 40 -32768 -32768 -32768 -32768
14 -10 -10 -84 72 -32768 -32768 -32768 -32768
15 10 -3 -133 101 -32768 -32768 -32768 -32768
16 45 -19 -163 128 -32768 -32768 -32768 -32768
17 61 -90 -139 117 -32768 -32768 -32768 -32768
18 120 -150 -118 95 -32768 -32768 -32768 -32768
19 136 -161 -110 88 -32768 -32768 -32768 -32768
20 149 -161 -105 83 -32768 -32768 -32768 -32768
21 146 -168 -78 54 -32768 -32768 -32768 -32768
22 144 -160 -40 34 -32768 -32768 -32768 -32768
23 126 -159 -36 0 -32768 -32768 -32768 -32768
24 139 -167 18 -34 -32768 -32768 -32768 -32768
25 140 -171 35 -59 -32768 -32768 -32768 -32768
26 163 -184 91 -95 -32768 -32768 -32768 -32768
27 159 -178 110 -136 -32768 -32768 -32768 -32768
28 162 -186 141 -165 -32768 -32768 -32768 -32768
29 159 -183 171 -194 -32768 -32768 -32768 -32768
30 140 -162 195 -219 -32768 -32768 -32768 -32768
31 103 -123 206 -226 -32768 -32768 -32768 -32768
32 77 -98 201 -224 -32768 -32768 -32768 -32768
33 33 -54 218 -239 -32768 -32768 -32768 -32768
34 -3 -17 213 -236 -32768 -32768 -32768 -32768
35 -49 22 217 -234 -32768 -32768 -32768 -32768
36 -88 63 199 -220 -32768 -32768 -32768 -32768
37 -110 90 190 -211 -32768 -32768 -32768 -32768
38 -145 125 178 -202 -32768 -32768 -32768 -32768
39 -160 139 154 -175 -32768 -32768 -32768 -32768
40 -189 167 111 -134 -32768 -32768 -32768 -32768
41 -230 206 100 -125 -32768 -32768 -32768 -32768
42 -234 213 36 -58 -32768 -32768 -32768 -32768
43 -209 186 -5 -13 -32768 -32768 -32768 -32768
44 -167 144 -68 51 -32768 -32768 -32768 -32768
45 -142 121 -89 67 -32768 -32768 -32768 -32768
46 -100 76 -116 95 -32768 -32768 -32768 -32768
47 -53 32 -134 112 -32768 -32768 -32768 -32768
48 -39 17 -135 114 -32768 -32768 -32768 -32768
49 38 -60 -105 83 -32768 -32768 -32768 -32768
50 97 -119 -107 85 -32768 -32768 -32768 -32768
51 145 -169 -100 79 -32768 -32768 -32768 -32768
52 189 -211 -84 63 -32768 -32768 -32768 -32768
