OSINK 4B
1
18.11.20
Osova
0.0 0.0
0.0
0.00 0.00
-1.00 -1.00
0.00 0.00
20000.00
0.0
50
50
N
1
52
1 -189 158 -190 197 -32768 -32768 -32768 -32768
2 -189 158 -190 197 -32768 -32768 -32768 -32768
3 -188 172 -190 193 -32768 -32768 -32768 -32768
4 -134 122 -137 146 -32768 -32768 -32768 -32768
5 -112 98 -82 91 -32768 -32768 -32768 -32768
6 -93 78 -19 24 -32768 -32768 -32768 -32768
7 -73 72 14 -4 -32768 -32768 -32768 -32768
8 -50 35 35 -29 -32768 -32768 -32768 -32768
9 -26 12 39 -32 -32768 -32768 -32768 -32768
10 -6 -7 32 -23 -32768 -32768 -32768 -32768
11 2 -15 9 -3 -32768 -32768 -32768 -32768
12 -1 -11 -15 19 -32768 -32768 -32768 -32768
13 1 -14 -46 55 -32768 -32768 -32768 -32768
14 -8 -4 -79 87 -32768 -32768 -32768 -32768
15 -15 7 -110 115 -32768 -32768 -32768 -32768
16 -1 -10 -136 144 -32768 -32768 -32768 -32768
17 68 -77 -124 133 -32768 -32768 -32768 -32768
18 129 -138 -103 113 -32768 -32768 -32768 -32768
19 140 -158 -95 103 -32768 -32768 -32768 -32768
20 142 -158 -90 105 -32768 -32768 -32768 -32768
21 150 -166 -64 74 -32768 -32768 -32768 -32768
22 142 -158 -45 52 -32768 -32768 -32768 -32768
23 140 -156 -10 17 -32768 -32768 -32768 -32768
24 149 -160 24 -15 -32768 -32768 -32768 -32768
25 155 -163 51 -45 -32768 -32768 -32768 -32768
26 165 -177 88 -78 -32768 -32768 -32768 -32768
27 164 -176 122 -118 -32768 -32768 -32768 -32768
28 168 -181 154 -153 -32768 -32768 -32768 -32768
29 165 -177 187 -180 -32768 -32768 -32768 -32768
30 145 -163 212 -203 -32768 -32768 -32768 -32768
31 111 -116 221 -212 -32768 -32768 -32768 -32768
32 84 -96 216 -209 -32768 -32768 -32768 -32768
33 39 -55 231 -226 -32768 -32768 -32768 -32768
34 1 -8 229 -217 -32768 -32768 -32768 -32768
35 -40 22 226 -217 -32768 -32768 -32768 -32768
36 -80 66 214 -197 -32768 -32768 -32768 -32768
37 -104 100 205 -201 -32768 -32768 -32768 -32768
38 -139 128 196 -187 -32768 -32768 -32768 -32768
39 -155 144 171 -163 -32768 -32768 -32768 -32768
40 -183 172 129 -121 -32768 -32768 -32768 -32768
41 -223 213 117 -107 -32768 -32768 -32768 -32768
42 -229 218 53 -51 -32768 -32768 -32768 -32768
43 -203 194 7 6 -32768 -32768 -32768 -32768
44 -164 149 -51 62 -32768 -32768 -32768 -32768
45 -142 128 -72 82 -32768 -32768 -32768 -32768
46 -97 84 -100 107 -32768 -32768 -32768 -32768
47 -49 38 -120 128 -32768 -32768 -32768 -32768
48 -37 25 -119 128 -32768 -32768 -32768 -32768
49 37 -49 -92 101 -32768 -32768 -32768 -32768
50 100 -113 -92 100 -32768 -32768 -32768 -32768
51 151 -164 -86 94 -32768 -32768 -32768 -32768
52 193 -205 -70 79 -32768 -32768 -32768 -32768
