OSINK 4B
1
09.06.21
Osova
0.0 0.0
0.0
0.00 0.00
-1.00 -1.00
0.00 0.00
20000.00
0.0
50
50
N
1
52
1 -177 155 -161 145 -32768 -32768 -32768 -32768
2 -177 155 -161 145 -32768 -32768 -32768 -32768
3 -177 159 -161 147 -32768 -32768 -32768 -32768
4 -134 116 -127 125 -32768 -32768 -32768 -32768
5 -119 94 -77 68 -32768 -32768 -32768 -32768
6 -92 72 -13 19 -32768 -32768 -32768 -32768
7 -79 58 10 -10 -32768 -32768 -32768 -32768
8 -53 31 32 -30 -32768 -32768 -32768 -32768
9 -30 7 32 -31 -32768 -32768 -32768 -32768
10 -10 -11 26 -24 -32768 -32768 -32768 -32768
11 -3 -17 2 -2 -32768 -32768 -32768 -32768
12 -3 -18 -19 21 -32768 -32768 -32768 -32768
13 -2 -20 -50 52 -32768 -32768 -32768 -32768
14 -10 -9 -82 86 -32768 -32768 -32768 -32768
15 -17 -4 -113 115 -32768 -32768 -32768 -32768
16 -1 -21 -139 139 -32768 -32768 -32768 -32768
17 74 -94 -126 126 -32768 -32768 -32768 -32768
18 129 -151 -104 105 -32768 -32768 -32768 -32768
19 139 -161 -98 100 -32768 -32768 -32768 -32768
20 139 -163 -91 94 -32768 -32768 -32768 -32768
21 149 -169 -64 65 -32768 -32768 -32768 -32768
22 140 -162 -46 41 -32768 -32768 -32768 -32768
23 138 -160 -7 10 -32768 -32768 -32768 -32768
24 147 -169 25 -24 -32768 -32768 -32768 -32768
25 151 -173 53 -50 -32768 -32768 -32768 -32768
26 163 -185 87 -83 -32768 -32768 -32768 -32768
27 161 -179 124 -126 -32768 -32768 -32768 -32768
28 164 -188 152 -154 -32768 -32768 -32768 -32768
29 161 -184 186 -185 -32768 -32768 -32768 -32768
30 139 -162 211 -210 -32768 -32768 -32768 -32768
31 102 -124 218 -216 -32768 -32768 -32768 -32768
32 77 -100 214 -213 -32768 -32768 -32768 -32768
33 32 -53 229 -229 -32768 -32768 -32768 -32768
34 -4 -16 227 -226 -32768 -32768 -32768 -32768
35 -45 24 223 -222 -32768 -32768 -32768 -32768
36 -86 63 211 -209 -32768 -32768 -32768 -32768
37 -109 88 203 -199 -32768 -32768 -32768 -32768
38 -147 125 191 -189 -32768 -32768 -32768 -32768
39 -161 139 164 -164 -32768 -32768 -32768 -32768
40 -190 167 120 -120 -32768 -32768 -32768 -32768
41 -231 208 111 -113 -32768 -32768 -32768 -32768
42 -233 210 46 -43 -32768 -32768 -32768 -32768
43 -207 184 4 -2 -32768 -32768 -32768 -32768
44 -165 143 -59 65 -32768 -32768 -32768 -32768
45 -140 119 -78 79 -32768 -32768 -32768 -32768
46 -94 72 -107 109 -32768 -32768 -32768 -32768
47 -52 31 -122 122 -32768 -32768 -32768 -32768
48 -35 10 -121 125 -32768 -32768 -32768 -32768
49 41 -62 -92 94 -32768 -32768 -32768 -32768
50 102 -124 -97 97 -32768 -32768 -32768 -32768
51 151 -173 -86 88 -32768 -32768 -32768 -32768
52 190 -211 -72 73 -32768 -32768 -32768 -32768
