OSINK 4B
1
27.10.20
Osova
0.0 0.0
0.0
0.00 0.00
-1.00 -1.00
0.00 0.00
20000.00
0.0
50
50
N
1
52
1 -178 166 -199 204 -32768 -32768 -32768 -32768
2 -178 165 -199 203 -32768 -32768 -32768 -32768
3 -178 165 -199 203 -32768 -32768 -32768 -32768
4 -146 136 -157 158 -32768 -32768 -32768 -32768
5 -118 109 -110 112 -32768 -32768 -32768 -32768
6 -98 90 -28 31 -32768 -32768 -32768 -32768
7 -77 69 2 3 -32768 -32768 -32768 -32768
8 -61 52 27 -24 -32768 -32768 -32768 -32768
9 -27 20 35 -31 -32768 -32768 -32768 -32768
10 -14 5 30 -26 -32768 -32768 -32768 -32768
11 3 -12 17 -16 -32768 -32768 -32768 -32768
12 1 -9 -14 18 -32768 -32768 -32768 -32768
13 5 -12 -40 43 -32768 -32768 -32768 -32768
14 -2 -6 -71 75 -32768 -32768 -32768 -32768
15 -13 5 -104 108 -32768 -32768 -32768 -32768
16 -3 -4 -135 136 -32768 -32768 -32768 -32768
17 49 -53 -132 138 -32768 -32768 -32768 -32768
18 128 -138 -106 109 -32768 -32768 -32768 -32768
19 142 -151 -98 101 -32768 -32768 -32768 -32768
20 143 -150 -94 99 -32768 -32768 -32768 -32768
21 151 -158 -72 74 -32768 -32768 -32768 -32768
22 145 -153 -50 53 -32768 -32768 -32768 -32768
23 143 -151 -13 19 -32768 -32768 -32768 -32768
24 151 -159 20 -16 -32768 -32768 -32768 -32768
25 153 -162 45 -42 -32768 -32768 -32768 -32768
26 166 -175 83 -79 -32768 -32768 -32768 -32768
27 167 -173 115 -111 -32768 -32768 -32768 -32768
28 166 -175 150 -150 -32768 -32768 -32768 -32768
29 170 -179 178 -172 -32768 -32768 -32768 -32768
30 151 -160 208 -204 -32768 -32768 -32768 -32768
31 114 -124 218 -214 -32768 -32768 -32768 -32768
32 89 -96 214 -212 -32768 -32768 -32768 -32768
33 44 -53 228 -225 -32768 -32768 -32768 -32768
34 3 -11 226 -223 -32768 -32768 -32768 -32768
35 -31 25 225 -223 -32768 -32768 -32768 -32768
36 -75 67 211 -207 -32768 -32768 -32768 -32768
37 -100 92 204 -200 -32768 -32768 -32768 -32768
38 -137 129 193 -192 -32768 -32768 -32768 -32768
39 -154 145 166 -165 -32768 -32768 -32768 -32768
40 -180 173 128 -125 -32768 -32768 -32768 -32768
41 -220 212 115 -112 -32768 -32768 -32768 -32768
42 -228 219 54 -48 -32768 -32768 -32768 -32768
43 -204 195 8 -3 -32768 -32768 -32768 -32768
44 -161 153 -55 60 -32768 -32768 -32768 -32768
45 -137 128 -77 79 -32768 -32768 -32768 -32768
46 -93 84 -103 105 -32768 -32768 -32768 -32768
47 -46 39 -123 125 -32768 -32768 -32768 -32768
48 -33 25 -121 126 -32768 -32768 -32768 -32768
49 43 -51 -93 96 -32768 -32768 -32768 -32768
50 104 -112 -95 96 -32768 -32768 -32768 -32768
51 152 -161 -88 91 -32768 -32768 -32768 -32768
52 195 -203 -72 74 -32768 -32768 -32768 -32768
