OSINK 4B
1
14.04.21
Osova
0.0 0.0
0.0
0.00 0.00
-1.00 -1.00
0.00 0.00
20000.00
0.0
50
50
N
1
52
1 -139 121 -148 165 -32768 -32768 -32768 -32768
2 -139 121 -149 165 -32768 -32768 -32768 -32768
3 -139 121 -149 165 -32768 -32768 -32768 -32768
4 -127 108 -130 140 -32768 -32768 -32768 -32768
5 -114 91 -73 84 -32768 -32768 -32768 -32768
6 -89 69 -11 22 -32768 -32768 -32768 -32768
7 -77 57 11 -5 -32768 -32768 -32768 -32768
8 -51 32 33 -25 -32768 -32768 -32768 -32768
9 -26 7 34 -27 -32768 -32768 -32768 -32768
10 -14 -11 27 -21 -32768 -32768 -32768 -32768
11 -1 -17 5 2 -32768 -32768 -32768 -32768
12 -1 -19 -17 25 -32768 -32768 -32768 -32768
13 0 -20 -47 55 -32768 -32768 -32768 -32768
14 -8 -10 -80 87 -32768 -32768 -32768 -32768
15 -14 -2 -111 116 -32768 -32768 -32768 -32768
16 0 -19 -136 143 -32768 -32768 -32768 -32768
17 76 -90 -123 130 -32768 -32768 -32768 -32768
18 130 -150 -102 108 -32768 -32768 -32768 -32768
19 133 -161 -94 102 -32768 -32768 -32768 -32768
20 141 -160 -88 98 -32768 -32768 -32768 -32768
21 149 -166 -62 69 -32768 -32768 -32768 -32768
22 141 -162 -43 49 -32768 -32768 -32768 -32768
23 140 -158 -3 14 -32768 -32768 -32768 -32768
24 148 -167 27 -20 -32768 -32768 -32768 -32768
25 152 -172 54 -47 -32768 -32768 -32768 -32768
26 163 -183 88 -80 -32768 -32768 -32768 -32768
27 161 -178 129 -122 -32768 -32768 -32768 -32768
28 168 -187 153 -151 -32768 -32768 -32768 -32768
29 163 -185 188 -180 -32768 -32768 -32768 -32768
30 141 -160 213 -206 -32768 -32768 -32768 -32768
31 102 -123 220 -210 -32768 -32768 -32768 -32768
32 78 -97 216 -210 -32768 -32768 -32768 -32768
33 30 -50 231 -225 -32768 -32768 -32768 -32768
34 -3 -15 229 -221 -32768 -32768 -32768 -32768
35 -45 26 224 -219 -32768 -32768 -32768 -32768
36 -85 64 213 -205 -32768 -32768 -32768 -32768
37 -111 90 203 -196 -32768 -32768 -32768 -32768
38 -146 127 192 -185 -32768 -32768 -32768 -32768
39 -161 141 166 -160 -32768 -32768 -32768 -32768
40 -188 170 123 -116 -32768 -32768 -32768 -32768
41 -230 211 113 -109 -32768 -32768 -32768 -32768
42 -232 211 49 -38 -32768 -32768 -32768 -32768
43 -207 184 6 3 -32768 -32768 -32768 -32768
44 -166 144 -55 67 -32768 -32768 -32768 -32768
45 -139 119 -76 83 -32768 -32768 -32768 -32768
46 -94 74 -105 109 -32768 -32768 -32768 -32768
47 -51 32 -121 125 -32768 -32768 -32768 -32768
48 -38 16 -120 128 -32768 -32768 -32768 -32768
49 45 -61 -90 96 -32768 -32768 -32768 -32768
50 102 -119 -94 99 -32768 -32768 -32768 -32768
51 149 -165 -87 94 -32768 -32768 -32768 -32768
52 191 -209 -71 76 -32768 -32768 -32768 -32768
