OSINK 4B
1
09.12.20
Osova
0.0 0.0
0.0
0.00 0.00
-1.00 -1.00
0.00 0.00
20000.00
0.0
50
50
N
1
52
1 -169 132 -153 133 -32768 -32768 -32768 -32768
2 -169 130 -153 132 -32768 -32768 -32768 -32768
3 -173 130 -150 132 -32768 -32768 -32768 -32768
4 -139 110 -137 125 -32768 -32768 -32768 -32768
5 -120 94 -67 60 -32768 -32768 -32768 -32768
6 -98 71 -18 16 -32768 -32768 -32768 -32768
7 -86 57 6 -12 -32768 -32768 -32768 -32768
8 -59 29 28 -34 -32768 -32768 -32768 -32768
9 -35 5 30 -35 -32768 -32768 -32768 -32768
10 -10 -15 22 -26 -32768 -32768 -32768 -32768
11 -8 -21 0 -6 -32768 -32768 -32768 -32768
12 -7 -19 -22 17 -32768 -32768 -32768 -32768
13 -7 -21 -54 49 -32768 -32768 -32768 -32768
14 -15 -11 -86 80 -32768 -32768 -32768 -32768
15 -22 -5 -115 109 -32768 -32768 -32768 -32768
16 -6 -19 -141 136 -32768 -32768 -32768 -32768
17 68 -92 -131 127 -32768 -32768 -32768 -32768
18 124 -150 -108 104 -32768 -32768 -32768 -32768
19 134 -161 -101 97 -32768 -32768 -32768 -32768
20 134 -163 -95 92 -32768 -32768 -32768 -32768
21 143 -169 -68 63 -32768 -32768 -32768 -32768
22 134 -163 -49 41 -32768 -32768 -32768 -32768
23 135 -161 -14 9 -32768 -32768 -32768 -32768
24 142 -169 19 -24 -32768 -32768 -32768 -32768
25 146 -174 47 -52 -32768 -32768 -32768 -32768
26 158 -186 81 -84 -32768 -32768 -32768 -32768
27 156 -183 117 -123 -32768 -32768 -32768 -32768
28 162 -193 148 -160 -32768 -32768 -32768 -32768
29 157 -185 181 -187 -32768 -32768 -32768 -32768
30 136 -161 206 -212 -32768 -32768 -32768 -32768
31 102 -128 213 -217 -32768 -32768 -32768 -32768
32 76 -103 209 -216 -32768 -32768 -32768 -32768
33 27 -60 224 -230 -32768 -32768 -32768 -32768
34 -7 -20 222 -228 -32768 -32768 -32768 -32768
35 -50 18 218 -225 -32768 -32768 -32768 -32768
36 -87 56 207 -211 -32768 -32768 -32768 -32768
37 -113 87 198 -203 -32768 -32768 -32768 -32768
38 -149 122 187 -193 -32768 -32768 -32768 -32768
39 -165 137 161 -167 -32768 -32768 -32768 -32768
40 -191 161 120 -124 -32768 -32768 -32768 -32768
41 -232 206 111 -116 -32768 -32768 -32768 -32768
42 -237 208 43 -47 -32768 -32768 -32768 -32768
43 -210 182 0 -4 -32768 -32768 -32768 -32768
44 -168 140 -63 61 -32768 -32768 -32768 -32768
45 -145 117 -82 75 -32768 -32768 -32768 -32768
46 -102 71 -109 104 -32768 -32768 -32768 -32768
47 -56 29 -126 120 -32768 -32768 -32768 -32768
48 -41 12 -126 122 -32768 -32768 -32768 -32768
49 32 -62 -98 91 -32768 -32768 -32768 -32768
50 95 -123 -100 95 -32768 -32768 -32768 -32768
51 147 -174 -91 86 -32768 -32768 -32768 -32768
52 186 -213 -77 71 -32768 -32768 -32768 -32768
