OSINK 4B
1
11.11.20
Osova
0.0 0.0
0.0
0.00 0.00
-1.00 -1.00
0.00 0.00
20000.00
0.0
50
50
N
1
52
1 -189 172 -195 193 -32768 -32768 -32768 -32768
2 -189 171 -195 195 -32768 -32768 -32768 -32768
3 -189 171 -195 195 -32768 -32768 -32768 -32768
4 -141 122 -144 136 -32768 -32768 -32768 -32768
5 -119 96 -85 71 -32768 -32768 -32768 -32768
6 -96 76 -22 17 -32768 -32768 -32768 -32768
7 -81 61 5 -11 -32768 -32768 -32768 -32768
8 -54 37 27 -34 -32768 -32768 -32768 -32768
9 -30 9 29 -37 -32768 -32768 -32768 -32768
10 -11 -4 23 -30 -32768 -32768 -32768 -32768
11 -2 -17 1 -8 -32768 -32768 -32768 -32768
12 -5 -16 -25 15 -32768 -32768 -32768 -32768
13 -2 -17 -53 47 -32768 -32768 -32768 -32768
14 -10 -7 -85 80 -32768 -32768 -32768 -32768
15 -19 0 -118 108 -32768 -32768 -32768 -32768
16 -4 -15 -144 135 -32768 -32768 -32768 -32768
17 65 -84 -133 125 -32768 -32768 -32768 -32768
18 126 -145 -111 103 -32768 -32768 -32768 -32768
19 136 -157 -104 95 -32768 -32768 -32768 -32768
20 139 -158 -98 92 -32768 -32768 -32768 -32768
21 145 -165 -72 62 -32768 -32768 -32768 -32768
22 138 -159 -53 45 -32768 -32768 -32768 -32768
23 136 -156 -16 12 -32768 -32768 -32768 -32768
24 146 -165 16 -24 -32768 -32768 -32768 -32768
25 150 -169 41 -49 -32768 -32768 -32768 -32768
26 161 -181 77 -84 -32768 -32768 -32768 -32768
27 161 -180 113 -120 -32768 -32768 -32768 -32768
28 164 -186 146 -157 -32768 -32768 -32768 -32768
29 161 -182 179 -188 -32768 -32768 -32768 -32768
30 145 -162 204 -211 -32768 -32768 -32768 -32768
31 107 -126 212 -219 -32768 -32768 -32768 -32768
32 82 -101 208 -217 -32768 -32768 -32768 -32768
33 39 -59 222 -230 -32768 -32768 -32768 -32768
34 0 -16 221 -229 -32768 -32768 -32768 -32768
35 -41 22 218 -226 -32768 -32768 -32768 -32768
36 -81 63 206 -212 -32768 -32768 -32768 -32768
37 -107 87 199 -205 -32768 -32768 -32768 -32768
38 -143 122 187 -197 -32768 -32768 -32768 -32768
39 -159 139 163 -170 -32768 -32768 -32768 -32768
40 -186 168 122 -128 -32768 -32768 -32768 -32768
41 -225 207 110 -118 -32768 -32768 -32768 -32768
42 -234 215 46 -54 -32768 -32768 -32768 -32768
43 -209 189 2 -9 -32768 -32768 -32768 -32768
44 -162 146 -69 56 -32768 -32768 -32768 -32768
45 -142 123 -82 74 -32768 -32768 -32768 -32768
46 -99 80 -108 100 -32768 -32768 -32768 -32768
47 -53 32 -127 120 -32768 -32768 -32768 -32768
48 -39 20 -127 122 -32768 -32768 -32768 -32768
49 37 -53 -99 92 -32768 -32768 -32768 -32768
50 99 -118 -102 93 -32768 -32768 -32768 -32768
51 149 -168 -93 87 -32768 -32768 -32768 -32768
52 189 -209 -79 70 -32768 -32768 -32768 -32768
