OSINK 4B
1
03.02.21
Osova
0.0 0.0
0.0
0.00 0.00
-1.00 -1.00
0.00 0.00
20000.00
0.0
50
50
N
1
52
1 -168 142 -117 114 -32768 -32768 -32768 -32768
2 -168 142 -117 114 -32768 -32768 -32768 -32768
3 -168 142 -119 114 -32768 -32768 -32768 -32768
4 -140 109 -121 125 -32768 -32768 -32768 -32768
5 -122 90 -79 87 -32768 -32768 -32768 -32768
6 -101 72 -15 23 -32768 -32768 -32768 -32768
7 -86 57 9 -4 -32768 -32768 -32768 -32768
8 -62 32 32 -27 -32768 -32768 -32768 -32768
9 -34 6 35 -28 -32768 -32768 -32768 -32768
10 -18 -9 30 -22 -32768 -32768 -32768 -32768
11 -7 -21 8 0 -32768 -32768 -32768 -32768
12 -8 -20 -14 22 -32768 -32768 -32768 -32768
13 -4 -22 -45 53 -32768 -32768 -32768 -32768
14 -12 -13 -77 86 -32768 -32768 -32768 -32768
15 -21 -6 -110 116 -32768 -32768 -32768 -32768
16 -7 -20 -135 142 -32768 -32768 -32768 -32768
17 63 -89 -126 132 -32768 -32768 -32768 -32768
18 123 -150 -103 109 -32768 -32768 -32768 -32768
19 134 -161 -96 103 -32768 -32768 -32768 -32768
20 135 -162 -91 100 -32768 -32768 -32768 -32768
21 142 -169 -67 71 -32768 -32768 -32768 -32768
22 136 -164 -45 50 -32768 -32768 -32768 -32768
23 133 -161 -8 16 -32768 -32768 -32768 -32768
24 142 -169 24 -18 -32768 -32768 -32768 -32768
25 147 -174 52 -43 -32768 -32768 -32768 -32768
26 157 -185 87 -79 -32768 -32768 -32768 -32768
27 154 -183 121 -116 -32768 -32768 -32768 -32768
28 159 -187 153 -148 -32768 -32768 -32768 -32768
29 161 -187 183 -177 -32768 -32768 -32768 -32768
30 140 -169 211 -204 -32768 -32768 -32768 -32768
31 101 -129 220 -213 -32768 -32768 -32768 -32768
32 76 -104 215 -210 -32768 -32768 -32768 -32768
33 33 -61 229 -223 -32768 -32768 -32768 -32768
34 -6 -19 229 -222 -32768 -32768 -32768 -32768
35 -44 17 225 -221 -32768 -32768 -32768 -32768
36 -87 59 214 -205 -32768 -32768 -32768 -32768
37 -111 85 203 -197 -32768 -32768 -32768 -32768
38 -147 119 194 -191 -32768 -32768 -32768 -32768
39 -163 135 170 -163 -32768 -32768 -32768 -32768
40 -189 163 131 -123 -32768 -32768 -32768 -32768
41 -228 202 119 -111 -32768 -32768 -32768 -32768
42 -237 209 56 -46 -32768 -32768 -32768 -32768
43 -213 184 12 -1 -32768 -32768 -32768 -32768
44 -170 144 -50 59 -32768 -32768 -32768 -32768
45 -148 121 -75 80 -32768 -32768 -32768 -32768
46 -103 77 -101 105 -32768 -32768 -32768 -32768
47 -57 30 -122 128 -32768 -32768 -32768 -32768
48 -45 18 -120 128 -32768 -32768 -32768 -32768
49 26 -55 -95 99 -32768 -32768 -32768 -32768
50 92 -118 -92 98 -32768 -32768 -32768 -32768
51 140 -166 -90 95 -32768 -32768 -32768 -32768
52 184 -211 -70 76 -32768 -32768 -32768 -32768
