OSINK 4B
1
30.06.20
Osova
0.0 0.0
0.0
0.00 0.00
-1.00 -1.00
0.00 0.00
20000.00
0.0
50
50
N
1
52
1 -170 183 -185 164 -160 159 188 -184
2 -168 183 -188 164 -160 155 189 -187
3 -168 183 -188 164 -160 155 189 -187
4 -152 142 -152 144 -147 141 142 -148
5 -112 108 -118 118 -118 115 103 -106
6 -92 87 -32 31 -32 30 86 -90
7 -75 70 0 0 -1 -1 71 -72
8 -56 52 25 -26 24 -27 52 -56
9 -28 24 29 -33 30 -33 23 -28
10 -11 6 27 -29 26 -30 7 -11
11 2 -6 14 -19 15 -18 -9 6
12 -3 -3 -19 17 -22 18 -2 0
13 -4 0 -42 40 -42 39 0 -3
14 -16 8 -74 72 -76 74 8 -11
15 -29 24 -110 108 -108 105 24 -26
16 -21 16 -140 136 -142 138 12 -18
17 35 -40 -140 138 -137 136 -37 36
18 108 -115 -112 110 -114 110 -115 112
19 119 -123 -100 97 -102 98 -124 121
20 126 -130 -98 98 -103 99 -131 128
21 133 -138 -77 74 -78 74 -138 136
22 132 -137 -55 51 -55 53 -138 133
23 127 -130 -19 19 -21 17 -130 129
24 135 -139 12 -14 8 -13 -137 132
25 137 -143 38 -41 37 -41 -140 137
26 150 -155 77 -79 75 -79 -153 150
27 151 -156 109 -111 108 -111 -157 152
28 152 -158 146 -151 146 -148 -155 151
29 154 -160 174 -175 174 -177 -154 150
30 137 -141 205 -205 202 -204 -137 137
31 102 -108 214 -214 210 -213 -101 100
32 77 -80 210 -213 210 -214 -81 76
33 34 -40 222 -224 221 -225 -37 34
34 -8 2 221 -224 223 -226 2 -6
35 -42 36 221 -224 213 -217 44 -45
36 -83 78 208 -210 211 -214 81 -81
37 -111 103 202 -201 201 -204 105 -108
38 -142 136 189 -193 192 -196 139 -142
39 -159 153 165 -168 165 -170 155 -157
40 -185 179 129 -130 131 -135 179 -183
41 -224 219 110 -112 115 -119 218 -221
42 -235 229 52 -52 51 -55 233 -237
43 -209 203 5 -7 6 -8 202 -206
44 -166 159 -55 56 -55 52 159 -161
45 -140 132 -82 76 -80 76 131 -136
46 -97 86 -106 102 -104 99 87 -93
47 -52 47 -125 124 -131 127 44 -47
48 -36 29 -122 122 -125 120 29 -31
49 40 -47 -99 97 -100 98 -47 45
50 102 -109 -97 95 -100 96 -109 106
51 151 -159 -89 87 -94 91 -158 156
52 194 -200 -73 73 -79 76 -200 196
