OSINK 4B
1
20.01.21
Osova
0.0 0.0
0.0
0.00 0.00
-1.00 -1.00
0.00 0.00
20000.00
0.0
50
50
N
1
52
1 -166 198 -111 165 -32768 -32768 -32768 -32768
2 -166 198 -111 165 -32768 -32768 -32768 -32768
3 -166 199 -111 165 -32768 -32768 -32768 -32768
4 -128 128 -121 125 -32768 -32768 -32768 -32768
5 -108 103 -77 82 -32768 -32768 -32768 -32768
6 -85 85 -12 19 -32768 -32768 -32768 -32768
7 -70 70 12 -8 -32768 -32768 -32768 -32768
8 -44 46 34 -28 -32768 -32768 -32768 -32768
9 -20 19 35 -30 -32768 -32768 -32768 -32768
10 0 1 29 -23 -32768 -32768 -32768 -32768
11 5 -7 5 0 -32768 -32768 -32768 -32768
12 5 -7 -17 22 -32768 -32768 -32768 -32768
13 7 -9 -47 54 -32768 -32768 -32768 -32768
14 0 1 -79 86 -32768 -32768 -32768 -32768
15 -6 7 -111 116 -32768 -32768 -32768 -32768
16 7 -8 -138 142 -32768 -32768 -32768 -32768
17 79 -83 -123 129 -32768 -32768 -32768 -32768
18 136 -138 -103 109 -32768 -32768 -32768 -32768
19 147 -150 -95 102 -32768 -32768 -32768 -32768
20 149 -149 -90 97 -32768 -32768 -32768 -32768
21 158 -156 -64 67 -32768 -32768 -32768 -32768
22 149 -150 -44 46 -32768 -32768 -32768 -32768
23 147 -148 -6 12 -32768 -32768 -32768 -32768
24 156 -156 25 -19 -32768 -32768 -32768 -32768
25 160 -161 54 -46 -32768 -32768 -32768 -32768
26 173 -172 88 -81 -32768 -32768 -32768 -32768
27 169 -169 126 -118 -32768 -32768 -32768 -32768
28 175 -176 154 -151 -32768 -32768 -32768 -32768
29 170 -173 188 -180 -32768 -32768 -32768 -32768
30 149 -152 212 -205 -32768 -32768 -32768 -32768
31 115 -111 220 -213 -32768 -32768 -32768 -32768
32 89 -88 215 -211 -32768 -32768 -32768 -32768
33 41 -42 230 -225 -32768 -32768 -32768 -32768
34 6 -5 228 -222 -32768 -32768 -32768 -32768
35 -36 37 221 -219 -32768 -32768 -32768 -32768
36 -75 75 212 -205 -32768 -32768 -32768 -32768
37 -101 101 203 -198 -32768 -32768 -32768 -32768
38 -136 135 192 -189 -32768 -32768 -32768 -32768
39 -151 150 167 -162 -32768 -32768 -32768 -32768
40 -179 179 124 -118 -32768 -32768 -32768 -32768
41 -219 219 114 -110 -32768 -32768 -32768 -32768
42 -223 222 49 -42 -32768 -32768 -32768 -32768
43 -197 196 6 0 -32768 -32768 -32768 -32768
44 -154 155 -57 65 -32768 -32768 -32768 -32768
45 -131 131 -77 80 -32768 -32768 -32768 -32768
46 -88 85 -103 108 -32768 -32768 -32768 -32768
47 -42 42 -120 125 -32768 -32768 -32768 -32768
48 -28 26 -120 127 -32768 -32768 -32768 -32768
49 48 -48 -92 97 -32768 -32768 -32768 -32768
50 110 -109 -94 99 -32768 -32768 -32768 -32768
51 156 -158 -87 91 -32768 -32768 -32768 -32768
52 199 -201 -70 75 -32768 -32768 -32768 -32768
