OSINK 4B
1
15.10.20
Osova
0.0 0.0
0.0
0.00 0.00
-1.00 -1.00
0.00 0.00
20000.00
0.0
50
50
N
1
52
1 -167 165 -214 208 -32768 -32768 -32768 -32768
2 -167 165 -214 208 -32768 -32768 -32768 -32768
3 -167 165 -215 208 -32768 -32768 -32768 -32768
4 -142 136 -163 158 -32768 -32768 -32768 -32768
5 -117 110 -111 112 -32768 -32768 -32768 -32768
6 -97 90 -28 28 -32768 -32768 -32768 -32768
7 -78 70 1 1 -32768 -32768 -32768 -32768
8 -61 53 25 -26 -32768 -32768 -32768 -32768
9 -26 20 33 -33 -32768 -32768 -32768 -32768
10 -13 6 29 -27 -32768 -32768 -32768 -32768
11 3 -9 14 -15 -32768 -32768 -32768 -32768
12 2 -10 -16 17 -32768 -32768 -32768 -32768
13 4 -11 -42 43 -32768 -32768 -32768 -32768
14 -2 -4 -73 75 -32768 -32768 -32768 -32768
15 -13 6 -106 107 -32768 -32768 -32768 -32768
16 -3 -4 -138 135 -32768 -32768 -32768 -32768
17 51 -59 -134 134 -32768 -32768 -32768 -32768
18 128 -136 -107 108 -32768 -32768 -32768 -32768
19 142 -149 -98 99 -32768 -32768 -32768 -32768
20 143 -149 -96 97 -32768 -32768 -32768 -32768
21 151 -158 -72 70 -32768 -32768 -32768 -32768
22 145 -152 -52 50 -32768 -32768 -32768 -32768
23 142 -150 -14 15 -32768 -32768 -32768 -32768
24 151 -158 18 -18 -32768 -32768 -32768 -32768
25 153 -161 43 -44 -32768 -32768 -32768 -32768
26 167 -174 82 -81 -32768 -32768 -32768 -32768
27 167 -174 116 -113 -32768 -32768 -32768 -32768
28 167 -175 150 -152 -32768 -32768 -32768 -32768
29 171 -178 178 -178 -32768 -32768 -32768 -32768
30 150 -158 207 -206 -32768 -32768 -32768 -32768
31 115 -120 218 -216 -32768 -32768 -32768 -32768
32 87 -94 213 -214 -32768 -32768 -32768 -32768
33 43 -52 226 -227 -32768 -32768 -32768 -32768
34 2 -9 225 -225 -32768 -32768 -32768 -32768
35 -34 28 222 -224 -32768 -32768 -32768 -32768
36 -76 69 210 -209 -32768 -32768 -32768 -32768
37 -100 95 202 -201 -32768 -32768 -32768 -32768
38 -137 130 192 -193 -32768 -32768 -32768 -32768
39 -153 146 167 -167 -32768 -32768 -32768 -32768
40 -180 173 127 -125 -32768 -32768 -32768 -32768
41 -220 214 113 -113 -32768 -32768 -32768 -32768
42 -228 221 51 -50 -32768 -32768 -32768 -32768
43 -204 195 5 -5 -32768 -32768 -32768 -32768
44 -159 153 -58 59 -32768 -32768 -32768 -32768
45 -136 128 -78 78 -32768 -32768 -32768 -32768
46 -91 84 -105 104 -32768 -32768 -32768 -32768
47 -46 38 -123 123 -32768 -32768 -32768 -32768
48 -32 23 -123 125 -32768 -32768 -32768 -32768
49 44 -52 -94 94 -32768 -32768 -32768 -32768
50 104 -112 -96 95 -32768 -32768 -32768 -32768
51 154 -163 -89 89 -32768 -32768 -32768 -32768
52 197 -204 -73 73 -32768 -32768 -32768 -32768
