OSINK 4B
1
16.12.20
Osova
0.0 0.0
0.0
0.00 0.00
-1.00 -1.00
0.00 0.00
20000.00
0.0
50
50
N
1
52
1 -95 80 -166 150 -32768 -32768 -32768 -32768
2 -95 80 -166 150 -32768 -32768 -32768 -32768
3 -95 80 -166 150 -32768 -32768 -32768 -32768
4 -119 102 -135 131 -32768 -32768 -32768 -32768
5 -118 97 -79 80 -32768 -32768 -32768 -32768
6 -92 79 -13 20 -32768 -32768 -32768 -32768
7 -78 64 11 -8 -32768 -32768 -32768 -32768
8 -52 40 32 -28 -32768 -32768 -32768 -32768
9 -28 14 34 -29 -32768 -32768 -32768 -32768
10 -8 -4 27 -23 -32768 -32768 -32768 -32768
11 -1 -12 5 -2 -32768 -32768 -32768 -32768
12 -1 -11 -18 21 -32768 -32768 -32768 -32768
13 0 -14 -48 52 -32768 -32768 -32768 -32768
14 -9 -5 -81 84 -32768 -32768 -32768 -32768
15 -16 2 -112 114 -32768 -32768 -32768 -32768
16 -2 -12 -137 140 -32768 -32768 -32768 -32768
17 71 -84 -126 130 -32768 -32768 -32768 -32768
18 128 -143 -105 109 -32768 -32768 -32768 -32768
19 140 -154 -97 101 -32768 -32768 -32768 -32768
20 139 -155 -93 97 -32768 -32768 -32768 -32768
21 148 -162 -66 68 -32768 -32768 -32768 -32768
22 141 -154 -45 47 -32768 -32768 -32768 -32768
23 139 -153 -9 14 -32768 -32768 -32768 -32768
24 148 -162 22 -19 -32768 -32768 -32768 -32768
25 152 -167 50 -46 -32768 -32768 -32768 -32768
26 164 -179 85 -80 -32768 -32768 -32768 -32768
27 162 -176 123 -119 -32768 -32768 -32768 -32768
28 165 -183 151 -151 -32768 -32768 -32768 -32768
29 165 -178 183 -182 -32768 -32768 -32768 -32768
30 144 -156 210 -205 -32768 -32768 -32768 -32768
31 109 -120 218 -213 -32768 -32768 -32768 -32768
32 83 -95 214 -211 -32768 -32768 -32768 -32768
33 39 -53 228 -225 -32768 -32768 -32768 -32768
34 0 -13 226 -223 -32768 -32768 -32768 -32768
35 -40 27 224 -221 -32768 -32768 -32768 -32768
36 -82 67 212 -206 -32768 -32768 -32768 -32768
37 -106 92 204 -199 -32768 -32768 -32768 -32768
38 -142 128 192 -190 -32768 -32768 -32768 -32768
39 -158 143 166 -164 -32768 -32768 -32768 -32768
40 -185 171 125 -119 -32768 -32768 -32768 -32768
41 -226 213 114 -111 -32768 -32768 -32768 -32768
42 -230 215 49 -43 -32768 -32768 -32768 -32768
43 -207 189 7 0 -32768 -32768 -32768 -32768
44 -163 148 -56 63 -32768 -32768 -32768 -32768
45 -141 125 -76 79 -32768 -32768 -32768 -32768
46 -94 81 -104 108 -32768 -32768 -32768 -32768
47 -50 36 -121 125 -32768 -32768 -32768 -32768
48 -37 21 -121 127 -32768 -32768 -32768 -32768
49 39 -54 -92 97 -32768 -32768 -32768 -32768
50 100 -116 -95 98 -32768 -32768 -32768 -32768
51 149 -165 -87 91 -32768 -32768 -32768 -32768
52 192 -206 -72 75 -32768 -32768 -32768 -32768
