OSINK 4B
1
06.01.21
Osova
0.0 0.0
0.0
0.00 0.00
-1.00 -1.00
0.00 0.00
20000.00
0.0
50
50
N
1
52
1 -119 117 -220 210 -32768 -32768 -32768 -32768
2 -119 117 -220 210 -32768 -32768 -32768 -32768
3 -122 107 -221 208 -32768 -32768 -32768 -32768
4 -116 115 -145 141 -32768 -32768 -32768 -32768
5 -107 105 -74 71 -32768 -32768 -32768 -32768
6 -85 84 -16 18 -32768 -32768 -32768 -32768
7 -69 70 9 -11 -32768 -32768 -32768 -32768
8 -43 43 30 -31 -32768 -32768 -32768 -32768
9 -21 19 32 -31 -32768 -32768 -32768 -32768
10 0 1 25 -25 -32768 -32768 -32768 -32768
11 6 -5 4 -4 -32768 -32768 -32768 -32768
12 6 -6 -20 19 -32768 -32768 -32768 -32768
13 7 -8 -50 49 -32768 -32768 -32768 -32768
14 0 1 -82 84 -32768 -32768 -32768 -32768
15 -6 7 -114 114 -32768 -32768 -32768 -32768
16 6 -7 -138 138 -32768 -32768 -32768 -32768
17 77 -81 -126 127 -32768 -32768 -32768 -32768
18 141 -137 -105 106 -32768 -32768 -32768 -32768
19 148 -149 -98 98 -32768 -32768 -32768 -32768
20 150 -149 -92 94 -32768 -32768 -32768 -32768
21 158 -157 -66 65 -32768 -32768 -32768 -32768
22 150 -149 -46 45 -32768 -32768 -32768 -32768
23 149 -146 -5 11 -32768 -32768 -32768 -32768
24 157 -156 21 -22 -32768 -32768 -32768 -32768
25 160 -161 49 -50 -32768 -32768 -32768 -32768
26 173 -173 85 -84 -32768 -32768 -32768 -32768
27 170 -168 121 -124 -32768 -32768 -32768 -32768
28 175 -175 152 -154 -32768 -32768 -32768 -32768
29 172 -171 182 -185 -32768 -32768 -32768 -32768
30 149 -149 210 -208 -32768 -32768 -32768 -32768
31 116 -111 217 -216 -32768 -32768 -32768 -32768
32 89 -88 213 -214 -32768 -32768 -32768 -32768
33 44 -39 227 -228 -32768 -32768 -32768 -32768
34 4 -5 226 -225 -32768 -32768 -32768 -32768
35 -36 38 221 -221 -32768 -32768 -32768 -32768
36 -76 75 211 -208 -32768 -32768 -32768 -32768
37 -100 103 201 -200 -32768 -32768 -32768 -32768
38 -134 136 190 -190 -32768 -32768 -32768 -32768
39 -149 151 165 -165 -32768 -32768 -32768 -32768
40 -177 179 123 -121 -32768 -32768 -32768 -32768
41 -218 221 112 -111 -32768 -32768 -32768 -32768
42 -223 223 48 -46 -32768 -32768 -32768 -32768
43 -198 195 4 -1 -32768 -32768 -32768 -32768
44 -154 155 -60 62 -32768 -32768 -32768 -32768
45 -130 129 -79 79 -32768 -32768 -32768 -32768
46 -88 86 -106 106 -32768 -32768 -32768 -32768
47 -40 42 -124 122 -32768 -32768 -32768 -32768
48 -27 24 -123 125 -32768 -32768 -32768 -32768
49 47 -50 -96 93 -32768 -32768 -32768 -32768
50 112 -111 -97 96 -32768 -32768 -32768 -32768
51 156 -160 -89 88 -32768 -32768 -32768 -32768
52 201 -200 -73 72 -32768 -32768 -32768 -32768
