OSINK 4B
1
16.09.20
Osova
0.0 0.0
0.0
0.00 0.00
-1.00 -1.00
0.00 0.00
20000.00
0.0
50
50
N
1
52
1 -192 182 -205 202 -32768 -32768 -32768 -32768
2 -192 182 -205 202 -32768 -32768 -32768 -32768
3 -192 182 -205 202 -32768 -32768 -32768 -32768
4 -145 144 -162 154 -32768 -32768 -32768 -32768
5 -110 112 -113 109 -32768 -32768 -32768 -32768
6 -91 93 -30 26 -32768 -32768 -32768 -32768
7 -72 72 0 -1 -32768 -32768 -32768 -32768
8 -56 56 24 -29 -32768 -32768 -32768 -32768
9 -22 24 31 -35 -32768 -32768 -32768 -32768
10 -8 8 27 -30 -32768 -32768 -32768 -32768
11 8 -6 13 -19 -32768 -32768 -32768 -32768
12 6 -4 -18 14 -32768 -32768 -32768 -32768
13 8 -6 -45 40 -32768 -32768 -32768 -32768
14 0 -1 -76 72 -32768 -32768 -32768 -32768
15 -9 11 -109 105 -32768 -32768 -32768 -32768
16 0 0 -140 133 -32768 -32768 -32768 -32768
17 53 -54 -137 133 -32768 -32768 -32768 -32768
18 131 -130 -110 106 -32768 -32768 -32768 -32768
19 144 -143 -101 97 -32768 -32768 -32768 -32768
20 146 -143 -98 95 -32768 -32768 -32768 -32768
21 154 -152 -74 69 -32768 -32768 -32768 -32768
22 147 -146 -54 48 -32768 -32768 -32768 -32768
23 146 -144 -16 13 -32768 -32768 -32768 -32768
24 154 -153 16 -20 -32768 -32768 -32768 -32768
25 157 -156 41 -46 -32768 -32768 -32768 -32768
26 170 -168 79 -83 -32768 -32768 -32768 -32768
27 169 -169 113 -116 -32768 -32768 -32768 -32768
28 170 -169 148 -154 -32768 -32768 -32768 -32768
29 174 -171 176 -179 -32768 -32768 -32768 -32768
30 154 -153 205 -208 -32768 -32768 -32768 -32768
31 118 -117 215 -218 -32768 -32768 -32768 -32768
32 91 -89 211 -216 -32768 -32768 -32768 -32768
33 47 -48 224 -228 -32768 -32768 -32768 -32768
34 5 -4 223 -227 -32768 -32768 -32768 -32768
35 -30 31 221 -226 -32768 -32768 -32768 -32768
36 -73 74 208 -211 -32768 -32768 -32768 -32768
37 -97 98 201 -203 -32768 -32768 -32768 -32768
38 -132 135 191 -198 -32768 -32768 -32768 -32768
39 -149 153 164 -166 -32768 -32768 -32768 -32768
40 -175 176 127 -128 -32768 -32768 -32768 -32768
41 -217 218 111 -115 -32768 -32768 -32768 -32768
42 -224 226 50 -52 -32768 -32768 -32768 -32768
43 -200 200 4 -6 -32768 -32768 -32768 -32768
44 -156 157 -58 57 -32768 -32768 -32768 -32768
45 -134 132 -79 76 -32768 -32768 -32768 -32768
46 -89 87 -107 103 -32768 -32768 -32768 -32768
47 -43 44 -125 121 -32768 -32768 -32768 -32768
48 -31 28 -125 123 -32768 -32768 -32768 -32768
49 47 -47 -97 93 -32768 -32768 -32768 -32768
50 108 -108 -98 94 -32768 -32768 -32768 -32768
51 157 -159 -92 88 -32768 -32768 -32768 -32768
52 201 -200 -75 71 -32768 -32768 -32768 -32768
