OSINK 4B
1
28.04.21
Osova
0.0 0.0
0.0
0.00 0.00
-1.00 -1.00
0.00 0.00
20000.00
0.0
50
50
N
1
52
1 -167 120 -164 202 -32768 -32768 -32768 -32768
2 -167 120 -164 198 -32768 -32768 -32768 -32768
3 -167 120 -164 198 -32768 -32768 -32768 -32768
4 -136 111 -128 140 -32768 -32768 -32768 -32768
5 -118 92 -71 79 -32768 -32768 -32768 -32768
6 -94 69 -6 26 -32768 -32768 -32768 -32768
7 -80 56 18 -2 -32768 -32768 -32768 -32768
8 -55 30 38 -22 -32768 -32768 -32768 -32768
9 -30 5 40 -23 -32768 -32768 -32768 -32768
10 -11 -11 33 -16 -32768 -32768 -32768 -32768
11 0 -18 14 9 -32768 -32768 -32768 -32768
12 -5 -22 -14 30 -32768 -32768 -32768 -32768
13 -6 -21 -43 60 -32768 -32768 -32768 -32768
14 -9 -11 -75 95 -32768 -32768 -32768 -32768
15 -17 -5 -106 124 -32768 -32768 -32768 -32768
16 -6 -22 -132 147 -32768 -32768 -32768 -32768
17 76 -100 -118 133 -32768 -32768 -32768 -32768
18 127 -153 -96 113 -32768 -32768 -32768 -32768
19 137 -163 -91 107 -32768 -32768 -32768 -32768
20 139 -163 -83 102 -32768 -32768 -32768 -32768
21 146 -170 -57 72 -32768 -32768 -32768 -32768
22 138 -166 -39 49 -32768 -32768 -32768 -32768
23 138 -162 1 16 -32768 -32768 -32768 -32768
24 145 -169 32 -15 -32768 -32768 -32768 -32768
25 149 -175 61 -43 -32768 -32768 -32768 -32768
26 161 -186 94 -76 -32768 -32768 -32768 -32768
27 158 -180 134 -119 -32768 -32768 -32768 -32768
28 163 -190 159 -147 -32768 -32768 -32768 -32768
29 160 -187 192 -178 -32768 -32768 -32768 -32768
30 135 -163 218 -203 -32768 -32768 -32768 -32768
31 99 -123 226 -207 -32768 -32768 -32768 -32768
32 75 -99 222 -205 -32768 -32768 -32768 -32768
33 29 -54 236 -220 -32768 -32768 -32768 -32768
34 -6 -18 234 -217 -32768 -32768 -32768 -32768
35 -50 26 228 -212 -32768 -32768 -32768 -32768
36 -87 61 218 -200 -32768 -32768 -32768 -32768
37 -113 88 209 -191 -32768 -32768 -32768 -32768
38 -147 125 198 -180 -32768 -32768 -32768 -32768
39 -165 139 170 -154 -32768 -32768 -32768 -32768
40 -191 166 128 -112 -32768 -32768 -32768 -32768
41 -232 208 118 -104 -32768 -32768 -32768 -32768
42 -235 209 53 -34 -32768 -32768 -32768 -32768
43 -209 181 11 7 -32768 -32768 -32768 -32768
44 -165 141 -53 74 -32768 -32768 -32768 -32768
45 -139 114 -72 89 -32768 -32768 -32768 -32768
46 -97 70 -100 117 -32768 -32768 -32768 -32768
47 -53 29 -115 129 -32768 -32768 -32768 -32768
48 -40 9 -115 132 -32768 -32768 -32768 -32768
49 42 -66 -84 101 -32768 -32768 -32768 -32768
50 100 -125 -90 105 -32768 -32768 -32768 -32768
51 149 -173 -80 97 -32768 -32768 -32768 -32768
52 188 -213 -65 81 -32768 -32768 -32768 -32768
