OSINK 4B
1
06.11.20
Osova
0.0 0.0
0.0
0.00 0.00
-1.00 -1.00
0.00 0.00
20000.00
0.0
50
50
N
1
52
1 -189 177 -200 198 -32768 -32768 -32768 -32768
2 -189 176 -200 198 -32768 -32768 -32768 -32768
3 -189 176 -200 198 -32768 -32768 -32768 -32768
4 -135 130 -143 142 -32768 -32768 -32768 -32768
5 -112 104 -85 83 -32768 -32768 -32768 -32768
6 -87 80 -16 20 -32768 -32768 -32768 -32768
7 -72 68 9 -7 -32768 -32768 -32768 -32768
8 -50 41 31 -31 -32768 -32768 -32768 -32768
9 -23 16 33 -32 -32768 -32768 -32768 -32768
10 -5 0 27 -25 -32768 -32768 -32768 -32768
11 3 -10 5 -4 -32768 -32768 -32768 -32768
12 2 -10 -19 19 -32768 -32768 -32768 -32768
13 4 -11 -48 49 -32768 -32768 -32768 -32768
14 -3 -1 -81 83 -32768 -32768 -32768 -32768
15 -10 6 -115 112 -32768 -32768 -32768 -32768
16 2 -8 -138 139 -32768 -32768 -32768 -32768
17 77 -79 -127 129 -32768 -32768 -32768 -32768
18 132 -139 -106 107 -32768 -32768 -32768 -32768
19 144 -150 -98 99 -32768 -32768 -32768 -32768
20 144 -151 -93 96 -32768 -32768 -32768 -32768
21 152 -158 -68 65 -32768 -32768 -32768 -32768
22 146 -152 -49 48 -32768 -32768 -32768 -32768
23 143 -149 -12 13 -32768 -32768 -32768 -32768
24 153 -158 21 -20 -32768 -32768 -32768 -32768
25 155 -164 47 -48 -32768 -32768 -32768 -32768
26 167 -174 83 -81 -32768 -32768 -32768 -32768
27 167 -173 117 -118 -32768 -32768 -32768 -32768
28 170 -178 151 -153 -32768 -32768 -32768 -32768
29 170 -176 181 -181 -32768 -32768 -32768 -32768
30 147 -156 209 -207 -32768 -32768 -32768 -32768
31 112 -117 217 -215 -32768 -32768 -32768 -32768
32 86 -92 213 -213 -32768 -32768 -32768 -32768
33 41 -50 228 -226 -32768 -32768 -32768 -32768
34 2 -9 226 -224 -32768 -32768 -32768 -32768
35 -38 30 221 -222 -32768 -32768 -32768 -32768
36 -75 69 211 -208 -32768 -32768 -32768 -32768
37 -104 95 202 -200 -32768 -32768 -32768 -32768
38 -137 131 192 -192 -32768 -32768 -32768 -32768
39 -153 146 165 -166 -32768 -32768 -32768 -32768
40 -181 174 125 -124 -32768 -32768 -32768 -32768
41 -220 214 113 -113 -32768 -32768 -32768 -32768
42 -227 221 49 -50 -32768 -32768 -32768 -32768
43 -201 196 5 -5 -32768 -32768 -32768 -32768
44 -160 153 -56 59 -32768 -32768 -32768 -32768
45 -136 130 -78 78 -32768 -32768 -32768 -32768
46 -92 86 -105 104 -32768 -32768 -32768 -32768
47 -44 40 -122 124 -32768 -32768 -32768 -32768
48 -31 23 -123 125 -32768 -32768 -32768 -32768
49 44 -46 -95 97 -32768 -32768 -32768 -32768
50 105 -111 -96 96 -32768 -32768 -32768 -32768
51 155 -161 -89 90 -32768 -32768 -32768 -32768
52 196 -203 -72 73 -32768 -32768 -32768 -32768
