OSINK 4B
1
18.10.21
Osova
0.0 0.0
0.0
0.00 0.00
-1.00 -1.00
0.00 0.00
20000.00
0.0
50
50
N
1
52
1 -162 128 -166 176 -32768 -32768 -32768 -32768
2 -163 128 -166 177 -32768 -32768 -32768 -32768
3 -170 128 -163 177 -32768 -32768 -32768 -32768
4 -132 103 -128 135 -32768 -32768 -32768 -32768
5 -118 96 -70 69 -32768 -32768 -32768 -32768
6 -92 64 -9 24 -32768 -32768 -32768 -32768
7 -84 56 18 -7 -32768 -32768 -32768 -32768
8 -55 27 38 -25 -32768 -32768 -32768 -32768
9 -29 1 38 -26 -32768 -32768 -32768 -32768
10 -10 -16 32 -19 -32768 -32768 -32768 -32768
11 -4 -22 9 3 -32768 -32768 -32768 -32768
12 -5 -22 -15 27 -32768 -32768 -32768 -32768
13 -6 -22 -47 59 -32768 -32768 -32768 -32768
14 -15 -10 -77 93 -32768 -32768 -32768 -32768
15 -23 -3 -110 123 -32768 -32768 -32768 -32768
16 -5 -22 -134 146 -32768 -32768 -32768 -32768
17 67 -100 -122 131 -32768 -32768 -32768 -32768
18 122 -150 -100 112 -32768 -32768 -32768 -32768
19 134 -162 -94 107 -32768 -32768 -32768 -32768
20 137 -166 -85 100 -32768 -32768 -32768 -32768
21 146 -172 -59 71 -32768 -32768 -32768 -32768
22 138 -166 -41 46 -32768 -32768 -32768 -32768
23 138 -165 -3 14 -32768 -32768 -32768 -32768
24 144 -174 29 -18 -32768 -32768 -32768 -32768
25 150 -178 60 -46 -32768 -32768 -32768 -32768
26 162 -190 93 -79 -32768 -32768 -32768 -32768
27 157 -184 134 -124 -32768 -32768 -32768 -32768
28 165 -195 158 -151 -32768 -32768 -32768 -32768
29 159 -188 190 -181 -32768 -32768 -32768 -32768
30 138 -168 215 -205 -32768 -32768 -32768 -32768
31 99 -127 224 -210 -32768 -32768 -32768 -32768
32 74 -103 219 -207 -32768 -32768 -32768 -32768
33 28 -57 234 -223 -32768 -32768 -32768 -32768
34 -6 -21 232 -219 -32768 -32768 -32768 -32768
35 -51 21 226 -215 -32768 -32768 -32768 -32768
36 -87 57 216 -203 -32768 -32768 -32768 -32768
37 -118 85 207 -194 -32768 -32768 -32768 -32768
38 -147 121 197 -183 -32768 -32768 -32768 -32768
39 -166 137 168 -156 -32768 -32768 -32768 -32768
40 -192 164 124 -113 -32768 -32768 -32768 -32768
41 -233 206 116 -106 -32768 -32768 -32768 -32768
42 -234 205 47 -35 -32768 -32768 -32768 -32768
43 -208 178 7 6 -32768 -32768 -32768 -32768
44 -166 138 -56 71 -32768 -32768 -32768 -32768
45 -141 112 -74 87 -32768 -32768 -32768 -32768
46 -96 69 -104 114 -32768 -32768 -32768 -32768
47 -54 26 -117 127 -32768 -32768 -32768 -32768
48 -38 7 -120 131 -32768 -32768 -32768 -32768
49 39 -71 -87 98 -32768 -32768 -32768 -32768
50 99 -127 -92 103 -32768 -32768 -32768 -32768
51 148 -176 -81 93 -32768 -32768 -32768 -32768
52 187 -216 -68 78 -32768 -32768 -32768 -32768
