OSINK 4B
1
02.09.20
Osova
0.0 0.0
0.0
0.00 0.00
-1.00 -1.00
0.00 0.00
20000.00
0.0
50
50
N
1
52
1 -187 175 -210 208 -32768 -32768 -32768 -32768
2 -187 175 -210 208 -32768 -32768 -32768 -32768
3 -187 175 -210 208 -32768 -32768 -32768 -32768
4 -151 139 -165 159 -32768 -32768 -32768 -32768
5 -119 104 -111 110 -32768 -32768 -32768 -32768
6 -99 85 -29 27 -32768 -32768 -32768 -32768
7 -78 64 0 0 -32768 -32768 -32768 -32768
8 -62 47 24 -29 -32768 -32768 -32768 -32768
9 -30 16 32 -35 -32768 -32768 -32768 -32768
10 -15 0 28 -29 -32768 -32768 -32768 -32768
11 1 -13 14 -18 -32768 -32768 -32768 -32768
12 -2 -12 -18 14 -32768 -32768 -32768 -32768
13 0 -14 -43 40 -32768 -32768 -32768 -32768
14 -8 -7 -74 72 -32768 -32768 -32768 -32768
15 -19 4 -107 104 -32768 -32768 -32768 -32768
16 -9 -6 -139 133 -32768 -32768 -32768 -32768
17 44 -59 -137 134 -32768 -32768 -32768 -32768
18 122 -137 -110 106 -32768 -32768 -32768 -32768
19 135 -149 -101 98 -32768 -32768 -32768 -32768
20 137 -150 -97 95 -32768 -32768 -32768 -32768
21 146 -159 -74 69 -32768 -32768 -32768 -32768
22 139 -154 -54 47 -32768 -32768 -32768 -32768
23 136 -151 -15 14 -32768 -32768 -32768 -32768
24 146 -160 17 -20 -32768 -32768 -32768 -32768
25 148 -165 42 -45 -32768 -32768 -32768 -32768
26 162 -176 80 -83 -32768 -32768 -32768 -32768
27 162 -177 113 -115 -32768 -32768 -32768 -32768
28 162 -178 149 -153 -32768 -32768 -32768 -32768
29 166 -181 175 -178 -32768 -32768 -32768 -32768
30 147 -161 205 -207 -32768 -32768 -32768 -32768
31 110 -124 216 -218 -32768 -32768 -32768 -32768
32 84 -98 211 -216 -32768 -32768 -32768 -32768
33 41 -55 225 -228 -32768 -32768 -32768 -32768
34 -1 -13 224 -229 -32768 -32768 -32768 -32768
35 -38 24 222 -222 -32768 -32768 -32768 -32768
36 -80 65 209 -211 -32768 -32768 -32768 -32768
37 -105 91 201 -203 -32768 -32768 -32768 -32768
38 -140 127 191 -195 -32768 -32768 -32768 -32768
39 -157 143 165 -169 -32768 -32768 -32768 -32768
40 -184 170 125 -129 -32768 -32768 -32768 -32768
41 -223 208 112 -116 -32768 -32768 -32768 -32768
42 -232 219 51 -53 -32768 -32768 -32768 -32768
43 -207 193 4 -8 -32768 -32768 -32768 -32768
44 -164 150 -58 56 -32768 -32768 -32768 -32768
45 -141 127 -79 75 -32768 -32768 -32768 -32768
46 -98 82 -105 102 -32768 -32768 -32768 -32768
47 -50 37 -124 121 -32768 -32768 -32768 -32768
48 -38 21 -124 123 -32768 -32768 -32768 -32768
49 40 -54 -96 93 -32768 -32768 -32768 -32768
50 99 -114 -97 94 -32768 -32768 -32768 -32768
51 149 -165 -91 88 -32768 -32768 -32768 -32768
52 193 -207 -75 72 -32768 -32768 -32768 -32768
