OSINK 4B
1
21.10.20
Osova
0.0 0.0
0.0
0.00 0.00
-1.00 -1.00
0.00 0.00
20000.00
0.0
50
50
N
1
52
1 -176 176 -197 203 -32768 -32768 -32768 -32768
2 -176 176 -197 203 -32768 -32768 -32768 -32768
3 -176 176 -197 203 -32768 -32768 -32768 -32768
4 -145 143 -156 158 -32768 -32768 -32768 -32768
5 -117 111 -107 114 -32768 -32768 -32768 -32768
6 -95 92 -25 31 -32768 -32768 -32768 -32768
7 -75 72 3 5 -32768 -32768 -32768 -32768
8 -59 54 27 -24 -32768 -32768 -32768 -32768
9 -26 22 36 -32 -32768 -32768 -32768 -32768
10 -12 8 31 -25 -32768 -32768 -32768 -32768
11 4 -7 17 -14 -32768 -32768 -32768 -32768
12 3 -6 -13 18 -32768 -32768 -32768 -32768
13 6 -9 -39 44 -32768 -32768 -32768 -32768
14 0 -3 -70 75 -32768 -32768 -32768 -32768
15 -11 8 -103 108 -32768 -32768 -32768 -32768
16 -1 -2 -135 136 -32768 -32768 -32768 -32768
17 52 -55 -132 137 -32768 -32768 -32768 -32768
18 130 -134 -105 110 -32768 -32768 -32768 -32768
19 144 -148 -96 101 -32768 -32768 -32768 -32768
20 145 -147 -92 100 -32768 -32768 -32768 -32768
21 153 -156 -69 74 -32768 -32768 -32768 -32768
22 147 -150 -51 53 -32768 -32768 -32768 -32768
23 144 -148 -12 17 -32768 -32768 -32768 -32768
24 151 -156 21 -16 -32768 -32768 -32768 -32768
25 155 -158 46 -41 -32768 -32768 -32768 -32768
26 168 -172 85 -78 -32768 -32768 -32768 -32768
27 168 -173 117 -111 -32768 -32768 -32768 -32768
28 169 -174 151 -149 -32768 -32768 -32768 -32768
29 172 -176 179 -174 -32768 -32768 -32768 -32768
30 152 -156 207 -204 -32768 -32768 -32768 -32768
31 115 -119 220 -214 -32768 -32768 -32768 -32768
32 89 -93 216 -212 -32768 -32768 -32768 -32768
33 46 -50 228 -224 -32768 -32768 -32768 -32768
34 3 -7 228 -222 -32768 -32768 -32768 -32768
35 -33 30 226 -222 -32768 -32768 -32768 -32768
36 -76 71 213 -207 -32768 -32768 -32768 -32768
37 -100 97 204 -199 -32768 -32768 -32768 -32768
38 -135 132 195 -190 -32768 -32768 -32768 -32768
39 -152 148 168 -164 -32768 -32768 -32768 -32768
40 -179 174 129 -123 -32768 -32768 -32768 -32768
41 -219 215 116 -111 -32768 -32768 -32768 -32768
42 -227 223 53 -48 -32768 -32768 -32768 -32768
43 -201 197 7 -3 -32768 -32768 -32768 -32768
44 -159 156 -54 61 -32768 -32768 -32768 -32768
45 -134 131 -76 80 -32768 -32768 -32768 -32768
46 -91 87 -102 106 -32768 -32768 -32768 -32768
47 -45 42 -121 125 -32768 -32768 -32768 -32768
48 -33 27 -120 127 -32768 -32768 -32768 -32768
49 45 -48 -92 97 -32768 -32768 -32768 -32768
50 105 -109 -93 97 -32768 -32768 -32768 -32768
51 155 -159 -86 92 -32768 -32768 -32768 -32768
52 197 -201 -70 75 -32768 -32768 -32768 -32768
