OSINK 4B
1
09.09.20
Osova
0.0 0.0
0.0
0.00 0.00
-1.00 -1.00
0.00 0.00
20000.00
0.0
50
50
N
1
52
1 -186 149 -228 230 -32768 -32768 -32768 -32768
2 -186 149 -228 230 -32768 -32768 -32768 -32768
3 -159 149 -235 230 -32768 -32768 -32768 -32768
4 -138 131 -175 166 -32768 -32768 -32768 -32768
5 -117 107 -114 106 -32768 -32768 -32768 -32768
6 -96 88 -31 25 -32768 -32768 -32768 -32768
7 -74 67 -1 -3 -32768 -32768 -32768 -32768
8 -60 51 22 -31 -32768 -32768 -32768 -32768
9 -27 19 30 -37 -32768 -32768 -32768 -32768
10 -12 4 26 -31 -32768 -32768 -32768 -32768
11 4 -13 13 -19 -32768 -32768 -32768 -32768
12 1 -11 -19 11 -32768 -32768 -32768 -32768
13 4 -13 -44 40 -32768 -32768 -32768 -32768
14 -4 -6 -74 68 -32768 -32768 -32768 -32768
15 -14 6 -109 104 -32768 -32768 -32768 -32768
16 -5 -3 -141 130 -32768 -32768 -32768 -32768
17 47 -55 -138 133 -32768 -32768 -32768 -32768
18 125 -133 -111 105 -32768 -32768 -32768 -32768
19 139 -147 -103 96 -32768 -32768 -32768 -32768
20 140 -147 -100 94 -32768 -32768 -32768 -32768
21 149 -156 -76 69 -32768 -32768 -32768 -32768
22 142 -151 -56 48 -32768 -32768 -32768 -32768
23 139 -148 -18 14 -32768 -32768 -32768 -32768
24 150 -157 14 -21 -32768 -32768 -32768 -32768
25 152 -160 39 -45 -32768 -32768 -32768 -32768
26 165 -172 77 -83 -32768 -32768 -32768 -32768
27 165 -174 111 -117 -32768 -32768 -32768 -32768
28 166 -174 146 -155 -32768 -32768 -32768 -32768
29 170 -177 173 -179 -32768 -32768 -32768 -32768
30 150 -158 203 -209 -32768 -32768 -32768 -32768
31 114 -125 213 -219 -32768 -32768 -32768 -32768
32 88 -101 209 -219 -32768 -32768 -32768 -32768
33 43 -52 222 -228 -32768 -32768 -32768 -32768
34 2 -10 222 -229 -32768 -32768 -32768 -32768
35 -34 26 220 -227 -32768 -32768 -32768 -32768
36 -76 68 207 -212 -32768 -32768 -32768 -32768
37 -101 93 199 -205 -32768 -32768 -32768 -32768
38 -136 129 189 -197 -32768 -32768 -32768 -32768
39 -153 146 163 -171 -32768 -32768 -32768 -32768
40 -182 172 125 -130 -32768 -32768 -32768 -32768
41 -220 212 110 -117 -32768 -32768 -32768 -32768
42 -229 227 48 -55 -32768 -32768 -32768 -32768
43 -206 194 2 -9 -32768 -32768 -32768 -32768
44 -161 153 -60 54 -32768 -32768 -32768 -32768
45 -138 128 -86 74 -32768 -32768 -32768 -32768
46 -93 83 -107 102 -32768 -32768 -32768 -32768
47 -48 39 -126 120 -32768 -32768 -32768 -32768
48 -33 25 -126 121 -32768 -32768 -32768 -32768
49 44 -50 -99 92 -32768 -32768 -32768 -32768
50 105 -112 -100 92 -32768 -32768 -32768 -32768
51 154 -162 -94 87 -32768 -32768 -32768 -32768
52 195 -204 -77 70 -32768 -32768 -32768 -32768
