OSINK 4B
1
23.09.20
Osova
0.0 0.0
0.0
0.00 0.00
-1.00 -1.00
0.00 0.00
20000.00
0.0
50
50
N
1
52
1 -198 190 -198 209 -32768 -32768 -32768 -32768
2 -198 190 -198 209 -32768 -32768 -32768 -32768
3 -198 190 -198 209 -32768 -32768 -32768 -32768
4 -159 144 -157 161 -32768 -32768 -32768 -32768
5 -120 105 -109 118 -32768 -32768 -32768 -32768
6 -100 83 -26 33 -32768 -32768 -32768 -32768
7 -79 66 3 5 -32768 -32768 -32768 -32768
8 -62 47 29 -23 -32768 -32768 -32768 -32768
9 -30 16 37 -30 -32768 -32768 -32768 -32768
10 -15 0 32 -25 -32768 -32768 -32768 -32768
11 1 -14 18 -14 -32768 -32768 -32768 -32768
12 -1 -13 -13 19 -32768 -32768 -32768 -32768
13 1 -15 -39 43 -32768 -32768 -32768 -32768
14 -6 -8 -70 77 -32768 -32768 -32768 -32768
15 -16 2 -103 109 -32768 -32768 -32768 -32768
16 -7 -7 -134 137 -32768 -32768 -32768 -32768
17 45 -60 -131 138 -32768 -32768 -32768 -32768
18 124 -139 -105 111 -32768 -32768 -32768 -32768
19 138 -152 -96 102 -32768 -32768 -32768 -32768
20 139 -153 -93 100 -32768 -32768 -32768 -32768
21 147 -161 -69 74 -32768 -32768 -32768 -32768
22 142 -155 -49 53 -32768 -32768 -32768 -32768
23 139 -153 -11 18 -32768 -32768 -32768 -32768
24 147 -163 21 -15 -32768 -32768 -32768 -32768
25 150 -165 45 -40 -32768 -32768 -32768 -32768
26 162 -178 84 -78 -32768 -32768 -32768 -32768
27 164 -179 117 -112 -32768 -32768 -32768 -32768
28 164 -179 152 -148 -32768 -32768 -32768 -32768
29 167 -182 180 -174 -32768 -32768 -32768 -32768
30 148 -162 210 -203 -32768 -32768 -32768 -32768
31 112 -126 220 -213 -32768 -32768 -32768 -32768
32 85 -99 216 -210 -32768 -32768 -32768 -32768
33 38 -56 229 -223 -32768 -32768 -32768 -32768
34 0 -13 228 -222 -32768 -32768 -32768 -32768
35 -37 22 227 -221 -32768 -32768 -32768 -32768
36 -80 67 213 -206 -32768 -32768 -32768 -32768
37 -104 91 206 -198 -32768 -32768 -32768 -32768
38 -139 124 197 -190 -32768 -32768 -32768 -32768
39 -157 142 170 -164 -32768 -32768 -32768 -32768
40 -184 169 131 -123 -32768 -32768 -32768 -32768
41 -222 208 117 -110 -32768 -32768 -32768 -32768
42 -232 217 55 -50 -32768 -32768 -32768 -32768
43 -208 191 10 -3 -32768 -32768 -32768 -32768
44 -164 149 -53 61 -32768 -32768 -32768 -32768
45 -142 125 -73 80 -32768 -32768 -32768 -32768
46 -98 81 -101 106 -32768 -32768 -32768 -32768
47 -50 36 -120 126 -32768 -32768 -32768 -32768
48 -37 21 -120 128 -32768 -32768 -32768 -32768
49 39 -55 -92 98 -32768 -32768 -32768 -32768
50 100 -115 -92 98 -32768 -32768 -32768 -32768
51 147 -165 -88 93 -32768 -32768 -32768 -32768
52 191 -207 -70 77 -32768 -32768 -32768 -32768
