OSINK 4B
1
30.09.20
Osova
0.0 0.0
0.0
0.00 0.00
-1.00 -1.00
0.00 0.00
20000.00
0.0
50
50
N
1
52
1 -177 163 -206 205 -32768 -32768 -32768 -32768
2 -177 163 -206 205 -32768 -32768 -32768 -32768
3 -177 162 -206 205 -32768 -32768 -32768 -32768
4 -149 134 -163 158 -32768 -32768 -32768 -32768
5 -122 106 -113 111 -32768 -32768 -32768 -32768
6 -100 87 -30 27 -32768 -32768 -32768 -32768
7 -79 66 0 0 -32768 -32768 -32768 -32768
8 -63 48 24 -28 -32768 -32768 -32768 -32768
9 -30 15 32 -35 -32768 -32768 -32768 -32768
10 -16 1 27 -29 -32768 -32768 -32768 -32768
11 0 -13 13 -17 -32768 -32768 -32768 -32768
12 -1 -12 -18 15 -32768 -32768 -32768 -32768
13 1 -14 -44 40 -32768 -32768 -32768 -32768
14 -6 -8 -75 73 -32768 -32768 -32768 -32768
15 -17 3 -108 105 -32768 -32768 -32768 -32768
16 -7 -6 -139 133 -32768 -32768 -32768 -32768
17 47 -61 -136 133 -32768 -32768 -32768 -32768
18 124 -139 -110 106 -32768 -32768 -32768 -32768
19 138 -152 -100 98 -32768 -32768 -32768 -32768
20 139 -152 -98 95 -32768 -32768 -32768 -32768
21 146 -160 -73 69 -32768 -32768 -32768 -32768
22 141 -154 -54 48 -32768 -32768 -32768 -32768
23 138 -152 -16 13 -32768 -32768 -32768 -32768
24 147 -161 17 -20 -32768 -32768 -32768 -32768
25 150 -164 42 -45 -32768 -32768 -32768 -32768
26 162 -178 80 -83 -32768 -32768 -32768 -32768
27 163 -177 114 -116 -32768 -32768 -32768 -32768
28 163 -178 148 -154 -32768 -32768 -32768 -32768
29 167 -181 176 -179 -32768 -32768 -32768 -32768
30 146 -161 205 -208 -32768 -32768 -32768 -32768
31 110 -126 216 -217 -32768 -32768 -32768 -32768
32 84 -98 212 -215 -32768 -32768 -32768 -32768
33 39 -55 224 -228 -32768 -32768 -32768 -32768
34 -1 -13 223 -227 -32768 -32768 -32768 -32768
35 -38 23 221 -226 -32768 -32768 -32768 -32768
36 -81 66 209 -210 -32768 -32768 -32768 -32768
37 -105 91 201 -203 -32768 -32768 -32768 -32768
38 -140 126 190 -194 -32768 -32768 -32768 -32768
39 -157 142 164 -169 -32768 -32768 -32768 -32768
40 -184 170 125 -128 -32768 -32768 -32768 -32768
41 -224 210 111 -115 -32768 -32768 -32768 -32768
42 -232 218 48 -52 -32768 -32768 -32768 -32768
43 -206 190 3 -6 -32768 -32768 -32768 -32768
44 -164 150 -60 57 -32768 -32768 -32768 -32768
45 -140 125 -80 76 -32768 -32768 -32768 -32768
46 -96 81 -106 102 -32768 -32768 -32768 -32768
47 -49 37 -124 121 -32768 -32768 -32768 -32768
48 -37 21 -123 123 -32768 -32768 -32768 -32768
49 41 -54 -96 93 -32768 -32768 -32768 -32768
50 100 -115 -97 93 -32768 -32768 -32768 -32768
51 150 -165 -91 88 -32768 -32768 -32768 -32768
52 192 -207 -73 71 -32768 -32768 -32768 -32768
