OSINK 4B
1
17.06.21
Osova
0.0 0.0
0.0
0.00 0.00
-1.00 -1.00
0.00 0.00
20000.00
0.0
50
50
N
1
52
1 -183 174 -164 180 -32768 -32768 -32768 -32768
2 -185 174 -164 179 -32768 -32768 -32768 -32768
3 -185 174 -164 179 -32768 -32768 -32768 -32768
4 -136 119 -129 130 -32768 -32768 -32768 -32768
5 -119 98 -78 76 -32768 -32768 -32768 -32768
6 -88 72 -11 21 -32768 -32768 -32768 -32768
7 -80 61 12 -7 -32768 -32768 -32768 -32768
8 -52 35 33 -28 -32768 -32768 -32768 -32768
9 -28 10 34 -30 -32768 -32768 -32768 -32768
10 -9 -7 28 -22 -32768 -32768 -32768 -32768
11 -3 -15 5 0 -32768 -32768 -32768 -32768
12 -2 -16 -17 23 -32768 -32768 -32768 -32768
13 0 -17 -47 53 -32768 -32768 -32768 -32768
14 -8 -8 -79 85 -32768 -32768 -32768 -32768
15 -15 -1 -111 114 -32768 -32768 -32768 -32768
16 -1 -17 -137 141 -32768 -32768 -32768 -32768
17 80 -90 -123 129 -32768 -32768 -32768 -32768
18 130 -148 -103 107 -32768 -32768 -32768 -32768
19 143 -160 -93 101 -32768 -32768 -32768 -32768
20 141 -160 -89 96 -32768 -32768 -32768 -32768
21 150 -167 -64 67 -32768 -32768 -32768 -32768
22 141 -161 -43 44 -32768 -32768 -32768 -32768
23 141 -158 -5 13 -32768 -32768 -32768 -32768
24 148 -167 25 -21 -32768 -32768 -32768 -32768
25 152 -172 51 -48 -32768 -32768 -32768 -32768
26 165 -183 88 -81 -32768 -32768 -32768 -32768
27 162 -179 127 -123 -32768 -32768 -32768 -32768
28 166 -188 154 -153 -32768 -32768 -32768 -32768
29 163 -183 187 -184 -32768 -32768 -32768 -32768
30 141 -162 214 -208 -32768 -32768 -32768 -32768
31 106 -124 220 -216 -32768 -32768 -32768 -32768
32 81 -99 219 -212 -32768 -32768 -32768 -32768
33 34 -54 231 -228 -32768 -32768 -32768 -32768
34 -2 -16 229 -224 -32768 -32768 -32768 -32768
35 -43 25 224 -220 -32768 -32768 -32768 -32768
36 -84 63 213 -207 -32768 -32768 -32768 -32768
37 -109 90 204 -198 -32768 -32768 -32768 -32768
38 -145 126 193 -189 -32768 -32768 -32768 -32768
39 -160 142 167 -162 -32768 -32768 -32768 -32768
40 -189 169 122 -119 -32768 -32768 -32768 -32768
41 -228 206 113 -112 -32768 -32768 -32768 -32768
42 -230 212 43 -43 -32768 -32768 -32768 -32768
43 -206 186 7 0 -32768 -32768 -32768 -32768
44 -163 144 -59 68 -32768 -32768 -32768 -32768
45 -141 120 -75 81 -32768 -32768 -32768 -32768
46 -92 74 -107 110 -32768 -32768 -32768 -32768
47 -51 32 -121 125 -32768 -32768 -32768 -32768
48 -35 13 -120 127 -32768 -32768 -32768 -32768
49 38 -56 -91 98 -32768 -32768 -32768 -32768
50 100 -118 -94 98 -32768 -32768 -32768 -32768
51 148 -167 -87 91 -32768 -32768 -32768 -32768
52 191 -209 -70 75 -32768 -32768 -32768 -32768
