OSINK 4B
1
17.02.21
Osova
0.0 0.0
0.0
0.00 0.00
-1.00 -1.00
0.00 0.00
20000.00
0.0
50
50
N
1
52
1 -190 160 -139 128 -32768 -32768 -32768 -32768
2 -190 164 -139 129 -32768 -32768 -32768 -32768
3 -193 164 -137 129 -32768 -32768 -32768 -32768
4 -128 129 -125 124 -32768 -32768 -32768 -32768
5 -107 104 -81 85 -32768 -32768 -32768 -32768
6 -83 83 -12 22 -32768 -32768 -32768 -32768
7 -69 69 10 -6 -32768 -32768 -32768 -32768
8 -45 45 31 -28 -32768 -32768 -32768 -32768
9 -19 17 35 -30 -32768 -32768 -32768 -32768
10 -1 1 27 -24 -32768 -32768 -32768 -32768
11 6 -8 4 0 -32768 -32768 -32768 -32768
12 6 -8 -17 22 -32768 -32768 -32768 -32768
13 8 -9 -47 53 -32768 -32768 -32768 -32768
14 0 0 -79 84 -32768 -32768 -32768 -32768
15 -8 7 -111 113 -32768 -32768 -32768 -32768
16 6 -5 -137 140 -32768 -32768 -32768 -32768
17 78 -75 -126 131 -32768 -32768 -32768 -32768
18 137 -137 -103 107 -32768 -32768 -32768 -32768
19 148 -147 -96 101 -32768 -32768 -32768 -32768
20 149 -150 -91 97 -32768 -32768 -32768 -32768
21 157 -157 -66 68 -32768 -32768 -32768 -32768
22 150 -150 -46 50 -32768 -32768 -32768 -32768
23 147 -148 -8 13 -32768 -32768 -32768 -32768
24 155 -156 23 -19 -32768 -32768 -32768 -32768
25 159 -159 51 -43 -32768 -32768 -32768 -32768
26 170 -173 86 -79 -32768 -32768 -32768 -32768
27 171 -170 119 -117 -32768 -32768 -32768 -32768
28 173 -173 152 -150 -32768 -32768 -32768 -32768
29 171 -174 182 -177 -32768 -32768 -32768 -32768
30 152 -153 212 -205 -32768 -32768 -32768 -32768
31 112 -113 223 -214 -32768 -32768 -32768 -32768
32 90 -90 215 -212 -32768 -32768 -32768 -32768
33 43 -46 230 -225 -32768 -32768 -32768 -32768
34 5 -7 227 -223 -32768 -32768 -32768 -32768
35 -34 35 224 -221 -32768 -32768 -32768 -32768
36 -75 74 212 -207 -32768 -32768 -32768 -32768
37 -99 97 203 -199 -32768 -32768 -32768 -32768
38 -135 135 193 -190 -32768 -32768 -32768 -32768
39 -151 150 166 -164 -32768 -32768 -32768 -32768
40 -178 178 126 -121 -32768 -32768 -32768 -32768
41 -217 217 115 -112 -32768 -32768 -32768 -32768
42 -223 222 50 -46 -32768 -32768 -32768 -32768
43 -198 198 6 -2 -32768 -32768 -32768 -32768
44 -155 155 -57 62 -32768 -32768 -32768 -32768
45 -134 131 -76 78 -32768 -32768 -32768 -32768
46 -91 88 -102 107 -32768 -32768 -32768 -32768
47 -43 44 -121 124 -32768 -32768 -32768 -32768
48 -31 28 -121 127 -32768 -32768 -32768 -32768
49 43 -46 -94 96 -32768 -32768 -32768 -32768
50 108 -108 -95 97 -32768 -32768 -32768 -32768
51 153 -157 -89 92 -32768 -32768 -32768 -32768
52 199 -200 -71 75 -32768 -32768 -32768 -32768
