OSINK 4B
1
01.10.21
Osova
0.0 0.0
0.0
0.00 0.00
-1.00 -1.00
0.00 0.00
20000.00
0.0
50
50
N
1
52
1 -134 134 -203 197 -32768 -32768 -32768 -32768
2 -134 134 -203 197 -32768 -32768 -32768 -32768
3 -134 134 -202 197 -32768 -32768 -32768 -32768
4 -132 108 -138 144 -32768 -32768 -32768 -32768
5 -121 91 -79 78 -32768 -32768 -32768 -32768
6 -95 66 -14 23 -32768 -32768 -32768 -32768
7 -85 58 15 -6 -32768 -32768 -32768 -32768
8 -59 30 33 -27 -32768 -32768 -32768 -32768
9 -30 3 36 -28 -32768 -32768 -32768 -32768
10 -13 -12 30 -22 -32768 -32768 -32768 -32768
11 -5 -22 9 0 -32768 -32768 -32768 -32768
12 -5 -21 -16 23 -32768 -32768 -32768 -32768
13 -6 -22 -47 55 -32768 -32768 -32768 -32768
14 -14 -11 -78 88 -32768 -32768 -32768 -32768
15 -24 -1 -113 119 -32768 -32768 -32768 -32768
16 -8 -20 -136 144 -32768 -32768 -32768 -32768
17 63 -88 -125 132 -32768 -32768 -32768 -32768
18 121 -149 -102 110 -32768 -32768 -32768 -32768
19 133 -162 -97 103 -32768 -32768 -32768 -32768
20 136 -164 -88 98 -32768 -32768 -32768 -32768
21 144 -172 -61 69 -32768 -32768 -32768 -32768
22 138 -166 -43 46 -32768 -32768 -32768 -32768
23 137 -164 -4 14 -32768 -32768 -32768 -32768
24 145 -173 26 -19 -32768 -32768 -32768 -32768
25 150 -177 55 -47 -32768 -32768 -32768 -32768
26 161 -189 90 -80 -32768 -32768 -32768 -32768
27 158 -185 130 -121 -32768 -32768 -32768 -32768
28 164 -193 154 -152 -32768 -32768 -32768 -32768
29 160 -188 184 -181 -32768 -32768 -32768 -32768
30 142 -167 212 -206 -32768 -32768 -32768 -32768
31 101 -128 219 -212 -32768 -32768 -32768 -32768
32 77 -102 218 -211 -32768 -32768 -32768 -32768
33 30 -60 233 -224 -32768 -32768 -32768 -32768
34 -6 -21 229 -221 -32768 -32768 -32768 -32768
35 -49 22 225 -217 -32768 -32768 -32768 -32768
36 -90 58 211 -204 -32768 -32768 -32768 -32768
37 -116 83 207 -195 -32768 -32768 -32768 -32768
38 -141 121 193 -186 -32768 -32768 -32768 -32768
39 -163 135 167 -160 -32768 -32768 -32768 -32768
40 -192 164 136 -116 -32768 -32768 -32768 -32768
41 -231 205 117 -109 -32768 -32768 -32768 -32768
42 -236 207 51 -39 -32768 -32768 -32768 -32768
43 -209 180 6 1 -32768 -32768 -32768 -32768
44 -167 138 -55 69 -32768 -32768 -32768 -32768
45 -143 112 -73 84 -32768 -32768 -32768 -32768
46 -97 70 -106 111 -32768 -32768 -32768 -32768
47 -55 27 -119 126 -32768 -32768 -32768 -32768
48 -41 9 -119 129 -32768 -32768 -32768 -32768
49 36 -65 -89 96 -32768 -32768 -32768 -32768
50 98 -126 -93 100 -32768 -32768 -32768 -32768
51 148 -177 -83 92 -32768 -32768 -32768 -32768
52 187 -214 -69 77 -32768 -32768 -32768 -32768
