OSINK 4B
1
31.03.21
Osova
0.0 0.0
0.0
0.00 0.00
-1.00 -1.00
0.00 0.00
20000.00
0.0
50
50
N
1
52
1 -149 122 -205 195 -32768 -32768 -32768 -32768
2 -149 122 -205 195 -32768 -32768 -32768 -32768
3 -149 122 -205 195 -32768 -32768 -32768 -32768
4 -133 112 -147 142 -32768 -32768 -32768 -32768
5 -116 93 -82 80 -32768 -32768 -32768 -32768
6 -92 71 -19 19 -32768 -32768 -32768 -32768
7 -80 57 6 -9 -32768 -32768 -32768 -32768
8 -53 33 28 -31 -32768 -32768 -32768 -32768
9 -29 7 32 -33 -32768 -32768 -32768 -32768
10 -8 -9 24 -27 -32768 -32768 -32768 -32768
11 -2 -20 -11 -5 -32768 -32768 -32768 -32768
12 1 -19 -22 18 -32768 -32768 -32768 -32768
13 0 -21 -51 49 -32768 -32768 -32768 -32768
14 -8 -12 -82 81 -32768 -32768 -32768 -32768
15 -16 -4 -115 110 -32768 -32768 -32768 -32768
16 -4 -17 -140 138 -32768 -32768 -32768 -32768
17 66 -86 -129 128 -32768 -32768 -32768 -32768
18 128 -150 -106 104 -32768 -32768 -32768 -32768
19 138 -161 -99 98 -32768 -32768 -32768 -32768
20 140 -162 -94 94 -32768 -32768 -32768 -32768
21 147 -169 -67 64 -32768 -32768 -32768 -32768
22 141 -161 -50 44 -32768 -32768 -32768 -32768
23 140 -160 -10 9 -32768 -32768 -32768 -32768
24 146 -167 21 -24 -32768 -32768 -32768 -32768
25 151 -172 49 -48 -32768 -32768 -32768 -32768
26 163 -183 83 -84 -32768 -32768 -32768 -32768
27 159 -180 122 -125 -32768 -32768 -32768 -32768
28 164 -186 149 -155 -32768 -32768 -32768 -32768
29 162 -184 181 -184 -32768 -32768 -32768 -32768
30 141 -164 207 -209 -32768 -32768 -32768 -32768
31 104 -125 216 -217 -32768 -32768 -32768 -32768
32 79 -101 211 -216 -32768 -32768 -32768 -32768
33 30 -56 227 -230 -32768 -32768 -32768 -32768
34 -3 -17 225 -227 -32768 -32768 -32768 -32768
35 -45 24 221 -224 -32768 -32768 -32768 -32768
36 -85 64 210 -210 -32768 -32768 -32768 -32768
37 -109 89 200 -202 -32768 -32768 -32768 -32768
38 -144 122 190 -195 -32768 -32768 -32768 -32768
39 -160 139 164 -168 -32768 -32768 -32768 -32768
40 -188 167 123 -124 -32768 -32768 -32768 -32768
41 -226 208 111 -114 -32768 -32768 -32768 -32768
42 -234 213 48 -52 -32768 -32768 -32768 -32768
43 -209 187 3 -6 -32768 -32768 -32768 -32768
44 -164 145 -60 60 -32768 -32768 -32768 -32768
45 -141 120 -80 76 -32768 -32768 -32768 -32768
46 -96 77 -109 103 -32768 -32768 -32768 -32768
47 -52 33 -124 121 -32768 -32768 -32768 -32768
48 -39 17 -124 124 -32768 -32768 -32768 -32768
49 38 -57 -96 93 -32768 -32768 -32768 -32768
50 98 -119 -98 93 -32768 -32768 -32768 -32768
51 147 -168 -90 88 -32768 -32768 -32768 -32768
52 190 -209 -74 72 -32768 -32768 -32768 -32768
