OSINK 22
1
05.05.21
Osova
0.0 0.0
0.0
0.00 0.00
-1.00 -1.00
0.00 0.00
20000.00
0.0
50
50
N
1
42
1 94 -116 125 -112 -32768 -32768 -32768 -32768
2 94 -116 125 -112 -32768 -32768 -32768 -32768
3 94 -116 125 -112 -32768 -32768 -32768 -32768
4 94 -116 125 -113 -32768 -32768 -32768 -32768
5 94 -116 125 -113 -32768 -32768 -32768 -32768
6 83 -109 134 -120 -32768 -32768 -32768 -32768
7 74 -94 143 -131 -32768 -32768 -32768 -32768
8 83 -104 141 -127 -32768 -32768 -32768 -32768
9 96 -119 143 -130 -32768 -32768 -32768 -32768
10 115 -139 133 -120 -32768 -32768 -32768 -32768
11 146 -169 124 -113 -32768 -32768 -32768 -32768
12 184 -205 105 -93 -32768 -32768 -32768 -32768
13 228 -250 69 -57 -32768 -32768 -32768 -32768
14 262 -284 58 -50 -32768 -32768 -32768 -32768
15 279 -302 18 -8 -32768 -32768 -32768 -32768
16 290 -313 -3 15 -32768 -32768 -32768 -32768
17 305 -327 -26 38 -32768 -32768 -32768 -32768
18 316 -340 -43 55 -32768 -32768 -32768 -32768
19 368 -389 -61 74 -32768 -32768 -32768 -32768
20 431 -454 -107 120 -32768 -32768 -32768 -32768
21 464 -485 -147 157 -32768 -32768 -32768 -32768
22 479 -503 -188 201 -32768 -32768 -32768 -32768
23 483 -505 -204 214 -32768 -32768 -32768 -32768
24 465 -487 -208 220 -32768 -32768 -32768 -32768
25 473 -495 -210 222 -32768 -32768 -32768 -32768
26 500 -526 -235 240 -32768 -32768 -32768 -32768
27 502 -525 -219 230 -32768 -32768 -32768 -32768
28 498 -520 -217 230 -32768 -32768 -32768 -32768
29 489 -511 -222 234 -32768 -32768 -32768 -32768
30 478 -501 -229 241 -32768 -32768 -32768 -32768
31 461 -483 -233 244 -32768 -32768 -32768 -32768
32 478 -498 -242 255 -32768 -32768 -32768 -32768
33 470 -495 -247 259 -32768 -32768 -32768 -32768
34 475 -496 -230 243 -32768 -32768 -32768 -32768
35 480 -501 -203 217 -32768 -32768 -32768 -32768
36 487 -508 -195 209 -32768 -32768 -32768 -32768
37 495 -516 -175 190 -32768 -32768 -32768 -32768
38 494 -519 -173 186 -32768 -32768 -32768 -32768
39 481 -503 -165 176 -32768 -32768 -32768 -32768
40 467 -490 -210 223 -32768 -32768 -32768 -32768
41 449 -472 -254 267 -32768 -32768 -32768 -32768
42 413 -435 -286 297 -32768 -32768 -32768 -32768
