OSINK 22
1
01.06.21
Osova
0.0 0.0
0.0
0.00 0.00
-1.00 -1.00
0.00 0.00
20000.00
0.0
50
50
N
1
42
1 93 -114 79 -78 -32768 -32768 -32768 -32768
2 93 -114 78 -78 -32768 -32768 -32768 -32768
3 93 -114 78 -78 -32768 -32768 -32768 -32768
4 93 -114 78 -78 -32768 -32768 -32768 -32768
5 93 -114 78 -78 -32768 -32768 -32768 -32768
6 93 -114 78 -78 -32768 -32768 -32768 -32768
7 93 -114 78 -78 -32768 -32768 -32768 -32768
8 77 -98 100 -97 -32768 -32768 -32768 -32768
9 88 -107 143 -142 -32768 -32768 -32768 -32768
10 116 -133 128 -128 -32768 -32768 -32768 -32768
11 147 -167 119 -120 -32768 -32768 -32768 -32768
12 185 -205 96 -97 -32768 -32768 -32768 -32768
13 230 -248 63 -64 -32768 -32768 -32768 -32768
14 262 -283 52 -53 -32768 -32768 -32768 -32768
15 285 -297 12 -12 -32768 -32768 -32768 -32768
16 291 -313 -11 11 -32768 -32768 -32768 -32768
17 305 -327 -33 32 -32768 -32768 -32768 -32768
18 317 -338 -49 51 -32768 -32768 -32768 -32768
19 370 -391 -71 70 -32768 -32768 -32768 -32768
20 434 -456 -116 117 -32768 -32768 -32768 -32768
21 462 -484 -154 151 -32768 -32768 -32768 -32768
22 481 -502 -196 196 -32768 -32768 -32768 -32768
23 485 -502 -208 209 -32768 -32768 -32768 -32768
24 468 -487 -215 213 -32768 -32768 -32768 -32768
25 473 -494 -218 216 -32768 -32768 -32768 -32768
26 504 -527 -239 233 -32768 -32768 -32768 -32768
27 504 -524 -223 224 -32768 -32768 -32768 -32768
28 500 -520 -223 223 -32768 -32768 -32768 -32768
29 490 -513 -229 228 -32768 -32768 -32768 -32768
30 478 -499 -235 235 -32768 -32768 -32768 -32768
31 463 -484 -238 241 -32768 -32768 -32768 -32768
32 479 -498 -248 249 -32768 -32768 -32768 -32768
33 471 -493 -252 251 -32768 -32768 -32768 -32768
34 477 -497 -236 234 -32768 -32768 -32768 -32768
35 481 -501 -210 210 -32768 -32768 -32768 -32768
36 488 -508 -202 203 -32768 -32768 -32768 -32768
37 495 -516 -181 183 -32768 -32768 -32768 -32768
38 496 -518 -178 178 -32768 -32768 -32768 -32768
39 481 -502 -173 172 -32768 -32768 -32768 -32768
40 468 -489 -219 217 -32768 -32768 -32768 -32768
41 448 -469 -262 263 -32768 -32768 -32768 -32768
42 411 -435 -292 291 -32768 -32768 -32768 -32768
