OSINK 22
1
23.09.20
Osova
0.0 0.0
0.0
0.00 0.00
-1.00 -1.00
0.00 0.00
20000.00
0.0
50
50
N
1
42
1 85 -103 146 -141 -32768 -32768 -32768 -32768
2 85 -103 146 -141 -32768 -32768 -32768 -32768
3 85 -103 146 -141 -32768 -32768 -32768 -32768
4 85 -103 146 -141 -32768 -32768 -32768 -32768
5 85 -103 146 -141 -32768 -32768 -32768 -32768
6 87 -105 131 -126 -32768 -32768 -32768 -32768
7 79 -96 134 -130 -32768 -32768 -32768 -32768
8 82 -101 140 -134 -32768 -32768 -32768 -32768
9 101 -118 136 -133 -32768 -32768 -32768 -32768
10 114 -131 133 -126 -32768 -32768 -32768 -32768
11 146 -164 122 -117 -32768 -32768 -32768 -32768
12 183 -199 105 -99 -32768 -32768 -32768 -32768
13 225 -243 69 -64 -32768 -32768 -32768 -32768
14 261 -279 58 -54 -32768 -32768 -32768 -32768
15 282 -299 15 -11 -32768 -32768 -32768 -32768
16 293 -309 -6 10 -32768 -32768 -32768 -32768
17 308 -327 -30 35 -32768 -32768 -32768 -32768
18 317 -334 -49 54 -32768 -32768 -32768 -32768
19 369 -384 -66 71 -32768 -32768 -32768 -32768
20 437 -454 -115 118 -32768 -32768 -32768 -32768
21 468 -484 -150 154 -32768 -32768 -32768 -32768
22 483 -500 -194 200 -32768 -32768 -32768 -32768
23 485 -502 -208 213 -32768 -32768 -32768 -32768
24 468 -486 -212 217 -32768 -32768 -32768 -32768
25 477 -494 -218 220 -32768 -32768 -32768 -32768
26 507 -525 -240 239 -32768 -32768 -32768 -32768
27 504 -523 -225 228 -32768 -32768 -32768 -32768
28 502 -517 -226 227 -32768 -32768 -32768 -32768
29 490 -508 -228 232 -32768 -32768 -32768 -32768
30 479 -495 -235 239 -32768 -32768 -32768 -32768
31 464 -480 -238 244 -32768 -32768 -32768 -32768
32 479 -496 -248 253 -32768 -32768 -32768 -32768
33 471 -488 -251 256 -32768 -32768 -32768 -32768
34 478 -495 -233 238 -32768 -32768 -32768 -32768
35 483 -498 -207 213 -32768 -32768 -32768 -32768
36 489 -505 -201 206 -32768 -32768 -32768 -32768
37 498 -513 -181 186 -32768 -32768 -32768 -32768
38 497 -516 -173 179 -32768 -32768 -32768 -32768
39 480 -497 -177 180 -32768 -32768 -32768 -32768
40 467 -485 -222 226 -32768 -32768 -32768 -32768
41 446 -464 -264 268 -32768 -32768 -32768 -32768
42 410 -428 -293 297 -32768 -32768 -32768 -32768
