OSINK 22
1
10.03.21
Osova
0.0 0.0
0.0
0.00 0.00
-1.00 -1.00
0.00 0.00
20000.00
0.0
50
50
N
1
42
1 103 -109 124 -109 -32768 -32768 -32768 -32768
2 103 -109 124 -109 -32768 -32768 -32768 -32768
3 103 -109 124 -109 -32768 -32768 -32768 -32768
4 102 -109 125 -109 -32768 -32768 -32768 -32768
5 102 -109 125 -110 -32768 -32768 -32768 -32768
6 91 -97 134 -119 -32768 -32768 -32768 -32768
7 79 -87 143 -128 -32768 -32768 -32768 -32768
8 94 -102 142 -127 -32768 -32768 -32768 -32768
9 104 -113 143 -129 -32768 -32768 -32768 -32768
10 123 -131 133 -118 -32768 -32768 -32768 -32768
11 157 -165 126 -111 -32768 -32768 -32768 -32768
12 193 -202 104 -88 -32768 -32768 -32768 -32768
13 239 -247 67 -55 -32768 -32768 -32768 -32768
14 273 -279 53 -43 -32768 -32768 -32768 -32768
15 288 -295 17 -5 -32768 -32768 -32768 -32768
16 301 -308 -8 18 -32768 -32768 -32768 -32768
17 313 -318 -27 41 -32768 -32768 -32768 -32768
18 333 -333 -48 59 -32768 -32768 -32768 -32768
19 388 -388 -66 78 -32768 -32768 -32768 -32768
20 446 -453 -116 127 -32768 -32768 -32768 -32768
21 475 -483 -152 168 -32768 -32768 -32768 -32768
22 489 -498 -192 205 -32768 -32768 -32768 -32768
23 488 -496 -202 215 -32768 -32768 -32768 -32768
24 474 -480 -209 221 -32768 -32768 -32768 -32768
25 483 -487 -211 224 -32768 -32768 -32768 -32768
26 512 -521 -235 243 -32768 -32768 -32768 -32768
27 510 -517 -221 233 -32768 -32768 -32768 -32768
28 506 -511 -217 231 -32768 -32768 -32768 -32768
29 495 -502 -224 235 -32768 -32768 -32768 -32768
30 482 -490 -230 241 -32768 -32768 -32768 -32768
31 471 -477 -237 248 -32768 -32768 -32768 -32768
32 485 -493 -243 254 -32768 -32768 -32768 -32768
33 475 -482 -245 261 -32768 -32768 -32768 -32768
34 483 -491 -230 242 -32768 -32768 -32768 -32768
35 486 -493 -207 218 -32768 -32768 -32768 -32768
36 493 -499 -201 211 -32768 -32768 -32768 -32768
37 503 -509 -176 190 -32768 -32768 -32768 -32768
38 500 -511 -167 181 -32768 -32768 -32768 -32768
39 485 -493 -173 182 -32768 -32768 -32768 -32768
40 472 -481 -217 226 -32768 -32768 -32768 -32768
41 453 -459 -258 271 -32768 -32768 -32768 -32768
42 416 -424 -289 300 -32768 -32768 -32768 -32768
