OSINK 22
1
18.11.20
Osova
0.0 0.0
0.0
0.00 0.00
-1.00 -1.00
0.00 0.00
20000.00
0.0
50
50
N
1
42
1 94 -113 122 -122 -32768 -32768 -32768 -32768
2 94 -113 122 -122 -32768 -32768 -32768 -32768
3 94 -113 122 -122 -32768 -32768 -32768 -32768
4 94 -113 122 -122 -32768 -32768 -32768 -32768
5 94 -113 122 -122 -32768 -32768 -32768 -32768
6 83 -105 128 -125 -32768 -32768 -32768 -32768
7 74 -92 135 -134 -32768 -32768 -32768 -32768
8 89 -108 134 -134 -32768 -32768 -32768 -32768
9 101 -118 135 -136 -32768 -32768 -32768 -32768
10 119 -140 125 -124 -32768 -32768 -32768 -32768
11 151 -171 118 -118 -32768 -32768 -32768 -32768
12 194 -213 90 -91 -32768 -32768 -32768 -32768
13 235 -254 60 -62 -32768 -32768 -32768 -32768
14 268 -284 47 -50 -32768 -32768 -32768 -32768
15 282 -299 8 -11 -32768 -32768 -32768 -32768
16 296 -313 -17 13 -32768 -32768 -32768 -32768
17 308 -325 -37 36 -32768 -32768 -32768 -32768
18 323 -339 -55 54 -32768 -32768 -32768 -32768
19 378 -396 -74 73 -32768 -32768 -32768 -32768
20 438 -460 -123 123 -32768 -32768 -32768 -32768
21 468 -488 -161 158 -32768 -32768 -32768 -32768
22 483 -503 -201 202 -32768 -32768 -32768 -32768
23 482 -500 -211 210 -32768 -32768 -32768 -32768
24 467 -486 -217 216 -32768 -32768 -32768 -32768
25 474 -492 -219 219 -32768 -32768 -32768 -32768
26 506 -526 -242 238 -32768 -32768 -32768 -32768
27 504 -521 -229 228 -32768 -32768 -32768 -32768
28 499 -519 -227 227 -32768 -32768 -32768 -32768
29 488 -508 -233 231 -32768 -32768 -32768 -32768
30 477 -495 -240 237 -32768 -32768 -32768 -32768
31 465 -483 -246 245 -32768 -32768 -32768 -32768
32 481 -496 -251 249 -32768 -32768 -32768 -32768
33 466 -486 -254 255 -32768 -32768 -32768 -32768
34 476 -494 -238 236 -32768 -32768 -32768 -32768
35 480 -497 -214 211 -32768 -32768 -32768 -32768
36 486 -505 -207 205 -32768 -32768 -32768 -32768
37 496 -513 -186 185 -32768 -32768 -32768 -32768
38 496 -514 -176 179 -32768 -32768 -32768 -32768
39 480 -498 -179 176 -32768 -32768 -32768 -32768
40 467 -486 -222 219 -32768 -32768 -32768 -32768
41 447 -465 -268 265 -32768 -32768 -32768 -32768
42 408 -425 -300 297 -32768 -32768 -32768 -32768
