OSINK 22
1 
16.6.2020 
Osova 
0 0
0 
0 0
-1 -1
0 0
20000 
0 
50 
50 
N 
1 
42 
1 96 -99 134 -136 132 -139 -97 96
2 96 -99 134 -136 131 -139 -97 96
3 96 -101 134 -134 131 -138 -97 96
4 96 -101 134 -134 131 -138 -97 96
5 96 -102 134 -135 131 -138 -97 96
6 94 -98 130 -131 128 -133 -94 93
7 85 -90 132 -133 130 -135 -86 84
8 88 -94 135 -135 130 -134 -88 88
9 108 -112 134 -136 133 -138 -107 106
10 120 -125 130 -130 125 -130 -124 124
11 152 -158 119 -120 114 -120 -153 152
12 190 -193 102 -103 99 -103 -192 190
13 231 -237 66 -68 65 -71 -232 230
14 268 -273 56 -59 51 -56 -270 267
15 288 -294 13 -14 5 -11 -291 291
16 298 -304 -9 7 -17 12 -303 301
17 315 -320 -33 31 -42 34 -318 316
18 324 -329 -51 50 -55 51 -325 325
19 374 -378 -68 67 -72 68 -375 372
20 444 -448 -116 115 -125 118 -448 448
21 474 -478 -153 150 -163 157 -479 477
22 491 -495 -197 196 -205 203 -491 491
23 493 -497 -211 209 -219 213 -495 491
24 475 -480 -215 213 -222 216 -481 478
25 483 -488 -218 217 -223 217 -488 487
26 512 -519 -240 236 -249 242 -515 514
27 513 -517 -226 224 -237 232 -517 516
28 507 -512 -225 224 -235 231 -512 510
29 498 -502 -229 228 -238 233 -501 499
30 485 -490 -237 235 -242 237 -487 486
31 471 -475 -240 240 -245 241 -476 473
32 486 -490 -252 250 -262 257 -494 492
33 478 -483 -254 252 -262 256 -481 480
34 484 -489 -236 235 -247 242 -488 485
35 489 -492 -210 209 -220 212 -493 492
36 496 -500 -203 203 -213 209 -499 498
37 502 -509 -183 183 -195 189 -508 506
38 504 -510 -175 176 -183 180 -504 506
39 486 -492 -178 176 -192 187 -491 490
40 474 -479 -223 222 -232 229 -476 476
41 454 -459 -264 265 -274 269 -455 452
42 417 -423 -295 293 -307 303 -422 420
