OSINK 22
1
12.01.21
Osova
0.0 0.0
0.0
0.00 0.00
-1.00 -1.00
0.00 0.00
20000.00
0.0
50
50
N
1
42
1 99 -115 110 -120 -32768 -32768 -32768 -32768
2 99 -115 110 -120 -32768 -32768 -32768 -32768
3 99 -114 110 -121 -32768 -32768 -32768 -32768
4 95 -114 110 -121 -32768 -32768 -32768 -32768
5 95 -114 110 -121 -32768 -32768 -32768 -32768
6 89 -106 118 -127 -32768 -32768 -32768 -32768
7 76 -93 130 -139 -32768 -32768 -32768 -32768
8 90 -104 129 -139 -32768 -32768 -32768 -32768
9 101 -117 130 -141 -32768 -32768 -32768 -32768
10 118 -135 122 -129 -32768 -32768 -32768 -32768
11 150 -167 114 -124 -32768 -32768 -32768 -32768
12 187 -203 93 -104 -32768 -32768 -32768 -32768
13 233 -245 57 -69 -32768 -32768 -32768 -32768
14 266 -282 47 -56 -32768 -32768 -32768 -32768
15 283 -299 7 -17 -32768 -32768 -32768 -32768
16 289 -312 -16 5 -32768 -32768 -32768 -32768
17 309 -324 -38 26 -32768 -32768 -32768 -32768
18 321 -336 -57 46 -32768 -32768 -32768 -32768
19 369 -391 -74 64 -32768 -32768 -32768 -32768
20 436 -455 -121 111 -32768 -32768 -32768 -32768
21 470 -483 -164 147 -32768 -32768 -32768 -32768
22 484 -501 -202 191 -32768 -32768 -32768 -32768
23 486 -502 -214 203 -32768 -32768 -32768 -32768
24 469 -491 -219 208 -32768 -32768 -32768 -32768
25 476 -491 -222 213 -32768 -32768 -32768 -32768
26 505 -525 -247 231 -32768 -32768 -32768 -32768
27 505 -524 -231 223 -32768 -32768 -32768 -32768
28 501 -516 -228 222 -32768 -32768 -32768 -32768
29 491 -507 -233 223 -32768 -32768 -32768 -32768
30 479 -497 -242 229 -32768 -32768 -32768 -32768
31 464 -479 -245 234 -32768 -32768 -32768 -32768
32 478 -496 -256 243 -32768 -32768 -32768 -32768
33 471 -489 -259 249 -32768 -32768 -32768 -32768
34 479 -494 -243 231 -32768 -32768 -32768 -32768
35 483 -497 -212 207 -32768 -32768 -32768 -32768
36 490 -505 -210 198 -32768 -32768 -32768 -32768
37 497 -513 -190 179 -32768 -32768 -32768 -32768
38 499 -515 -187 170 -32768 -32768 -32768 -32768
39 482 -498 -184 166 -32768 -32768 -32768 -32768
40 471 -485 -229 213 -32768 -32768 -32768 -32768
41 454 -466 -264 257 -32768 -32768 -32768 -32768
42 418 -428 -301 287 -32768 -32768 -32768 -32768
