OSINK 22
1
16.12.20
Osova
0.0 0.0
0.0
0.00 0.00
-1.00 -1.00
0.00 0.00
20000.00
0.0
50
50
N
1
42
1 96 -114 122 -119 -32768 -32768 -32768 -32768
2 96 -114 122 -118 -32768 -32768 -32768 -32768
3 96 -114 123 -118 -32768 -32768 -32768 -32768
4 96 -114 123 -118 -32768 -32768 -32768 -32768
5 96 -114 123 -118 -32768 -32768 -32768 -32768
6 87 -106 128 -122 -32768 -32768 -32768 -32768
7 76 -92 137 -132 -32768 -32768 -32768 -32768
8 89 -106 136 -132 -32768 -32768 -32768 -32768
9 102 -118 138 -134 -32768 -32768 -32768 -32768
10 120 -136 129 -124 -32768 -32768 -32768 -32768
11 154 -168 121 -117 -32768 -32768 -32768 -32768
12 189 -204 100 -96 -32768 -32768 -32768 -32768
13 235 -249 63 -61 -32768 -32768 -32768 -32768
14 267 -282 52 -49 -32768 -32768 -32768 -32768
15 283 -299 14 -9 -32768 -32768 -32768 -32768
16 295 -311 -10 13 -32768 -32768 -32768 -32768
17 309 -325 -33 37 -32768 -32768 -32768 -32768
18 323 -336 -52 53 -32768 -32768 -32768 -32768
19 378 -393 -69 73 -32768 -32768 -32768 -32768
20 444 -456 -121 121 -32768 -32768 -32768 -32768
21 474 -485 -161 157 -32768 -32768 -32768 -32768
22 484 -502 -197 201 -32768 -32768 -32768 -32768
23 486 -501 -205 211 -32768 -32768 -32768 -32768
24 470 -486 -214 217 -32768 -32768 -32768 -32768
25 476 -492 -216 221 -32768 -32768 -32768 -32768
26 510 -524 -241 239 -32768 -32768 -32768 -32768
27 504 -522 -226 230 -32768 -32768 -32768 -32768
28 501 -517 -222 228 -32768 -32768 -32768 -32768
29 490 -507 -227 232 -32768 -32768 -32768 -32768
30 477 -496 -236 238 -32768 -32768 -32768 -32768
31 465 -482 -239 245 -32768 -32768 -32768 -32768
32 480 -496 -248 251 -32768 -32768 -32768 -32768
33 473 -488 -252 256 -32768 -32768 -32768 -32768
34 478 -495 -232 237 -32768 -32768 -32768 -32768
35 483 -498 -207 213 -32768 -32768 -32768 -32768
36 489 -505 -202 207 -32768 -32768 -32768 -32768
37 497 -513 -181 189 -32768 -32768 -32768 -32768
38 499 -514 -176 178 -32768 -32768 -32768 -32768
39 481 -497 -174 177 -32768 -32768 -32768 -32768
40 469 -485 -218 225 -32768 -32768 -32768 -32768
41 450 -463 -262 267 -32768 -32768 -32768 -32768
42 409 -429 -295 296 -32768 -32768 -32768 -32768
