OSINK 22
1
30.09.20
Osova
0.0 0.0
0.0
0.00 0.00
-1.00 -1.00
0.00 0.00
20000.00
0.0
50
50
N
1
42
1 98 -103 141 -144 -32768 -32768 -32768 -32768
2 98 -104 141 -144 -32768 -32768 -32768 -32768
3 98 -104 141 -144 -32768 -32768 -32768 -32768
4 98 -104 141 -144 -32768 -32768 -32768 -32768
5 98 -104 140 -144 -32768 -32768 -32768 -32768
6 94 -98 127 -130 -32768 -32768 -32768 -32768
7 85 -91 130 -134 -32768 -32768 -32768 -32768
8 88 -93 136 -139 -32768 -32768 -32768 -32768
9 106 -111 131 -137 -32768 -32768 -32768 -32768
10 120 -124 128 -132 -32768 -32768 -32768 -32768
11 152 -157 117 -121 -32768 -32768 -32768 -32768
12 190 -193 100 -103 -32768 -32768 -32768 -32768
13 230 -236 64 -68 -32768 -32768 -32768 -32768
14 268 -273 54 -58 -32768 -32768 -32768 -32768
15 288 -293 12 -15 -32768 -32768 -32768 -32768
16 299 -305 -10 6 -32768 -32768 -32768 -32768
17 316 -319 -34 30 -32768 -32768 -32768 -32768
18 323 -328 -53 48 -32768 -32768 -32768 -32768
19 375 -379 -71 66 -32768 -32768 -32768 -32768
20 442 -448 -118 113 -32768 -32768 -32768 -32768
21 474 -477 -155 149 -32768 -32768 -32768 -32768
22 489 -494 -198 194 -32768 -32768 -32768 -32768
23 491 -496 -212 206 -32768 -32768 -32768 -32768
24 472 -478 -214 211 -32768 -32768 -32768 -32768
25 482 -487 -219 216 -32768 -32768 -32768 -32768
26 511 -518 -243 234 -32768 -32768 -32768 -32768
27 512 -516 -229 224 -32768 -32768 -32768 -32768
28 506 -511 -226 223 -32768 -32768 -32768 -32768
29 497 -502 -232 227 -32768 -32768 -32768 -32768
30 485 -489 -239 234 -32768 -32768 -32768 -32768
31 470 -475 -245 238 -32768 -32768 -32768 -32768
32 485 -490 -253 247 -32768 -32768 -32768 -32768
33 476 -482 -255 251 -32768 -32768 -32768 -32768
34 484 -488 -237 234 -32768 -32768 -32768 -32768
35 489 -493 -211 207 -32768 -32768 -32768 -32768
36 494 -500 -206 201 -32768 -32768 -32768 -32768
37 502 -507 -186 182 -32768 -32768 -32768 -32768
38 499 -509 -181 173 -32768 -32768 -32768 -32768
39 484 -491 -182 175 -32768 -32768 -32768 -32768
40 471 -479 -227 221 -32768 -32768 -32768 -32768
41 448 -458 -270 262 -32768 -32768 -32768 -32768
42 410 -422 -300 292 -32768 -32768 -32768 -32768
