OSINK 22
1
02.09.20
Osova
0.0 0.0
0.0
0.00 0.00
-1.00 -1.00
0.00 0.00
20000.00
0.0
50
50
N
1
42
1 83 -99 137 -141 -32768 -32768 -32768 -32768
2 84 -99 137 -141 -32768 -32768 -32768 -32768
3 84 -99 137 -142 -32768 -32768 -32768 -32768
4 84 -99 137 -142 -32768 -32768 -32768 -32768
5 84 -99 137 -142 -32768 -32768 -32768 -32768
6 89 -103 127 -132 -32768 -32768 -32768 -32768
7 80 -94 129 -135 -32768 -32768 -32768 -32768
8 83 -98 135 -139 -32768 -32768 -32768 -32768
9 102 -116 131 -138 -32768 -32768 -32768 -32768
10 115 -129 127 -132 -32768 -32768 -32768 -32768
11 147 -162 117 -122 -32768 -32768 -32768 -32768
12 183 -198 99 -105 -32768 -32768 -32768 -32768
13 227 -241 64 -70 -32768 -32768 -32768 -32768
14 264 -279 54 -59 -32768 -32768 -32768 -32768
15 284 -298 11 -16 -32768 -32768 -32768 -32768
16 294 -308 -11 5 -32768 -32768 -32768 -32768
17 310 -324 -34 30 -32768 -32768 -32768 -32768
18 319 -333 -53 48 -32768 -32768 -32768 -32768
19 370 -384 -71 65 -32768 -32768 -32768 -32768
20 437 -453 -118 111 -32768 -32768 -32768 -32768
21 468 -483 -153 148 -32768 -32768 -32768 -32768
22 486 -500 -198 193 -32768 -32768 -32768 -32768
23 489 -501 -212 206 -32768 -32768 -32768 -32768
24 470 -483 -217 211 -32768 -32768 -32768 -32768
25 477 -491 -220 215 -32768 -32768 -32768 -32768
26 507 -524 -243 234 -32768 -32768 -32768 -32768
27 507 -522 -229 223 -32768 -32768 -32768 -32768
28 502 -516 -225 221 -32768 -32768 -32768 -32768
29 492 -507 -231 226 -32768 -32768 -32768 -32768
30 480 -494 -239 233 -32768 -32768 -32768 -32768
31 466 -479 -242 238 -32768 -32768 -32768 -32768
32 481 -495 -252 247 -32768 -32768 -32768 -32768
33 475 -487 -254 250 -32768 -32768 -32768 -32768
34 480 -493 -237 234 -32768 -32768 -32768 -32768
35 484 -497 -211 207 -32768 -32768 -32768 -32768
36 490 -504 -206 201 -32768 -32768 -32768 -32768
37 499 -512 -184 181 -32768 -32768 -32768 -32768
38 497 -514 -181 172 -32768 -32768 -32768 -32768
39 482 -496 -182 174 -32768 -32768 -32768 -32768
40 470 -485 -227 220 -32768 -32768 -32768 -32768
41 449 -463 -267 262 -32768 -32768 -32768 -32768
42 413 -427 -297 292 -32768 -32768 -32768 -32768
