OSINK 22
1
07.10.20
Osova
0.0 0.0
0.0
0.00 0.00
-1.00 -1.00
0.00 0.00
20000.00
0.0
50
50
N
1
42
1 98 -108 143 -144 -32768 -32768 -32768 -32768
2 98 -109 143 -144 -32768 -32768 -32768 -32768
3 98 -109 143 -144 -32768 -32768 -32768 -32768
4 98 -109 143 -144 -32768 -32768 -32768 -32768
5 98 -108 143 -144 -32768 -32768 -32768 -32768
6 89 -99 129 -129 -32768 -32768 -32768 -32768
7 82 -92 131 -133 -32768 -32768 -32768 -32768
8 86 -94 137 -137 -32768 -32768 -32768 -32768
9 104 -113 134 -136 -32768 -32768 -32768 -32768
10 117 -126 130 -130 -32768 -32768 -32768 -32768
11 149 -160 119 -120 -32768 -32768 -32768 -32768
12 188 -195 102 -102 -32768 -32768 -32768 -32768
13 230 -239 66 -67 -32768 -32768 -32768 -32768
14 266 -276 56 -57 -32768 -32768 -32768 -32768
15 286 -295 13 -14 -32768 -32768 -32768 -32768
16 297 -306 -8 7 -32768 -32768 -32768 -32768
17 312 -321 -32 31 -32768 -32768 -32768 -32768
18 321 -331 -50 49 -32768 -32768 -32768 -32768
19 373 -382 -68 66 -32768 -32768 -32768 -32768
20 440 -451 -117 114 -32768 -32768 -32768 -32768
21 472 -480 -153 150 -32768 -32768 -32768 -32768
22 486 -497 -196 195 -32768 -32768 -32768 -32768
23 490 -498 -210 208 -32768 -32768 -32768 -32768
24 473 -481 -214 213 -32768 -32768 -32768 -32768
25 480 -489 -216 217 -32768 -32768 -32768 -32768
26 510 -520 -241 236 -32768 -32768 -32768 -32768
27 509 -519 -226 225 -32768 -32768 -32768 -32768
28 504 -514 -223 223 -32768 -32768 -32768 -32768
29 495 -505 -228 228 -32768 -32768 -32768 -32768
30 482 -492 -236 234 -32768 -32768 -32768 -32768
31 468 -478 -240 239 -32768 -32768 -32768 -32768
32 484 -493 -250 248 -32768 -32768 -32768 -32768
33 475 -485 -252 252 -32768 -32768 -32768 -32768
34 482 -491 -235 234 -32768 -32768 -32768 -32768
35 486 -495 -208 208 -32768 -32768 -32768 -32768
36 492 -502 -203 202 -32768 -32768 -32768 -32768
37 501 -510 -182 182 -32768 -32768 -32768 -32768
38 499 -511 -178 175 -32768 -32768 -32768 -32768
39 483 -493 -179 176 -32768 -32768 -32768 -32768
40 471 -482 -223 222 -32768 -32768 -32768 -32768
41 450 -461 -265 264 -32768 -32768 -32768 -32768
42 414 -425 -295 294 -32768 -32768 -32768 -32768
