OSINK 22
1
15.10.20
Osova
0.0 0.0
0.0
0.00 0.00
-1.00 -1.00
0.00 0.00
20000.00
0.0
50
50
N
1
42
1 97 -111 135 -130 -32768 -32768 -32768 -32768
2 97 -111 135 -130 -32768 -32768 -32768 -32768
3 97 -111 135 -130 -32768 -32768 -32768 -32768
4 97 -111 135 -129 -32768 -32768 -32768 -32768
5 97 -111 135 -129 -32768 -32768 -32768 -32768
6 89 -100 129 -126 -32768 -32768 -32768 -32768
7 81 -93 133 -131 -32768 -32768 -32768 -32768
8 84 -97 139 -135 -32768 -32768 -32768 -32768
9 103 -114 135 -134 -32768 -32768 -32768 -32768
10 116 -128 132 -128 -32768 -32768 -32768 -32768
11 147 -161 121 -119 -32768 -32768 -32768 -32768
12 185 -196 104 -101 -32768 -32768 -32768 -32768
13 228 -241 68 -66 -32768 -32768 -32768 -32768
14 265 -277 57 -55 -32768 -32768 -32768 -32768
15 284 -296 15 -12 -32768 -32768 -32768 -32768
16 295 -307 -6 9 -32768 -32768 -32768 -32768
17 311 -323 -30 33 -32768 -32768 -32768 -32768
18 320 -331 -48 51 -32768 -32768 -32768 -32768
19 371 -383 -65 68 -32768 -32768 -32768 -32768
20 440 -451 -114 115 -32768 -32768 -32768 -32768
21 472 -481 -150 151 -32768 -32768 -32768 -32768
22 486 -498 -194 196 -32768 -32768 -32768 -32768
23 489 -500 -207 210 -32768 -32768 -32768 -32768
24 471 -484 -212 215 -32768 -32768 -32768 -32768
25 479 -491 -215 218 -32768 -32768 -32768 -32768
26 507 -522 -240 238 -32768 -32768 -32768 -32768
27 510 -522 -224 226 -32768 -32768 -32768 -32768
28 498 -515 -220 225 -32768 -32768 -32768 -32768
29 493 -506 -232 229 -32768 -32768 -32768 -32768
30 483 -493 -233 236 -32768 -32768 -32768 -32768
31 467 -479 -238 241 -32768 -32768 -32768 -32768
32 483 -493 -243 250 -32768 -32768 -32768 -32768
33 475 -486 -250 254 -32768 -32768 -32768 -32768
34 481 -492 -233 237 -32768 -32768 -32768 -32768
35 485 -496 -206 211 -32768 -32768 -32768 -32768
36 491 -503 -201 204 -32768 -32768 -32768 -32768
37 500 -512 -181 185 -32768 -32768 -32768 -32768
38 500 -513 -174 176 -32768 -32768 -32768 -32768
39 482 -495 -177 177 -32768 -32768 -32768 -32768
40 471 -483 -221 223 -32768 -32768 -32768 -32768
41 449 -461 -263 266 -32768 -32768 -32768 -32768
42 413 -425 -293 296 -32768 -32768 -32768 -32768
