OSINK 22
1
07.04.21
Osova
0.0 0.0
0.0
0.00 0.00
-1.00 -1.00
0.00 0.00
20000.00
0.0
50
50
N
1
42
1 92 -121 117 -119 -32768 -32768 -32768 -32768
2 92 -121 117 -119 -32768 -32768 -32768 -32768
3 92 -120 117 -119 -32768 -32768 -32768 -32768
4 92 -120 117 -119 -32768 -32768 -32768 -32768
5 92 -120 117 -119 -32768 -32768 -32768 -32768
6 80 -110 126 -128 -32768 -32768 -32768 -32768
7 66 -98 138 -138 -32768 -32768 -32768 -32768
8 81 -112 134 -134 -32768 -32768 -32768 -32768
9 94 -124 136 -137 -32768 -32768 -32768 -32768
10 112 -142 126 -126 -32768 -32768 -32768 -32768
11 146 -177 118 -119 -32768 -32768 -32768 -32768
12 183 -213 97 -95 -32768 -32768 -32768 -32768
13 229 -258 59 -64 -32768 -32768 -32768 -32768
14 260 -291 49 -49 -32768 -32768 -32768 -32768
15 276 -306 10 -13 -32768 -32768 -32768 -32768
16 288 -319 -12 13 -32768 -32768 -32768 -32768
17 302 -331 -33 34 -32768 -32768 -32768 -32768
18 316 -348 -52 53 -32768 -32768 -32768 -32768
19 371 -403 -71 71 -32768 -32768 -32768 -32768
20 430 -467 -117 119 -32768 -32768 -32768 -32768
21 464 -494 -160 156 -32768 -32768 -32768 -32768
22 478 -509 -199 198 -32768 -32768 -32768 -32768
23 477 -506 -210 207 -32768 -32768 -32768 -32768
24 462 -492 -216 214 -32768 -32768 -32768 -32768
25 469 -500 -218 217 -32768 -32768 -32768 -32768
26 501 -533 -243 237 -32768 -32768 -32768 -32768
27 500 -528 -227 225 -32768 -32768 -32768 -32768
28 494 -524 -225 223 -32768 -32768 -32768 -32768
29 485 -514 -228 228 -32768 -32768 -32768 -32768
30 473 -500 -237 234 -32768 -32768 -32768 -32768
31 458 -489 -240 240 -32768 -32768 -32768 -32768
32 475 -504 -249 246 -32768 -32768 -32768 -32768
33 465 -494 -252 251 -32768 -32768 -32768 -32768
34 472 -502 -234 233 -32768 -32768 -32768 -32768
35 477 -505 -207 208 -32768 -32768 -32768 -32768
36 483 -512 -203 202 -32768 -32768 -32768 -32768
37 491 -520 -182 183 -32768 -32768 -32768 -32768
38 493 -522 -174 174 -32768 -32768 -32768 -32768
39 475 -504 -175 178 -32768 -32768 -32768 -32768
40 462 -491 -218 220 -32768 -32768 -32768 -32768
41 442 -467 -264 264 -32768 -32768 -32768 -32768
42 405 -436 -295 292 -32768 -32768 -32768 -32768
