OSINK 22
1
21.10.20
Osova
0.0 0.0
0.0
0.00 0.00
-1.00 -1.00
0.00 0.00
20000.00
0.0
50
50
N
1
42
1 106 -103 133 -125 -32768 -32768 -32768 -32768
2 107 -103 133 -125 -32768 -32768 -32768 -32768
3 107 -103 133 -125 -32768 -32768 -32768 -32768
4 107 -103 133 -125 -32768 -32768 -32768 -32768
5 107 -103 133 -125 -32768 -32768 -32768 -32768
6 95 -93 129 -122 -32768 -32768 -32768 -32768
7 88 -85 135 -129 -32768 -32768 -32768 -32768
8 92 -90 141 -133 -32768 -32768 -32768 -32768
9 110 -107 137 -133 -32768 -32768 -32768 -32768
10 124 -120 134 -127 -32768 -32768 -32768 -32768
11 155 -151 123 -116 -32768 -32768 -32768 -32768
12 193 -189 105 -99 -32768 -32768 -32768 -32768
13 236 -232 69 -64 -32768 -32768 -32768 -32768
14 272 -269 58 -52 -32768 -32768 -32768 -32768
15 293 -288 16 -10 -32768 -32768 -32768 -32768
16 303 -300 -5 11 -32768 -32768 -32768 -32768
17 319 -315 -28 36 -32768 -32768 -32768 -32768
18 328 -325 -46 53 -32768 -32768 -32768 -32768
19 380 -375 -64 70 -32768 -32768 -32768 -32768
20 446 -444 -112 118 -32768 -32768 -32768 -32768
21 477 -473 -149 154 -32768 -32768 -32768 -32768
22 494 -491 -192 199 -32768 -32768 -32768 -32768
23 496 -492 -206 211 -32768 -32768 -32768 -32768
24 480 -478 -210 216 -32768 -32768 -32768 -32768
25 487 -482 -213 220 -32768 -32768 -32768 -32768
26 516 -513 -237 240 -32768 -32768 -32768 -32768
27 517 -513 -222 228 -32768 -32768 -32768 -32768
28 511 -507 -219 228 -32768 -32768 -32768 -32768
29 501 -498 -225 231 -32768 -32768 -32768 -32768
30 488 -486 -232 238 -32768 -32768 -32768 -32768
31 474 -472 -236 243 -32768 -32768 -32768 -32768
32 490 -487 -246 251 -32768 -32768 -32768 -32768
33 482 -479 -249 256 -32768 -32768 -32768 -32768
34 489 -486 -231 237 -32768 -32768 -32768 -32768
35 493 -488 -205 212 -32768 -32768 -32768 -32768
36 499 -496 -200 206 -32768 -32768 -32768 -32768
37 508 -504 -179 186 -32768 -32768 -32768 -32768
38 508 -505 -171 178 -32768 -32768 -32768 -32768
39 491 -487 -176 180 -32768 -32768 -32768 -32768
40 478 -476 -220 226 -32768 -32768 -32768 -32768
41 457 -454 -262 268 -32768 -32768 -32768 -32768
42 420 -419 -292 297 -32768 -32768 -32768 -32768
