OSINK 22
1
10.02.21
Osova
0.0 0.0
0.0
0.00 0.00
-1.00 -1.00
0.00 0.00
20000.00
0.0
50
50
N
1
42
1 95 -119 118 -114 -32768 -32768 -32768 -32768
2 95 -119 118 -114 -32768 -32768 -32768 -32768
3 95 -119 118 -114 -32768 -32768 -32768 -32768
4 96 -119 118 -113 -32768 -32768 -32768 -32768
5 96 -119 118 -114 -32768 -32768 -32768 -32768
6 84 -108 128 -124 -32768 -32768 -32768 -32768
7 71 -95 138 -133 -32768 -32768 -32768 -32768
8 92 -116 137 -132 -32768 -32768 -32768 -32768
9 100 -121 138 -135 -32768 -32768 -32768 -32768
10 121 -142 125 -122 -32768 -32768 -32768 -32768
11 153 -174 119 -115 -32768 -32768 -32768 -32768
12 189 -214 94 -89 -32768 -32768 -32768 -32768
13 234 -258 62 -59 -32768 -32768 -32768 -32768
14 265 -289 50 -47 -32768 -32768 -32768 -32768
15 279 -304 11 -8 -32768 -32768 -32768 -32768
16 297 -319 -17 18 -32768 -32768 -32768 -32768
17 304 -326 -34 37 -32768 -32768 -32768 -32768
18 322 -350 -52 57 -32768 -32768 -32768 -32768
19 376 -402 -69 76 -32768 -32768 -32768 -32768
20 438 -464 -121 125 -32768 -32768 -32768 -32768
21 468 -493 -165 162 -32768 -32768 -32768 -32768
22 487 -506 -201 201 -32768 -32768 -32768 -32768
23 480 -500 -206 211 -32768 -32768 -32768 -32768
24 465 -489 -214 218 -32768 -32768 -32768 -32768
25 473 -497 -216 222 -32768 -32768 -32768 -32768
26 506 -528 -240 238 -32768 -32768 -32768 -32768
27 503 -525 -226 229 -32768 -32768 -32768 -32768
28 497 -519 -221 224 -32768 -32768 -32768 -32768
29 488 -509 -227 233 -32768 -32768 -32768 -32768
30 471 -490 -235 238 -32768 -32768 -32768 -32768
31 464 -486 -243 246 -32768 -32768 -32768 -32768
32 478 -502 -247 249 -32768 -32768 -32768 -32768
33 468 -486 -251 250 -32768 -32768 -32768 -32768
34 474 -501 -234 233 -32768 -32768 -32768 -32768
35 479 -504 -208 209 -32768 -32768 -32768 -32768
36 485 -509 -202 204 -32768 -32768 -32768 -32768
37 494 -518 -180 184 -32768 -32768 -32768 -32768
38 495 -518 -171 172 -32768 -32768 -32768 -32768
39 477 -499 -176 182 -32768 -32768 -32768 -32768
40 465 -489 -218 226 -32768 -32768 -32768 -32768
41 446 -467 -262 265 -32768 -32768 -32768 -32768
42 410 -434 -292 294 -32768 -32768 -32768 -32768
