OSINK 22
1
09.09.20
Osova
0.0 0.0
0.0
0.00 0.00
-1.00 -1.00
0.00 0.00
20000.00
0.0
50
50
N
1
42
1 86 -104 151 -151 -32768 -32768 -32768 -32768
2 86 -103 151 -150 -32768 -32768 -32768 -32768
3 86 -103 151 -150 -32768 -32768 -32768 -32768
4 77 -103 150 -150 -32768 -32768 -32768 -32768
5 86 -103 150 -150 -32768 -32768 -32768 -32768
6 85 -105 127 -128 -32768 -32768 -32768 -32768
7 79 -97 132 -134 -32768 -32768 -32768 -32768
8 81 -101 136 -137 -32768 -32768 -32768 -32768
9 103 -118 133 -137 -32768 -32768 -32768 -32768
10 114 -131 129 -131 -32768 -32768 -32768 -32768
11 145 -164 119 -120 -32768 -32768 -32768 -32768
12 183 -200 101 -103 -32768 -32768 -32768 -32768
13 226 -243 65 -68 -32768 -32768 -32768 -32768
14 261 -280 55 -57 -32768 -32768 -32768 -32768
15 280 -299 12 -14 -32768 -32768 -32768 -32768
16 292 -310 -10 7 -32768 -32768 -32768 -32768
17 308 -327 -33 31 -32768 -32768 -32768 -32768
18 317 -335 -51 50 -32768 -32768 -32768 -32768
19 368 -383 -70 67 -32768 -32768 -32768 -32768
20 437 -455 -117 114 -32768 -32768 -32768 -32768
21 467 -484 -154 150 -32768 -32768 -32768 -32768
22 483 -502 -198 195 -32768 -32768 -32768 -32768
23 485 -502 -211 208 -32768 -32768 -32768 -32768
24 466 -487 -217 213 -32768 -32768 -32768 -32768
25 475 -494 -218 217 -32768 -32768 -32768 -32768
26 504 -527 -241 236 -32768 -32768 -32768 -32768
27 505 -523 -227 227 -32768 -32768 -32768 -32768
28 500 -516 -225 225 -32768 -32768 -32768 -32768
29 490 -509 -229 228 -32768 -32768 -32768 -32768
30 478 -497 -238 236 -32768 -32768 -32768 -32768
31 464 -482 -241 240 -32768 -32768 -32768 -32768
32 480 -497 -252 249 -32768 -32768 -32768 -32768
33 471 -489 -254 253 -32768 -32768 -32768 -32768
34 477 -495 -237 235 -32768 -32768 -32768 -32768
35 481 -500 -210 209 -32768 -32768 -32768 -32768
36 488 -506 -205 203 -32768 -32768 -32768 -32768
37 496 -514 -185 184 -32768 -32768 -32768 -32768
38 497 -516 -178 174 -32768 -32768 -32768 -32768
39 479 -497 -180 177 -32768 -32768 -32768 -32768
40 467 -486 -225 223 -32768 -32768 -32768 -32768
41 446 -463 -266 265 -32768 -32768 -32768 -32768
42 410 -425 -297 295 -32768 -32768 -32768 -32768
