OSINK 22
1
16.09.20
Osova
0.0 0.0
0.0
0.00 0.00
-1.00 -1.00
0.00 0.00
20000.00
0.0
50
50
N
1
42
1 95 -104 152 -144 -32768 -32768 -32768 -32768
2 95 -105 152 -143 -32768 -32768 -32768 -32768
3 95 -105 152 -143 -32768 -32768 -32768 -32768
4 95 -105 152 -143 -32768 -32768 -32768 -32768
5 95 -105 151 -142 -32768 -32768 -32768 -32768
6 92 -99 133 -124 -32768 -32768 -32768 -32768
7 84 -90 136 -129 -32768 -32768 -32768 -32768
8 87 -95 141 -133 -32768 -32768 -32768 -32768
9 106 -112 138 -132 -32768 -32768 -32768 -32768
10 119 -126 134 -127 -32768 -32768 -32768 -32768
11 149 -158 123 -117 -32768 -32768 -32768 -32768
12 188 -194 107 -99 -32768 -32768 -32768 -32768
13 230 -237 70 -63 -32768 -32768 -32768 -32768
14 266 -275 61 -53 -32768 -32768 -32768 -32768
15 286 -294 19 -11 -32768 -32768 -32768 -32768
16 298 -305 -4 11 -32768 -32768 -32768 -32768
17 313 -321 -27 37 -32768 -32768 -32768 -32768
18 322 -329 -46 55 -32768 -32768 -32768 -32768
19 375 -380 -64 71 -32768 -32768 -32768 -32768
20 442 -448 -112 118 -32768 -32768 -32768 -32768
21 473 -479 -148 154 -32768 -32768 -32768 -32768
22 488 -497 -192 200 -32768 -32768 -32768 -32768
23 491 -498 -206 212 -32768 -32768 -32768 -32768
24 474 -481 -210 217 -32768 -32768 -32768 -32768
25 480 -488 -213 221 -32768 -32768 -32768 -32768
26 510 -518 -236 241 -32768 -32768 -32768 -32768
27 511 -518 -222 229 -32768 -32768 -32768 -32768
28 506 -511 -219 228 -32768 -32768 -32768 -32768
29 495 -503 -224 233 -32768 -32768 -32768 -32768
30 483 -490 -233 240 -32768 -32768 -32768 -32768
31 470 -475 -235 244 -32768 -32768 -32768 -32768
32 486 -491 -246 253 -32768 -32768 -32768 -32768
33 477 -483 -248 257 -32768 -32768 -32768 -32768
34 483 -491 -231 239 -32768 -32768 -32768 -32768
35 487 -494 -205 214 -32768 -32768 -32768 -32768
36 494 -501 -199 207 -32768 -32768 -32768 -32768
37 502 -509 -179 188 -32768 -32768 -32768 -32768
38 502 -510 -172 180 -32768 -32768 -32768 -32768
39 486 -492 -174 181 -32768 -32768 -32768 -32768
40 473 -480 -219 226 -32768 -32768 -32768 -32768
41 452 -458 -260 269 -32768 -32768 -32768 -32768
42 416 -422 -291 299 -32768 -32768 -32768 -32768
