OSINK 22
1
25.08.20
Osova
0.0 0.0
0.0
0.00 0.00
-1.00 -1.00
0.00 0.00
20000.00
0.0
50
50
N
1
42
1 90 -101 131 -144 -32768 -32768 -32768 -32768
2 90 -101 131 -144 -32768 -32768 -32768 -32768
3 87 -100 131 -144 -32768 -32768 -32768 -32768
4 87 -100 131 -144 -32768 -32768 -32768 -32768
5 89 -100 132 -144 -32768 -32768 -32768 -32768
6 91 -101 120 -134 -32768 -32768 -32768 -32768
7 83 -92 123 -137 -32768 -32768 -32768 -32768
8 86 -96 129 -142 -32768 -32768 -32768 -32768
9 105 -114 126 -141 -32768 -32768 -32768 -32768
10 117 -126 121 -135 -32768 -32768 -32768 -32768
11 149 -161 111 -125 -32768 -32768 -32768 -32768
12 188 -196 94 -107 -32768 -32768 -32768 -32768
13 230 -240 58 -72 -32768 -32768 -32768 -32768
14 266 -276 47 -62 -32768 -32768 -32768 -32768
15 285 -296 7 -19 -32768 -32768 -32768 -32768
16 297 -307 -16 2 -32768 -32768 -32768 -32768
17 313 -323 -40 26 -32768 -32768 -32768 -32768
18 322 -332 -49 45 -32768 -32768 -32768 -32768
19 374 -382 -76 62 -32768 -32768 -32768 -32768
20 442 -451 -123 109 -32768 -32768 -32768 -32768
21 473 -481 -160 146 -32768 -32768 -32768 -32768
22 488 -499 -204 191 -32768 -32768 -32768 -32768
23 490 -499 -218 204 -32768 -32768 -32768 -32768
24 473 -484 -222 209 -32768 -32768 -32768 -32768
25 481 -489 -225 212 -32768 -32768 -32768 -32768
26 512 -520 -250 232 -32768 -32768 -32768 -32768
27 511 -520 -234 220 -32768 -32768 -32768 -32768
28 506 -516 -231 220 -32768 -32768 -32768 -32768
29 496 -507 -236 226 -32768 -32768 -32768 -32768
30 484 -492 -244 231 -32768 -32768 -32768 -32768
31 469 -478 -247 235 -32768 -32768 -32768 -32768
32 485 -494 -258 244 -32768 -32768 -32768 -32768
33 476 -486 -261 248 -32768 -32768 -32768 -32768
34 482 -492 -243 231 -32768 -32768 -32768 -32768
35 488 -496 -216 204 -32768 -32768 -32768 -32768
36 494 -503 -211 199 -32768 -32768 -32768 -32768
37 502 -511 -190 180 -32768 -32768 -32768 -32768
38 503 -512 -183 171 -32768 -32768 -32768 -32768
39 485 -495 -186 172 -32768 -32768 -32768 -32768
40 473 -482 -231 219 -32768 -32768 -32768 -32768
41 451 -462 -273 261 -32768 -32768 -32768 -32768
42 414 -426 -300 291 -32768 -32768 -32768 -32768
