OSINK 5A
1
02.03.21
Osova
0.0 0.0
0.0
0.00 0.00
-1.00 -1.00
0.00 0.00
20000.00
0.0
50
50
N
1
52
1 -109 112 -155 161 -32768 -32768 -32768 -32768
2 -113 110 -160 163 -32768 -32768 -32768 -32768
3 -113 110 -160 163 -32768 -32768 -32768 -32768
4 -113 110 -160 163 -32768 -32768 -32768 -32768
5 -122 107 -146 150 -32768 -32768 -32768 -32768
6 -110 88 -100 101 -32768 -32768 -32768 -32768
7 -30 7 -19 26 -32768 -32768 -32768 -32768
8 48 -68 25 -19 -32768 -32768 -32768 -32768
9 82 -103 7 -1 -32768 -32768 -32768 -32768
10 121 -141 40 -31 -32768 -32768 -32768 -32768
11 160 -179 52 -46 -32768 -32768 -32768 -32768
12 184 -204 74 -68 -32768 -32768 -32768 -32768
13 212 -232 105 -99 -32768 -32768 -32768 -32768
14 248 -268 120 -111 -32768 -32768 -32768 -32768
15 291 -309 116 -114 -32768 -32768 -32768 -32768
16 273 -290 101 -93 -32768 -32768 -32768 -32768
17 227 -245 60 -55 -32768 -32768 -32768 -32768
18 201 -219 61 -55 -32768 -32768 -32768 -32768
19 171 -193 57 -50 -32768 -32768 -32768 -32768
20 178 -198 72 -65 -32768 -32768 -32768 -32768
21 241 -259 39 -35 -32768 -32768 -32768 -32768
22 261 -281 41 -31 -32768 -32768 -32768 -32768
23 278 -299 34 -29 -32768 -32768 -32768 -32768
24 292 -311 25 -19 -32768 -32768 -32768 -32768
25 311 -331 23 -16 -32768 -32768 -32768 -32768
26 341 -360 29 -20 -32768 -32768 -32768 -32768
27 344 -365 37 -31 -32768 -32768 -32768 -32768
28 385 -402 91 -83 -32768 -32768 -32768 -32768
29 419 -439 127 -120 -32768 -32768 -32768 -32768
30 440 -458 146 -140 -32768 -32768 -32768 -32768
31 458 -480 178 -173 -32768 -32768 -32768 -32768
32 484 -504 212 -206 -32768 -32768 -32768 -32768
33 458 -476 247 -241 -32768 -32768 -32768 -32768
34 448 -464 253 -246 -32768 -32768 -32768 -32768
35 455 -474 246 -239 -32768 -32768 -32768 -32768
36 455 -474 232 -226 -32768 -32768 -32768 -32768
37 451 -469 228 -226 -32768 -32768 -32768 -32768
38 439 -460 251 -246 -32768 -32768 -32768 -32768
39 414 -432 230 -223 -32768 -32768 -32768 -32768
40 412 -431 243 -237 -32768 -32768 -32768 -32768
41 415 -434 236 -232 -32768 -32768 -32768 -32768
42 421 -441 236 -228 -32768 -32768 -32768 -32768
43 420 -440 238 -235 -32768 -32768 -32768 -32768
44 425 -446 241 -234 -32768 -32768 -32768 -32768
45 428 -449 226 -220 -32768 -32768 -32768 -32768
46 525 -545 238 -231 -32768 -32768 -32768 -32768
47 494 -514 240 -234 -32768 -32768 -32768 -32768
48 391 -404 223 -215 -32768 -32768 -32768 -32768
49 426 -444 194 -189 -32768 -32768 -32768 -32768
50 430 -451 228 -220 -32768 -32768 -32768 -32768
51 404 -424 238 -230 -32768 -32768 -32768 -32768
52 424 -444 224 -218 -32768 -32768 -32768 -32768
