OSINK 5A
1
27.01.21
Osova
0.0 0.0
0.0
0.00 0.00
-1.00 -1.00
0.00 0.00
20000.00
0.0
50
50
N
1
52
1 -142 113 -145 156 -32768 -32768 -32768 -32768
2 -142 113 -145 156 -32768 -32768 -32768 -32768
3 -142 113 -145 155 -32768 -32768 -32768 -32768
4 -142 113 -145 155 -32768 -32768 -32768 -32768
5 -128 102 -145 148 -32768 -32768 -32768 -32768
6 -107 83 -96 100 -32768 -32768 -32768 -32768
7 -23 1 -15 21 -32768 -32768 -32768 -32768
8 49 -75 23 -17 -32768 -32768 -32768 -32768
9 81 -110 7 -3 -32768 -32768 -32768 -32768
10 117 -147 38 -33 -32768 -32768 -32768 -32768
11 160 -186 52 -48 -32768 -32768 -32768 -32768
12 183 -210 76 -71 -32768 -32768 -32768 -32768
13 212 -240 107 -102 -32768 -32768 -32768 -32768
14 244 -277 118 -111 -32768 -32768 -32768 -32768
15 287 -317 115 -120 -32768 -32768 -32768 -32768
16 270 -295 99 -96 -32768 -32768 -32768 -32768
17 221 -247 59 -56 -32768 -32768 -32768 -32768
18 194 -221 59 -56 -32768 -32768 -32768 -32768
19 169 -195 58 -51 -32768 -32768 -32768 -32768
20 172 -200 71 -66 -32768 -32768 -32768 -32768
21 236 -263 38 -35 -32768 -32768 -32768 -32768
22 258 -284 39 -33 -32768 -32768 -32768 -32768
23 274 -301 33 -29 -32768 -32768 -32768 -32768
24 286 -313 24 -20 -32768 -32768 -32768 -32768
25 307 -333 22 -17 -32768 -32768 -32768 -32768
26 337 -363 27 -21 -32768 -32768 -32768 -32768
27 342 -368 38 -32 -32768 -32768 -32768 -32768
28 380 -405 90 -85 -32768 -32768 -32768 -32768
29 416 -442 125 -121 -32768 -32768 -32768 -32768
30 434 -460 146 -141 -32768 -32768 -32768 -32768
31 455 -484 181 -175 -32768 -32768 -32768 -32768
32 481 -505 210 -208 -32768 -32768 -32768 -32768
33 451 -478 248 -242 -32768 -32768 -32768 -32768
34 442 -469 251 -247 -32768 -32768 -32768 -32768
35 450 -474 245 -240 -32768 -32768 -32768 -32768
36 452 -478 231 -226 -32768 -32768 -32768 -32768
37 445 -473 227 -227 -32768 -32768 -32768 -32768
38 434 -461 250 -246 -32768 -32768 -32768 -32768
39 408 -434 229 -224 -32768 -32768 -32768 -32768
40 409 -435 242 -237 -32768 -32768 -32768 -32768
41 411 -437 236 -231 -32768 -32768 -32768 -32768
42 418 -444 234 -229 -32768 -32768 -32768 -32768
43 417 -444 237 -236 -32768 -32768 -32768 -32768
44 423 -449 237 -234 -32768 -32768 -32768 -32768
45 427 -452 226 -221 -32768 -32768 -32768 -32768
46 522 -548 235 -232 -32768 -32768 -32768 -32768
47 495 -519 238 -234 -32768 -32768 -32768 -32768
48 384 -408 219 -214 -32768 -32768 -32768 -32768
49 424 -451 193 -190 -32768 -32768 -32768 -32768
50 426 -453 226 -222 -32768 -32768 -32768 -32768
51 401 -428 236 -231 -32768 -32768 -32768 -32768
52 420 -448 222 -218 -32768 -32768 -32768 -32768
