OSINK 5A
1
25.11.20
Osova
0.0 0.0
0.0
0.00 0.00
-1.00 -1.00
0.00 0.00
20000.00
0.0
50
50
N
1
52
1 -99 101 -99 114 -32768 -32768 -32768 -32768
2 -99 101 -99 114 -32768 -32768 -32768 -32768
3 -99 100 -99 113 -32768 -32768 -32768 -32768
4 -99 101 -99 113 -32768 -32768 -32768 -32768
5 -117 118 -144 153 -32768 -32768 -32768 -32768
6 -96 102 -95 109 -32768 -32768 -32768 -32768
7 -17 18 -18 28 -32768 -32768 -32768 -32768
8 59 -57 27 -17 -32768 -32768 -32768 -32768
9 93 -89 8 2 -32768 -32768 -32768 -32768
10 126 -125 37 -26 -32768 -32768 -32768 -32768
11 170 -167 55 -45 -32768 -32768 -32768 -32768
12 192 -191 75 -65 -32768 -32768 -32768 -32768
13 221 -219 106 -96 -32768 -32768 -32768 -32768
14 256 -248 123 -114 -32768 -32768 -32768 -32768
15 295 -295 115 -112 -32768 -32768 -32768 -32768
16 278 -274 101 -87 -32768 -32768 -32768 -32768
17 222 -227 59 -52 -32768 -32768 -32768 -32768
18 202 -200 58 -50 -32768 -32768 -32768 -32768
19 174 -173 54 -46 -32768 -32768 -32768 -32768
20 177 -175 73 -63 -32768 -32768 -32768 -32768
21 240 -236 39 -30 -32768 -32768 -32768 -32768
22 257 -255 40 -27 -32768 -32768 -32768 -32768
23 272 -270 33 -25 -32768 -32768 -32768 -32768
24 286 -284 26 -16 -32768 -32768 -32768 -32768
25 304 -300 23 -12 -32768 -32768 -32768 -32768
26 337 -334 30 -17 -32768 -32768 -32768 -32768
27 340 -338 30 -25 -32768 -32768 -32768 -32768
28 378 -376 86 -77 -32768 -32768 -32768 -32768
29 415 -413 125 -116 -32768 -32768 -32768 -32768
30 436 -435 147 -138 -32768 -32768 -32768 -32768
31 451 -452 175 -167 -32768 -32768 -32768 -32768
32 486 -481 208 -200 -32768 -32768 -32768 -32768
33 453 -451 248 -237 -32768 -32768 -32768 -32768
34 445 -442 253 -243 -32768 -32768 -32768 -32768
35 452 -448 246 -236 -32768 -32768 -32768 -32768
36 457 -453 235 -222 -32768 -32768 -32768 -32768
37 452 -448 228 -221 -32768 -32768 -32768 -32768
38 445 -444 255 -242 -32768 -32768 -32768 -32768
39 417 -412 227 -219 -32768 -32768 -32768 -32768
40 417 -414 242 -232 -32768 -32768 -32768 -32768
41 421 -418 237 -226 -32768 -32768 -32768 -32768
42 430 -426 237 -226 -32768 -32768 -32768 -32768
43 429 -425 239 -233 -32768 -32768 -32768 -32768
44 431 -432 244 -230 -32768 -32768 -32768 -32768
45 439 -437 225 -214 -32768 -32768 -32768 -32768
46 527 -522 235 -226 -32768 -32768 -32768 -32768
47 515 -513 238 -227 -32768 -32768 -32768 -32768
48 403 -396 226 -214 -32768 -32768 -32768 -32768
49 435 -436 196 -188 -32768 -32768 -32768 -32768
50 443 -440 226 -217 -32768 -32768 -32768 -32768
51 416 -412 237 -227 -32768 -32768 -32768 -32768
52 435 -434 221 -212 -32768 -32768 -32768 -32768
