OSINK 5A
1
19.05.21
Osova
0.0 0.0
0.0
0.00 0.00
-1.00 -1.00
0.00 0.00
20000.00
0.0
50
50
N
1
52
1 -124 116 -149 162 -32768 -32768 -32768 -32768
2 -124 116 -148 162 -32768 -32768 -32768 -32768
3 -126 116 -148 162 -32768 -32768 -32768 -32768
4 -127 115 -148 158 -32768 -32768 -32768 -32768
5 -127 102 -137 155 -32768 -32768 -32768 -32768
6 -105 83 -90 105 -32768 -32768 -32768 -32768
7 -15 1 -4 25 -32768 -32768 -32768 -32768
8 49 -71 30 -13 -32768 -32768 -32768 -32768
9 86 -105 14 2 -32768 -32768 -32768 -32768
10 123 -144 47 -27 -32768 -32768 -32768 -32768
11 162 -182 58 -42 -32768 -32768 -32768 -32768
12 183 -201 80 -66 -32768 -32768 -32768 -32768
13 212 -234 113 -96 -32768 -32768 -32768 -32768
14 248 -270 124 -107 -32768 -32768 -32768 -32768
15 291 -315 123 -114 -32768 -32768 -32768 -32768
16 273 -291 108 -85 -32768 -32768 -32768 -32768
17 228 -246 67 -50 -32768 -32768 -32768 -32768
18 202 -220 67 -50 -32768 -32768 -32768 -32768
19 174 -195 63 -46 -32768 -32768 -32768 -32768
20 177 -200 78 -60 -32768 -32768 -32768 -32768
21 243 -264 45 -31 -32768 -32768 -32768 -32768
22 264 -286 46 -25 -32768 -32768 -32768 -32768
23 283 -303 40 -22 -32768 -32768 -32768 -32768
24 295 -314 31 -14 -32768 -32768 -32768 -32768
25 317 -337 29 -11 -32768 -32768 -32768 -32768
26 344 -365 34 -15 -32768 -32768 -32768 -32768
27 346 -370 41 -30 -32768 -32768 -32768 -32768
28 386 -408 98 -81 -32768 -32768 -32768 -32768
29 422 -444 133 -115 -32768 -32768 -32768 -32768
30 441 -460 153 -136 -32768 -32768 -32768 -32768
31 462 -483 189 -168 -32768 -32768 -32768 -32768
32 487 -504 217 -203 -32768 -32768 -32768 -32768
33 457 -477 255 -237 -32768 -32768 -32768 -32768
34 448 -467 257 -240 -32768 -32768 -32768 -32768
35 456 -476 249 -231 -32768 -32768 -32768 -32768
36 457 -476 238 -220 -32768 -32768 -32768 -32768
37 451 -470 234 -221 -32768 -32768 -32768 -32768
38 440 -460 256 -241 -32768 -32768 -32768 -32768
39 413 -432 235 -219 -32768 -32768 -32768 -32768
40 413 -433 248 -231 -32768 -32768 -32768 -32768
41 415 -436 243 -224 -32768 -32768 -32768 -32768
42 423 -444 241 -220 -32768 -32768 -32768 -32768
43 420 -442 244 -228 -32768 -32768 -32768 -32768
44 424 -445 245 -226 -32768 -32768 -32768 -32768
45 430 -454 232 -217 -32768 -32768 -32768 -32768
46 526 -552 245 -214 -32768 -32768 -32768 -32768
47 493 -514 247 -217 -32768 -32768 -32768 -32768
48 391 -410 229 -202 -32768 -32768 -32768 -32768
49 424 -447 198 -182 -32768 -32768 -32768 -32768
50 429 -446 232 -219 -32768 -32768 -32768 -32768
51 404 -427 242 -226 -32768 -32768 -32768 -32768
52 426 -438 226 -208 -32768 -32768 -32768 -32768
