OSINK 5A
1
21.04.21
Osova
0.0 0.0
0.0
0.00 0.00
-1.00 -1.00
0.00 0.00
20000.00
0.0
50
50
N
1
52
1 -141 125 -121 159 -32768 -32768 -32768 -32768
2 -142 125 -134 159 -32768 -32768 -32768 -32768
3 -142 125 -134 159 -32768 -32768 -32768 -32768
4 -142 125 -134 159 -32768 -32768 -32768 -32768
5 -118 106 -145 156 -32768 -32768 -32768 -32768
6 -99 82 -89 106 -32768 -32768 -32768 -32768
7 -23 4 -6 28 -32768 -32768 -32768 -32768
8 51 -71 30 -12 -32768 -32768 -32768 -32768
9 84 -105 13 3 -32768 -32768 -32768 -32768
10 123 -143 46 -26 -32768 -32768 -32768 -32768
11 161 -179 59 -40 -32768 -32768 -32768 -32768
12 183 -204 83 -64 -32768 -32768 -32768 -32768
13 213 -232 115 -94 -32768 -32768 -32768 -32768
14 249 -270 124 -106 -32768 -32768 -32768 -32768
15 291 -308 123 -108 -32768 -32768 -32768 -32768
16 274 -291 112 -87 -32768 -32768 -32768 -32768
17 227 -245 68 -50 -32768 -32768 -32768 -32768
18 203 -222 68 -50 -32768 -32768 -32768 -32768
19 175 -193 64 -45 -32768 -32768 -32768 -32768
20 178 -198 78 -61 -32768 -32768 -32768 -32768
21 244 -262 45 -31 -32768 -32768 -32768 -32768
22 264 -283 47 -25 -32768 -32768 -32768 -32768
23 283 -301 42 -23 -32768 -32768 -32768 -32768
24 291 -313 32 -13 -32768 -32768 -32768 -32768
25 316 -335 30 -11 -32768 -32768 -32768 -32768
26 344 -363 34 -14 -32768 -32768 -32768 -32768
27 348 -370 45 -30 -32768 -32768 -32768 -32768
28 388 -406 101 -80 -32768 -32768 -32768 -32768
29 423 -441 135 -114 -32768 -32768 -32768 -32768
30 441 -459 156 -135 -32768 -32768 -32768 -32768
31 461 -480 189 -167 -32768 -32768 -32768 -32768
32 487 -505 219 -201 -32768 -32768 -32768 -32768
33 457 -477 257 -237 -32768 -32768 -32768 -32768
34 448 -466 259 -241 -32768 -32768 -32768 -32768
35 456 -474 252 -232 -32768 -32768 -32768 -32768
36 457 -475 240 -220 -32768 -32768 -32768 -32768
37 451 -469 235 -220 -32768 -32768 -32768 -32768
38 441 -459 257 -242 -32768 -32768 -32768 -32768
39 414 -431 237 -219 -32768 -32768 -32768 -32768
40 414 -432 249 -231 -32768 -32768 -32768 -32768
41 415 -435 244 -224 -32768 -32768 -32768 -32768
42 422 -440 243 -222 -32768 -32768 -32768 -32768
43 422 -440 246 -230 -32768 -32768 -32768 -32768
44 427 -445 245 -224 -32768 -32768 -32768 -32768
45 431 -449 234 -214 -32768 -32768 -32768 -32768
46 526 -545 246 -226 -32768 -32768 -32768 -32768
47 498 -512 249 -229 -32768 -32768 -32768 -32768
48 389 -406 228 -208 -32768 -32768 -32768 -32768
49 427 -442 201 -182 -32768 -32768 -32768 -32768
50 430 -450 233 -216 -32768 -32768 -32768 -32768
51 405 -423 244 -225 -32768 -32768 -32768 -32768
52 426 -443 228 -212 -32768 -32768 -32768 -32768
