OSINK 5A
1
19.01.21
Osova
0.0 0.0
0.0
0.00 0.00
-1.00 -1.00
0.00 0.00
20000.00
0.0
50
50
N
1
52
1 -103 101 -138 141 -32768 -32768 -32768 -32768
2 -103 101 -138 141 -32768 -32768 -32768 -32768
3 -104 101 -135 141 -32768 -32768 -32768 -32768
4 -104 103 -135 141 -32768 -32768 -32768 -32768
5 -113 109 -146 150 -32768 -32768 -32768 -32768
6 -100 96 -106 107 -32768 -32768 -32768 -32768
7 -15 10 -23 26 -32768 -32768 -32768 -32768
8 62 -64 22 -18 -32768 -32768 -32768 -32768
9 94 -97 5 0 -32768 -32768 -32768 -32768
10 130 -135 35 -30 -32768 -32768 -32768 -32768
11 171 -173 49 -44 -32768 -32768 -32768 -32768
12 195 -198 72 -68 -32768 -32768 -32768 -32768
13 223 -228 104 -100 -32768 -32768 -32768 -32768
14 258 -262 115 -110 -32768 -32768 -32768 -32768
15 295 -302 115 -115 -32768 -32768 -32768 -32768
16 281 -282 98 -94 -32768 -32768 -32768 -32768
17 234 -236 58 -55 -32768 -32768 -32768 -32768
18 206 -209 58 -55 -32768 -32768 -32768 -32768
19 179 -182 56 -49 -32768 -32768 -32768 -32768
20 184 -186 69 -65 -32768 -32768 -32768 -32768
21 246 -247 37 -35 -32768 -32768 -32768 -32768
22 266 -267 38 -32 -32768 -32768 -32768 -32768
23 283 -284 31 -28 -32768 -32768 -32768 -32768
24 295 -298 23 -19 -32768 -32768 -32768 -32768
25 316 -315 20 -15 -32768 -32768 -32768 -32768
26 345 -349 24 -20 -32768 -32768 -32768 -32768
27 349 -352 36 -31 -32768 -32768 -32768 -32768
28 388 -391 87 -84 -32768 -32768 -32768 -32768
29 423 -427 124 -118 -32768 -32768 -32768 -32768
30 443 -446 146 -139 -32768 -32768 -32768 -32768
31 465 -467 181 -173 -32768 -32768 -32768 -32768
32 489 -491 210 -206 -32768 -32768 -32768 -32768
33 459 -463 248 -242 -32768 -32768 -32768 -32768
34 450 -453 251 -246 -32768 -32768 -32768 -32768
35 458 -461 243 -239 -32768 -32768 -32768 -32768
36 461 -461 230 -226 -32768 -32768 -32768 -32768
37 455 -457 227 -226 -32768 -32768 -32768 -32768
38 444 -446 250 -245 -32768 -32768 -32768 -32768
39 418 -419 228 -224 -32768 -32768 -32768 -32768
40 419 -420 241 -237 -32768 -32768 -32768 -32768
41 422 -424 235 -231 -32768 -32768 -32768 -32768
42 428 -430 233 -229 -32768 -32768 -32768 -32768
43 427 -430 237 -236 -32768 -32768 -32768 -32768
44 433 -436 238 -233 -32768 -32768 -32768 -32768
45 436 -440 225 -221 -32768 -32768 -32768 -32768
46 529 -534 236 -232 -32768 -32768 -32768 -32768
47 505 -507 238 -234 -32768 -32768 -32768 -32768
48 396 -398 220 -217 -32768 -32768 -32768 -32768
49 434 -436 194 -190 -32768 -32768 -32768 -32768
50 436 -441 226 -221 -32768 -32768 -32768 -32768
51 412 -415 237 -232 -32768 -32768 -32768 -32768
52 433 -434 220 -219 -32768 -32768 -32768 -32768
