OSINK 5A
1
06.11.20
Osova
0.0 0.0
0.0
0.00 0.00
-1.00 -1.00
0.00 0.00
20000.00
0.0
50
50
N
1
52
1 -104 102 -116 122 -32768 -32768 -32768 -32768
2 -104 102 -116 122 -32768 -32768 -32768 -32768
3 -104 101 -115 122 -32768 -32768 -32768 -32768
4 -108 101 -121 122 -32768 -32768 -32768 -32768
5 -121 112 -149 151 -32768 -32768 -32768 -32768
6 -101 94 -101 105 -32768 -32768 -32768 -32768
7 -20 14 -23 27 -32768 -32768 -32768 -32768
8 56 -65 22 -19 -32768 -32768 -32768 -32768
9 88 -97 2 -2 -32768 -32768 -32768 -32768
10 124 -132 34 -30 -32768 -32768 -32768 -32768
11 161 -167 49 -48 -32768 -32768 -32768 -32768
12 187 -195 72 -68 -32768 -32768 -32768 -32768
13 215 -224 103 -100 -32768 -32768 -32768 -32768
14 252 -259 117 -117 -32768 -32768 -32768 -32768
15 288 -297 112 -112 -32768 -32768 -32768 -32768
16 272 -278 98 -94 -32768 -32768 -32768 -32768
17 222 -229 55 -55 -32768 -32768 -32768 -32768
18 195 -202 54 -53 -32768 -32768 -32768 -32768
19 168 -177 52 -49 -32768 -32768 -32768 -32768
20 170 -180 72 -66 -32768 -32768 -32768 -32768
21 233 -241 35 -35 -32768 -32768 -32768 -32768
22 251 -259 37 -31 -32768 -32768 -32768 -32768
23 266 -275 28 -29 -32768 -32768 -32768 -32768
24 281 -288 22 -21 -32768 -32768 -32768 -32768
25 296 -305 19 -17 -32768 -32768 -32768 -32768
26 331 -340 25 -22 -32768 -32768 -32768 -32768
27 334 -343 28 -31 -32768 -32768 -32768 -32768
28 372 -379 82 -79 -32768 -32768 -32768 -32768
29 408 -417 123 -121 -32768 -32768 -32768 -32768
30 429 -437 144 -141 -32768 -32768 -32768 -32768
31 449 -457 177 -173 -32768 -32768 -32768 -32768
32 476 -484 209 -206 -32768 -32768 -32768 -32768
33 445 -455 246 -243 -32768 -32768 -32768 -32768
34 437 -446 251 -249 -32768 -32768 -32768 -32768
35 445 -453 244 -242 -32768 -32768 -32768 -32768
36 449 -456 230 -228 -32768 -32768 -32768 -32768
37 444 -453 222 -226 -32768 -32768 -32768 -32768
38 436 -446 251 -250 -32768 -32768 -32768 -32768
39 409 -416 226 -225 -32768 -32768 -32768 -32768
40 410 -416 241 -239 -32768 -32768 -32768 -32768
41 414 -421 234 -233 -32768 -32768 -32768 -32768
42 425 -432 233 -231 -32768 -32768 -32768 -32768
43 422 -430 236 -238 -32768 -32768 -32768 -32768
44 427 -436 240 -237 -32768 -32768 -32768 -32768
45 432 -440 223 -221 -32768 -32768 -32768 -32768
46 515 -524 234 -233 -32768 -32768 -32768 -32768
47 509 -519 236 -234 -32768 -32768 -32768 -32768
48 396 -402 223 -220 -32768 -32768 -32768 -32768
49 430 -437 194 -193 -32768 -32768 -32768 -32768
50 435 -443 225 -223 -32768 -32768 -32768 -32768
51 409 -417 234 -234 -32768 -32768 -32768 -32768
52 429 -434 220 -222 -32768 -32768 -32768 -32768
