OSINK 5A
1
09.06.21
Osova
0.0 0.0
0.0
0.00 0.00
-1.00 -1.00
0.00 0.00
20000.00
0.0
50
50
N
1
52
1 -136 111 -140 144 -32768 -32768 -32768 -32768
2 -136 111 -141 144 -32768 -32768 -32768 -32768
3 -136 111 -141 144 -32768 -32768 -32768 -32768
4 -136 111 -141 144 -32768 -32768 -32768 -32768
5 -126 103 -146 147 -32768 -32768 -32768 -32768
6 -102 81 -96 94 -32768 -32768 -32768 -32768
7 -24 3 -18 18 -32768 -32768 -32768 -32768
8 51 -72 20 -21 -32768 -32768 -32768 -32768
9 85 -107 7 -5 -32768 -32768 -32768 -32768
10 124 -144 40 -34 -32768 -32768 -32768 -32768
11 163 -181 52 -50 -32768 -32768 -32768 -32768
12 184 -204 75 -73 -32768 -32768 -32768 -32768
13 212 -234 107 -105 -32768 -32768 -32768 -32768
14 251 -272 114 -114 -32768 -32768 -32768 -32768
15 292 -312 117 -119 -32768 -32768 -32768 -32768
16 272 -292 97 -92 -32768 -32768 -32768 -32768
17 227 -246 59 -59 -32768 -32768 -32768 -32768
18 200 -220 59 -58 -32768 -32768 -32768 -32768
19 173 -195 56 -55 -32768 -32768 -32768 -32768
20 177 -202 69 -67 -32768 -32768 -32768 -32768
21 243 -265 38 -39 -32768 -32768 -32768 -32768
22 266 -289 39 -37 -32768 -32768 -32768 -32768
23 283 -302 32 -32 -32768 -32768 -32768 -32768
24 294 -315 22 -22 -32768 -32768 -32768 -32768
25 319 -338 21 -20 -32768 -32768 -32768 -32768
26 344 -365 25 -23 -32768 -32768 -32768 -32768
27 348 -370 37 -38 -32768 -32768 -32768 -32768
28 388 -409 91 -89 -32768 -32768 -32768 -32768
29 423 -444 126 -124 -32768 -32768 -32768 -32768
30 441 -461 146 -145 -32768 -32768 -32768 -32768
31 463 -485 182 -179 -32768 -32768 -32768 -32768
32 484 -506 211 -211 -32768 -32768 -32768 -32768
33 458 -479 249 -245 -32768 -32768 -32768 -32768
34 447 -468 250 -249 -32768 -32768 -32768 -32768
35 456 -476 242 -239 -32768 -32768 -32768 -32768
36 457 -477 231 -229 -32768 -32768 -32768 -32768
37 450 -471 227 -229 -32768 -32768 -32768 -32768
38 437 -460 251 -250 -32768 -32768 -32768 -32768
39 413 -433 229 -227 -32768 -32768 -32768 -32768
40 413 -434 240 -239 -32768 -32768 -32768 -32768
41 415 -436 235 -233 -32768 -32768 -32768 -32768
42 422 -442 232 -231 -32768 -32768 -32768 -32768
43 421 -443 237 -239 -32768 -32768 -32768 -32768
44 425 -452 236 -235 -32768 -32768 -32768 -32768
45 431 -451 225 -224 -32768 -32768 -32768 -32768
46 530 -557 237 -234 -32768 -32768 -32768 -32768
47 489 -509 240 -237 -32768 -32768 -32768 -32768
48 389 -408 218 -214 -32768 -32768 -32768 -32768
49 422 -444 191 -190 -32768 -32768 -32768 -32768
50 428 -450 226 -226 -32768 -32768 -32768 -32768
51 404 -424 235 -235 -32768 -32768 -32768 -32768
52 427 -447 218 -219 -32768 -32768 -32768 -32768
