OSINK 5A
1
13.09.21
Osova
0.0 0.0
0.0
0.00 0.00
-1.00 -1.00
0.00 0.00
20000.00
0.0
50
50
N
1
52
1 -103 71 -175 189 -32768 -32768 -32768 -32768
2 -103 74 -175 188 -32768 -32768 -32768 -32768
3 -102 74 -174 188 -32768 -32768 -32768 -32768
4 -102 74 -174 188 -32768 -32768 -32768 -32768
5 -108 83 -149 159 -32768 -32768 -32768 -32768
6 -92 62 -94 99 -32768 -32768 -32768 -32768
7 -14 -12 -20 26 -32768 -32768 -32768 -32768
8 64 -87 28 -20 -32768 -32768 -32768 -32768
9 91 -115 3 3 -32768 -32768 -32768 -32768
10 133 -159 41 -31 -32768 -32768 -32768 -32768
11 172 -195 55 -46 -32768 -32768 -32768 -32768
12 192 -214 78 -67 -32768 -32768 -32768 -32768
13 217 -240 111 -98 -32768 -32768 -32768 -32768
14 250 -275 118 -110 -32768 -32768 -32768 -32768
15 296 -320 120 -112 -32768 -32768 -32768 -32768
16 264 -289 101 -92 -32768 -32768 -32768 -32768
17 216 -238 63 -55 -32768 -32768 -32768 -32768
18 192 -217 62 -56 -32768 -32768 -32768 -32768
19 171 -194 60 -48 -32768 -32768 -32768 -32768
20 175 -199 73 -66 -32768 -32768 -32768 -32768
21 242 -263 40 -35 -32768 -32768 -32768 -32768
22 264 -288 43 -31 -32768 -32768 -32768 -32768
23 282 -304 38 -29 -32768 -32768 -32768 -32768
24 296 -318 28 -20 -32768 -32768 -32768 -32768
25 314 -339 25 -16 -32768 -32768 -32768 -32768
26 346 -369 30 -20 -32768 -32768 -32768 -32768
27 347 -371 39 -31 -32768 -32768 -32768 -32768
28 387 -410 94 -84 -32768 -32768 -32768 -32768
29 424 -447 129 -118 -32768 -32768 -32768 -32768
30 442 -464 150 -140 -32768 -32768 -32768 -32768
31 461 -486 185 -175 -32768 -32768 -32768 -32768
32 487 -510 214 -208 -32768 -32768 -32768 -32768
33 456 -482 253 -240 -32768 -32768 -32768 -32768
34 447 -471 254 -246 -32768 -32768 -32768 -32768
35 456 -478 247 -237 -32768 -32768 -32768 -32768
36 457 -479 235 -226 -32768 -32768 -32768 -32768
37 450 -473 232 -226 -32768 -32768 -32768 -32768
38 438 -462 253 -245 -32768 -32768 -32768 -32768
39 413 -435 232 -224 -32768 -32768 -32768 -32768
40 412 -436 245 -236 -32768 -32768 -32768 -32768
41 415 -437 239 -230 -32768 -32768 -32768 -32768
42 422 -443 238 -228 -32768 -32768 -32768 -32768
43 420 -443 241 -236 -32768 -32768 -32768 -32768
44 424 -448 239 -232 -32768 -32768 -32768 -32768
45 428 -451 229 -220 -32768 -32768 -32768 -32768
46 527 -551 244 -234 -32768 -32768 -32768 -32768
47 489 -502 246 -236 -32768 -32768 -32768 -32768
48 391 -413 222 -212 -32768 -32768 -32768 -32768
49 418 -439 193 -184 -32768 -32768 -32768 -32768
50 425 -451 230 -222 -32768 -32768 -32768 -32768
51 402 -427 240 -230 -32768 -32768 -32768 -32768
52 424 -447 223 -217 -32768 -32768 -32768 -32768
