OSINK 5A
1
01.06.21
Osova
0.0 0.0
0.0
0.00 0.00
-1.00 -1.00
0.00 0.00
20000.00
0.0
50
50
N
1
52
1 -137 97 -149 140 -32768 -32768 -32768 -32768
2 -138 99 -149 141 -32768 -32768 -32768 -32768
3 -137 99 -149 141 -32768 -32768 -32768 -32768
4 -137 99 -149 141 -32768 -32768 -32768 -32768
5 -125 104 -146 145 -32768 -32768 -32768 -32768
6 -109 84 -96 100 -32768 -32768 -32768 -32768
7 -21 0 -15 16 -32768 -32768 -32768 -32768
8 51 -69 21 -22 -32768 -32768 -32768 -32768
9 85 -108 6 -5 -32768 -32768 -32768 -32768
10 125 -143 39 -35 -32768 -32768 -32768 -32768
11 161 -181 50 -49 -32768 -32768 -32768 -32768
12 184 -205 75 -74 -32768 -32768 -32768 -32768
13 213 -235 106 -104 -32768 -32768 -32768 -32768
14 247 -270 117 -114 -32768 -32768 -32768 -32768
15 292 -311 114 -117 -32768 -32768 -32768 -32768
16 270 -292 97 -93 -32768 -32768 -32768 -32768
17 226 -246 59 -58 -32768 -32768 -32768 -32768
18 201 -223 59 -58 -32768 -32768 -32768 -32768
19 174 -195 55 -54 -32768 -32768 -32768 -32768
20 179 -201 68 -68 -32768 -32768 -32768 -32768
21 242 -266 38 -39 -32768 -32768 -32768 -32768
22 266 -285 38 -33 -32768 -32768 -32768 -32768
23 282 -303 33 -31 -32768 -32768 -32768 -32768
24 294 -315 23 -22 -32768 -32768 -32768 -32768
25 318 -340 21 -19 -32768 -32768 -32768 -32768
26 345 -365 23 -23 -32768 -32768 -32768 -32768
27 346 -370 36 -37 -32768 -32768 -32768 -32768
28 400 -406 101 -85 -32768 -32768 -32768 -32768
29 419 -445 135 -123 -32768 -32768 -32768 -32768
30 440 -462 147 -144 -32768 -32768 -32768 -32768
31 463 -485 181 -179 -32768 -32768 -32768 -32768
32 485 -506 210 -211 -32768 -32768 -32768 -32768
33 456 -479 249 -246 -32768 -32768 -32768 -32768
34 447 -468 250 -249 -32768 -32768 -32768 -32768
35 456 -476 242 -240 -32768 -32768 -32768 -32768
36 457 -477 230 -228 -32768 -32768 -32768 -32768
37 450 -471 227 -229 -32768 -32768 -32768 -32768
38 437 -459 249 -249 -32768 -32768 -32768 -32768
39 412 -433 229 -227 -32768 -32768 -32768 -32768
40 413 -434 240 -238 -32768 -32768 -32768 -32768
41 411 -438 235 -232 -32768 -32768 -32768 -32768
42 422 -442 233 -230 -32768 -32768 -32768 -32768
43 421 -442 238 -238 -32768 -32768 -32768 -32768
44 425 -448 236 -234 -32768 -32768 -32768 -32768
45 432 -452 227 -223 -32768 -32768 -32768 -32768
46 533 -549 237 -234 -32768 -32768 -32768 -32768
47 490 -509 240 -238 -32768 -32768 -32768 -32768
48 389 -408 216 -215 -32768 -32768 -32768 -32768
49 426 -446 190 -191 -32768 -32768 -32768 -32768
50 427 -451 227 -225 -32768 -32768 -32768 -32768
51 404 -425 234 -234 -32768 -32768 -32768 -32768
52 427 -446 218 -219 -32768 -32768 -32768 -32768
