OSINK 5A
1
05.01.21
Osova
0.0 0.0
0.0
0.00 0.00
-1.00 -1.00
0.00 0.00
20000.00
0.0
50
50
N
1
52
1 -111 123 -153 145 -32768 -32768 -32768 -32768
2 -111 123 -153 145 -32768 -32768 -32768 -32768
3 -111 123 -153 145 -32768 -32768 -32768 -32768
4 -111 125 -153 148 -32768 -32768 -32768 -32768
5 -114 126 -147 145 -32768 -32768 -32768 -32768
6 -91 107 -100 99 -32768 -32768 -32768 -32768
7 -5 23 -17 19 -32768 -32768 -32768 -32768
8 67 -55 18 -22 -32768 -32768 -32768 -32768
9 98 -86 6 -6 -32768 -32768 -32768 -32768
10 133 -121 35 -35 -32768 -32768 -32768 -32768
11 171 -159 49 -52 -32768 -32768 -32768 -32768
12 198 -184 74 -74 -32768 -32768 -32768 -32768
13 228 -214 106 -106 -32768 -32768 -32768 -32768
14 263 -250 114 -119 -32768 -32768 -32768 -32768
15 297 -290 116 -124 -32768 -32768 -32768 -32768
16 283 -270 93 -96 -32768 -32768 -32768 -32768
17 232 -222 55 -59 -32768 -32768 -32768 -32768
18 204 -192 55 -58 -32768 -32768 -32768 -32768
19 180 -167 54 -54 -32768 -32768 -32768 -32768
20 187 -172 63 -68 -32768 -32768 -32768 -32768
21 246 -231 34 -38 -32768 -32768 -32768 -32768
22 265 -251 35 -35 -32768 -32768 -32768 -32768
23 281 -266 28 -32 -32768 -32768 -32768 -32768
24 290 -282 20 -24 -32768 -32768 -32768 -32768
25 314 -297 18 -21 -32768 -32768 -32768 -32768
26 342 -330 22 -25 -32768 -32768 -32768 -32768
27 349 -335 35 -33 -32768 -32768 -32768 -32768
28 389 -375 90 -89 -32768 -32768 -32768 -32768
29 422 -409 124 -126 -32768 -32768 -32768 -32768
30 438 -427 143 -147 -32768 -32768 -32768 -32768
31 463 -453 180 -181 -32768 -32768 -32768 -32768
32 486 -472 208 -213 -32768 -32768 -32768 -32768
33 455 -443 247 -248 -32768 -32768 -32768 -32768
34 447 -435 249 -252 -32768 -32768 -32768 -32768
35 456 -444 241 -243 -32768 -32768 -32768 -32768
36 459 -447 228 -231 -32768 -32768 -32768 -32768
37 455 -442 225 -230 -32768 -32768 -32768 -32768
38 445 -430 247 -249 -32768 -32768 -32768 -32768
39 419 -406 227 -228 -32768 -32768 -32768 -32768
40 414 -408 239 -241 -32768 -32768 -32768 -32768
41 424 -411 233 -235 -32768 -32768 -32768 -32768
42 432 -419 232 -234 -32768 -32768 -32768 -32768
43 430 -419 235 -241 -32768 -32768 -32768 -32768
44 438 -426 235 -238 -32768 -32768 -32768 -32768
45 442 -429 225 -226 -32768 -32768 -32768 -32768
46 536 -522 233 -236 -32768 -32768 -32768 -32768
47 512 -499 237 -237 -32768 -32768 -32768 -32768
48 402 -388 217 -221 -32768 -32768 -32768 -32768
49 442 -429 192 -196 -32768 -32768 -32768 -32768
50 444 -431 224 -227 -32768 -32768 -32768 -32768
51 418 -406 234 -237 -32768 -32768 -32768 -32768
52 434 -425 221 -223 -32768 -32768 -32768 -32768
