OSINK 5A
1
06.05.21
Osova
0.0 0.0
0.0
0.00 0.00
-1.00 -1.00
0.00 0.00
20000.00
0.0
50
50
N
1
52
1 -144 109 -127 144 -32768 -32768 -32768 -32768
2 -142 109 -134 143 -32768 -32768 -32768 -32768
3 -142 109 -134 143 -32768 -32768 -32768 -32768
4 -142 109 -134 143 -32768 -32768 -32768 -32768
5 -128 103 -137 156 -32768 -32768 -32768 -32768
6 -103 81 -90 104 -32768 -32768 -32768 -32768
7 -25 3 -9 26 -32768 -32768 -32768 -32768
8 45 -71 30 -14 -32768 -32768 -32768 -32768
9 83 -106 14 1 -32768 -32768 -32768 -32768
10 122 -145 48 -28 -32768 -32768 -32768 -32768
11 160 -182 58 -42 -32768 -32768 -32768 -32768
12 181 -204 82 -64 -32768 -32768 -32768 -32768
13 211 -233 116 -96 -32768 -32768 -32768 -32768
14 248 -271 122 -107 -32768 -32768 -32768 -32768
15 288 -311 125 -109 -32768 -32768 -32768 -32768
16 270 -292 107 -85 -32768 -32768 -32768 -32768
17 224 -245 67 -50 -32768 -32768 -32768 -32768
18 196 -221 65 -51 -32768 -32768 -32768 -32768
19 173 -194 65 -46 -32768 -32768 -32768 -32768
20 179 -199 74 -61 -32768 -32768 -32768 -32768
21 243 -264 45 -31 -32768 -32768 -32768 -32768
22 263 -285 46 -26 -32768 -32768 -32768 -32768
23 282 -301 41 -23 -32768 -32768 -32768 -32768
24 292 -313 31 -14 -32768 -32768 -32768 -32768
25 316 -337 29 -11 -32768 -32768 -32768 -32768
26 340 -364 33 -15 -32768 -32768 -32768 -32768
27 345 -368 44 -29 -32768 -32768 -32768 -32768
28 384 -405 101 -79 -32768 -32768 -32768 -32768
29 421 -443 135 -116 -32768 -32768 -32768 -32768
30 438 -460 154 -136 -32768 -32768 -32768 -32768
31 458 -482 190 -171 -32768 -32768 -32768 -32768
32 483 -505 217 -201 -32768 -32768 -32768 -32768
33 453 -482 257 -239 -32768 -32768 -32768 -32768
34 443 -467 257 -241 -32768 -32768 -32768 -32768
35 452 -475 250 -231 -32768 -32768 -32768 -32768
36 453 -475 238 -221 -32768 -32768 -32768 -32768
37 446 -469 234 -221 -32768 -32768 -32768 -32768
38 436 -459 254 -242 -32768 -32768 -32768 -32768
39 412 -432 237 -218 -32768 -32768 -32768 -32768
40 408 -433 248 -231 -32768 -32768 -32768 -32768
41 410 -436 243 -225 -32768 -32768 -32768 -32768
42 416 -441 242 -223 -32768 -32768 -32768 -32768
43 414 -441 245 -231 -32768 -32768 -32768 -32768
44 419 -447 243 -226 -32768 -32768 -32768 -32768
45 423 -451 233 -215 -32768 -32768 -32768 -32768
46 520 -546 245 -227 -32768 -32768 -32768 -32768
47 484 -511 249 -230 -32768 -32768 -32768 -32768
48 381 -409 227 -210 -32768 -32768 -32768 -32768
49 414 -447 200 -183 -32768 -32768 -32768 -32768
50 422 -454 231 -215 -32768 -32768 -32768 -32768
51 395 -427 241 -226 -32768 -32768 -32768 -32768
52 417 -448 225 -211 -32768 -32768 -32768 -32768
