OSINK 5A
1
23.03.21
Osova
0.0 0.0
0.0
0.00 0.00
-1.00 -1.00
0.00 0.00
20000.00
0.0
50
50
N
1
52
1 -131 123 -165 145 -32768 -32768 -32768 -32768
2 -131 123 -165 145 -32768 -32768 -32768 -32768
3 -132 123 -165 145 -32768 -32768 -32768 -32768
4 -132 123 -165 145 -32768 -32768 -32768 -32768
5 -125 113 -158 136 -32768 -32768 -32768 -32768
6 -107 94 -113 90 -32768 -32768 -32768 -32768
7 -25 14 -30 12 -32768 -32768 -32768 -32768
8 52 -63 11 -32 -32768 -32768 -32768 -32768
9 85 -96 -6 -14 -32768 -32768 -32768 -32768
10 124 -136 27 -45 -32768 -32768 -32768 -32768
11 163 -175 38 -60 -32768 -32768 -32768 -32768
12 187 -199 61 -80 -32768 -32768 -32768 -32768
13 214 -229 93 -112 -32768 -32768 -32768 -32768
14 251 -261 103 -128 -32768 -32768 -32768 -32768
15 293 -304 100 -120 -32768 -32768 -32768 -32768
16 275 -288 90 -110 -32768 -32768 -32768 -32768
17 232 -246 48 -70 -32768 -32768 -32768 -32768
18 204 -216 48 -69 -32768 -32768 -32768 -32768
19 177 -190 44 -63 -32768 -32768 -32768 -32768
20 180 -191 60 -80 -32768 -32768 -32768 -32768
21 244 -256 26 -48 -32768 -32768 -32768 -32768
22 267 -278 27 -45 -32768 -32768 -32768 -32768
23 285 -296 21 -42 -32768 -32768 -32768 -32768
24 297 -309 11 -34 -32768 -32768 -32768 -32768
25 317 -328 9 -29 -32768 -32768 -32768 -32768
26 347 -358 15 -34 -32768 -32768 -32768 -32768
27 348 -360 22 -43 -32768 -32768 -32768 -32768
28 387 -400 77 -97 -32768 -32768 -32768 -32768
29 424 -436 114 -132 -32768 -32768 -32768 -32768
30 444 -455 134 -152 -32768 -32768 -32768 -32768
31 462 -476 166 -185 -32768 -32768 -32768 -32768
32 491 -502 198 -218 -32768 -32768 -32768 -32768
33 461 -472 236 -256 -32768 -32768 -32768 -32768
34 451 -463 239 -260 -32768 -32768 -32768 -32768
35 458 -470 233 -252 -32768 -32768 -32768 -32768
36 460 -473 219 -240 -32768 -32768 -32768 -32768
37 456 -465 214 -239 -32768 -32768 -32768 -32768
38 442 -456 241 -259 -32768 -32768 -32768 -32768
39 418 -429 215 -236 -32768 -32768 -32768 -32768
40 418 -430 229 -249 -32768 -32768 -32768 -32768
41 418 -432 223 -243 -32768 -32768 -32768 -32768
42 427 -438 222 -242 -32768 -32768 -32768 -32768
43 426 -437 225 -249 -32768 -32768 -32768 -32768
44 430 -441 226 -246 -32768 -32768 -32768 -32768
45 432 -445 214 -231 -32768 -32768 -32768 -32768
46 524 -537 227 -246 -32768 -32768 -32768 -32768
47 512 -517 226 -246 -32768 -32768 -32768 -32768
48 395 -405 212 -230 -32768 -32768 -32768 -32768
49 428 -437 181 -201 -32768 -32768 -32768 -32768
50 435 -448 213 -233 -32768 -32768 -32768 -32768
51 409 -421 222 -243 -32768 -32768 -32768 -32768
52 428 -443 210 -229 -32768 -32768 -32768 -32768
