OSINK 5A
1
24.02.21
Osova
0.0 0.0
0.0
0.00 0.00
-1.00 -1.00
0.00 0.00
20000.00
0.0
50
50
N
1
52
1 -103 99 -158 168 -32768 -32768 -32768 -32768
2 -103 99 -158 168 -32768 -32768 -32768 -32768
3 -99 98 -155 167 -32768 -32768 -32768 -32768
4 -102 98 -157 167 -32768 -32768 -32768 -32768
5 -121 107 -147 148 -32768 -32768 -32768 -32768
6 -105 92 -98 99 -32768 -32768 -32768 -32768
7 -21 12 -18 25 -32768 -32768 -32768 -32768
8 51 -65 26 -20 -32768 -32768 -32768 -32768
9 90 -98 6 0 -32768 -32768 -32768 -32768
10 126 -135 41 -32 -32768 -32768 -32768 -32768
11 162 -175 51 -48 -32768 -32768 -32768 -32768
12 186 -201 73 -69 -32768 -32768 -32768 -32768
13 215 -229 106 -99 -32768 -32768 -32768 -32768
14 249 -263 117 -116 -32768 -32768 -32768 -32768
15 293 -303 114 -115 -32768 -32768 -32768 -32768
16 275 -289 103 -99 -32768 -32768 -32768 -32768
17 230 -242 59 -57 -32768 -32768 -32768 -32768
18 204 -218 59 -57 -32768 -32768 -32768 -32768
19 175 -189 55 -50 -32768 -32768 -32768 -32768
20 179 -191 71 -68 -32768 -32768 -32768 -32768
21 242 -255 38 -36 -32768 -32768 -32768 -32768
22 264 -276 38 -32 -32768 -32768 -32768 -32768
23 280 -294 33 -30 -32768 -32768 -32768 -32768
24 293 -308 24 -21 -32768 -32768 -32768 -32768
25 312 -327 22 -17 -32768 -32768 -32768 -32768
26 344 -358 27 -22 -32768 -32768 -32768 -32768
27 347 -361 36 -31 -32768 -32768 -32768 -32768
28 386 -398 89 -85 -32768 -32768 -32768 -32768
29 422 -436 125 -121 -32768 -32768 -32768 -32768
30 442 -454 145 -141 -32768 -32768 -32768 -32768
31 460 -476 177 -173 -32768 -32768 -32768 -32768
32 488 -501 211 -206 -32768 -32768 -32768 -32768
33 459 -474 246 -241 -32768 -32768 -32768 -32768
34 449 -463 252 -248 -32768 -32768 -32768 -32768
35 457 -471 244 -239 -32768 -32768 -32768 -32768
36 459 -472 232 -228 -32768 -32768 -32768 -32768
37 454 -466 227 -226 -32768 -32768 -32768 -32768
38 440 -460 250 -247 -32768 -32768 -32768 -32768
39 417 -431 227 -224 -32768 -32768 -32768 -32768
40 414 -427 241 -238 -32768 -32768 -32768 -32768
41 418 -432 235 -230 -32768 -32768 -32768 -32768
42 426 -438 234 -230 -32768 -32768 -32768 -32768
43 424 -437 236 -237 -32768 -32768 -32768 -32768
44 428 -441 239 -235 -32768 -32768 -32768 -32768
45 432 -445 224 -218 -32768 -32768 -32768 -32768
46 523 -538 236 -233 -32768 -32768 -32768 -32768
47 506 -520 238 -234 -32768 -32768 -32768 -32768
48 393 -403 222 -217 -32768 -32768 -32768 -32768
49 428 -442 192 -192 -32768 -32768 -32768 -32768
50 436 -448 224 -220 -32768 -32768 -32768 -32768
51 407 -421 236 -230 -32768 -32768 -32768 -32768
52 427 -450 222 -216 -32768 -32768 -32768 -32768
