OSINK 5A
1
10.02.21
Osova
0.0 0.0
0.0
0.00 0.00
-1.00 -1.00
0.00 0.00
20000.00
0.0
50
50
N
1
52
1 -108 88 -119 121 -32768 -32768 -32768 -32768
2 -108 88 -119 121 -32768 -32768 -32768 -32768
3 -108 88 -119 121 -32768 -32768 -32768 -32768
4 -107 92 -117 123 -32768 -32768 -32768 -32768
5 -121 100 -145 148 -32768 -32768 -32768 -32768
6 -115 97 -108 115 -32768 -32768 -32768 -32768
7 -38 21 -29 36 -32768 -32768 -32768 -32768
8 42 -66 28 -22 -32768 -32768 -32768 -32768
9 80 -99 2 1 -32768 -32768 -32768 -32768
10 116 -133 36 -27 -32768 -32768 -32768 -32768
11 157 -173 50 -47 -32768 -32768 -32768 -32768
12 181 -202 69 -67 -32768 -32768 -32768 -32768
13 210 -228 101 -96 -32768 -32768 -32768 -32768
14 242 -263 123 -121 -32768 -32768 -32768 -32768
15 290 -315 108 -108 -32768 -32768 -32768 -32768
16 276 -293 109 -100 -32768 -32768 -32768 -32768
17 230 -251 61 -59 -32768 -32768 -32768 -32768
18 206 -222 60 -57 -32768 -32768 -32768 -32768
19 173 -192 54 -49 -32768 -32768 -32768 -32768
20 170 -192 75 -70 -32768 -32768 -32768 -32768
21 236 -253 39 -34 -32768 -32768 -32768 -32768
22 259 -277 39 -33 -32768 -32768 -32768 -32768
23 276 -296 35 -30 -32768 -32768 -32768 -32768
24 291 -311 25 -21 -32768 -32768 -32768 -32768
25 306 -324 21 -16 -32768 -32768 -32768 -32768
26 339 -360 28 -22 -32768 -32768 -32768 -32768
27 343 -358 32 -39 -32768 -32768 -32768 -32768
28 379 -399 86 -76 -32768 -32768 -32768 -32768
29 412 -426 126 -121 -32768 -32768 -32768 -32768
30 436 -458 143 -142 -32768 -32768 -32768 -32768
31 453 -475 176 -168 -32768 -32768 -32768 -32768
32 488 -508 207 -202 -32768 -32768 -32768 -32768
33 456 -478 241 -237 -32768 -32768 -32768 -32768
34 446 -465 252 -248 -32768 -32768 -32768 -32768
35 450 -471 247 -243 -32768 -32768 -32768 -32768
36 456 -475 233 -228 -32768 -32768 -32768 -32768
37 450 -468 225 -227 -32768 -32768 -32768 -32768
38 443 -463 252 -249 -32768 -32768 -32768 -32768
39 414 -432 227 -223 -32768 -32768 -32768 -32768
40 410 -430 241 -238 -32768 -32768 -32768 -32768
41 414 -432 236 -231 -32768 -32768 -32768 -32768
42 423 -441 237 -230 -32768 -32768 -32768 -32768
43 422 -439 236 -236 -32768 -32768 -32768 -32768
44 424 -441 242 -239 -32768 -32768 -32768 -32768
45 429 -448 214 -216 -32768 -32768 -32768 -32768
46 507 -525 238 -234 -32768 -32768 -32768 -32768
47 517 -539 237 -232 -32768 -32768 -32768 -32768
48 392 -413 226 -224 -32768 -32768 -32768 -32768
49 417 -438 193 -191 -32768 -32768 -32768 -32768
50 433 -452 223 -218 -32768 -32768 -32768 -32768
51 405 -425 234 -230 -32768 -32768 -32768 -32768
52 424 -439 222 -224 -32768 -32768 -32768 -32768
