OSINK 5A
1
29.06.21
Osova
0.0 0.0
0.0
0.00 0.00
-1.00 -1.00
0.00 0.00
20000.00
0.0
50
50
N
1
52
1 -138 110 -154 149 -32768 -32768 -32768 -32768
2 -138 110 -154 149 -32768 -32768 -32768 -32768
3 -138 109 -154 150 -32768 -32768 -32768 -32768
4 -138 108 -154 145 -32768 -32768 -32768 -32768
5 -129 101 -146 149 -32768 -32768 -32768 -32768
6 -106 79 -93 97 -32768 -32768 -32768 -32768
7 -26 2 -16 22 -32768 -32768 -32768 -32768
8 44 -74 25 -20 -32768 -32768 -32768 -32768
9 79 -109 5 -2 -32768 -32768 -32768 -32768
10 121 -149 41 -35 -32768 -32768 -32768 -32768
11 157 -184 52 -48 -32768 -32768 -32768 -32768
12 178 -207 74 -71 -32768 -32768 -32768 -32768
13 207 -236 107 -102 -32768 -32768 -32768 -32768
14 245 -275 118 -112 -32768 -32768 -32768 -32768
15 288 -315 115 -117 -32768 -32768 -32768 -32768
16 269 -296 102 -93 -32768 -32768 -32768 -32768
17 225 -250 60 -58 -32768 -32768 -32768 -32768
18 199 -226 61 -58 -32768 -32768 -32768 -32768
19 171 -197 56 -52 -32768 -32768 -32768 -32768
20 175 -203 71 -68 -32768 -32768 -32768 -32768
21 240 -267 39 -38 -32768 -32768 -32768 -32768
22 262 -289 40 -32 -32768 -32768 -32768 -32768
23 280 -307 34 -30 -32768 -32768 -32768 -32768
24 292 -319 23 -21 -32768 -32768 -32768 -32768
25 315 -341 22 -19 -32768 -32768 -32768 -32768
26 340 -369 28 -22 -32768 -32768 -32768 -32768
27 346 -372 39 -33 -32768 -32768 -32768 -32768
28 385 -410 92 -86 -32768 -32768 -32768 -32768
29 420 -449 127 -123 -32768 -32768 -32768 -32768
30 439 -466 147 -143 -32768 -32768 -32768 -32768
31 460 -486 183 -176 -32768 -32768 -32768 -32768
32 484 -510 212 -210 -32768 -32768 -32768 -32768
33 451 -483 249 -244 -32768 -32768 -32768 -32768
34 445 -472 251 -249 -32768 -32768 -32768 -32768
35 454 -480 244 -239 -32768 -32768 -32768 -32768
36 455 -482 232 -228 -32768 -32768 -32768 -32768
37 448 -475 229 -229 -32768 -32768 -32768 -32768
38 436 -465 253 -250 -32768 -32768 -32768 -32768
39 409 -437 230 -227 -32768 -32768 -32768 -32768
40 409 -438 242 -238 -32768 -32768 -32768 -32768
41 411 -440 237 -231 -32768 -32768 -32768 -32768
42 420 -447 235 -230 -32768 -32768 -32768 -32768
43 419 -445 239 -238 -32768 -32768 -32768 -32768
44 422 -450 239 -235 -32768 -32768 -32768 -32768
45 428 -454 227 -222 -32768 -32768 -32768 -32768
46 524 -555 240 -234 -32768 -32768 -32768 -32768
47 493 -519 242 -237 -32768 -32768 -32768 -32768
48 389 -414 222 -217 -32768 -32768 -32768 -32768
49 420 -447 192 -190 -32768 -32768 -32768 -32768
50 423 -453 229 -226 -32768 -32768 -32768 -32768
51 401 -431 237 -233 -32768 -32768 -32768 -32768
52 422 -450 223 -218 -32768 -32768 -32768 -32768
