OSINK 5A
1
25.08.20
Osova
0.0 0.0
0.0
0.00 0.00
-1.00 -1.00
0.00 0.00
20000.00
0.0
50
50
N
1
52
1 -95 80 -85 64 -80 70 76 -95
2 -95 80 -85 64 -81 70 77 -95
3 -95 80 -85 64 -81 70 77 -95
4 -95 80 -85 63 -81 70 77 -95
5 -113 98 -165 142 -159 146 93 -117
6 -107 94 -135 113 -133 119 90 -113
7 -49 35 -56 35 -52 41 31 -52
8 48 -61 16 -41 23 -37 -66 42
9 77 -91 -9 -10 -9 -5 -95 71
10 103 -116 14 -34 16 -30 -118 99
11 135 -149 32 -54 34 -47 -153 131
12 172 -183 58 -79 58 -72 -187 165
13 192 -207 84 -104 85 -97 -207 185
14 214 -228 107 -132 109 -126 -235 205
15 251 -267 64 -84 66 -79 -265 248
16 234 -248 63 -82 64 -78 -249 229
17 189 -202 45 -68 46 -60 -208 185
18 145 -158 38 -60 41 -55 -163 141
19 147 -160 39 -60 39 -53 -161 141
20 150 -165 59 -82 63 -76 -169 146
21 216 -231 23 -43 21 -39 -236 210
22 239 -253 25 -43 25 -38 -254 235
23 256 -269 18 -41 18 -32 -276 253
24 272 -285 11 -31 11 -25 -288 265
25 284 -299 7 -29 8 -23 -301 280
26 322 -337 16 -34 11 -28 -343 320
27 326 -340 16 -39 16 -30 -343 319
28 364 -377 71 -91 69 -84 -377 359
29 399 -412 111 -132 108 -122 -416 392
30 421 -435 131 -151 129 -145 -437 413
31 440 -454 164 -183 161 -175 -455 432
32 470 -485 196 -216 196 -210 -483 462
33 438 -454 232 -252 228 -243 -450 429
34 431 -445 240 -262 240 -253 -443 422
35 438 -453 233 -254 232 -245 -452 430
36 443 -457 220 -240 218 -232 -458 436
37 439 -454 214 -239 215 -229 -454 430
38 430 -446 242 -261 242 -258 -447 424
39 403 -416 216 -236 218 -233 -419 397
40 404 -418 229 -250 230 -243 -418 396
41 409 -422 224 -244 223 -237 -423 402
42 417 -431 223 -243 219 -233 -433 411
43 416 -430 225 -250 225 -239 -433 408
44 420 -437 230 -249 230 -242 -429 409
45 426 -440 214 -233 211 -225 -441 419
46 494 -510 220 -239 216 -230 -511 488
47 497 -511 221 -241 219 -232 -511 489
48 412 -423 220 -240 216 -230 -425 404
49 431 -443 187 -210 186 -201 -447 421
50 430 -445 212 -233 212 -223 -442 422
51 404 -419 225 -245 228 -239 -416 396
52 423 -438 212 -234 209 -223 -441 416
