OSINK 5A
1
02.12.20
Osova
0.0 0.0
0.0
0.00 0.00
-1.00 -1.00
0.00 0.00
20000.00
0.0
50
50
N
1
52
1 -119 88 -117 115 -32768 -32768 -32768 -32768
2 -119 89 -117 115 -32768 -32768 -32768 -32768
3 -120 89 -116 115 -32768 -32768 -32768 -32768
4 -120 90 -116 117 -32768 -32768 -32768 -32768
5 -132 104 -145 150 -32768 -32768 -32768 -32768
6 -105 81 -89 101 -32768 -32768 -32768 -32768
7 -24 0 -13 24 -32768 -32768 -32768 -32768
8 45 -74 24 -16 -32768 -32768 -32768 -32768
9 78 -106 9 -1 -32768 -32768 -32768 -32768
10 116 -141 38 -29 -32768 -32768 -32768 -32768
11 156 -182 54 -47 -32768 -32768 -32768 -32768
12 179 -207 76 -68 -32768 -32768 -32768 -32768
13 209 -235 109 -99 -32768 -32768 -32768 -32768
14 242 -270 119 -113 -32768 -32768 -32768 -32768
15 278 -305 120 -112 -32768 -32768 -32768 -32768
16 262 -288 97 -86 -32768 -32768 -32768 -32768
17 214 -240 58 -51 -32768 -32768 -32768 -32768
18 184 -211 58 -50 -32768 -32768 -32768 -32768
19 159 -186 56 -47 -32768 -32768 -32768 -32768
20 165 -193 69 -61 -32768 -32768 -32768 -32768
21 223 -250 38 -32 -32768 -32768 -32768 -32768
22 248 -272 36 -27 -32768 -32768 -32768 -32768
23 259 -286 31 -25 -32768 -32768 -32768 -32768
24 272 -299 25 -18 -32768 -32768 -32768 -32768
25 296 -321 25 -14 -32768 -32768 -32768 -32768
26 320 -350 23 -19 -32768 -32768 -32768 -32768
27 329 -354 39 -28 -32768 -32768 -32768 -32768
28 368 -394 93 -83 -32768 -32768 -32768 -32768
29 401 -429 126 -118 -32768 -32768 -32768 -32768
30 423 -449 148 -140 -32768 -32768 -32768 -32768
31 442 -470 180 -170 -32768 -32768 -32768 -32768
32 468 -493 210 -205 -32768 -32768 -32768 -32768
33 437 -465 249 -239 -32768 -32768 -32768 -32768
34 429 -455 251 -244 -32768 -32768 -32768 -32768
35 438 -465 244 -234 -32768 -32768 -32768 -32768
36 441 -467 230 -224 -32768 -32768 -32768 -32768
37 436 -463 228 -223 -32768 -32768 -32768 -32768
38 429 -453 251 -244 -32768 -32768 -32768 -32768
39 401 -426 229 -221 -32768 -32768 -32768 -32768
40 403 -429 241 -234 -32768 -32768 -32768 -32768
41 407 -432 236 -228 -32768 -32768 -32768 -32768
42 414 -440 235 -226 -32768 -32768 -32768 -32768
43 414 -441 238 -234 -32768 -32768 -32768 -32768
44 418 -446 238 -231 -32768 -32768 -32768 -32768
45 424 -450 227 -218 -32768 -32768 -32768 -32768
46 511 -541 235 -228 -32768 -32768 -32768 -32768
47 492 -517 239 -231 -32768 -32768 -32768 -32768
48 385 -409 223 -211 -32768 -32768 -32768 -32768
49 423 -451 195 -190 -32768 -32768 -32768 -32768
50 425 -452 227 -220 -32768 -32768 -32768 -32768
51 399 -426 237 -229 -32768 -32768 -32768 -32768
52 423 -448 219 -216 -32768 -32768 -32768 -32768
