OSINK 5A
1
16.12.20
Osova
0.0 0.0
0.0
0.00 0.00
-1.00 -1.00
0.00 0.00
20000.00
0.0
50
50
N
1
52
1 -105 96 -152 163 -32768 -32768 -32768 -32768
2 -105 96 -152 163 -32768 -32768 -32768 -32768
3 -105 99 -152 163 -32768 -32768 -32768 -32768
4 -104 99 -151 163 -32768 -32768 -32768 -32768
5 -126 112 -144 150 -32768 -32768 -32768 -32768
6 -108 97 -99 108 -32768 -32768 -32768 -32768
7 -23 13 -18 28 -32768 -32768 -32768 -32768
8 52 -65 23 -18 -32768 -32768 -32768 -32768
9 84 -97 7 0 -32768 -32768 -32768 -32768
10 120 -132 37 -28 -32768 -32768 -32768 -32768
11 157 -169 50 -46 -32768 -32768 -32768 -32768
12 185 -198 73 -68 -32768 -32768 -32768 -32768
13 213 -225 106 -96 -32768 -32768 -32768 -32768
14 249 -264 121 -112 -32768 -32768 -32768 -32768
15 287 -298 114 -108 -32768 -32768 -32768 -32768
16 271 -284 99 -92 -32768 -32768 -32768 -32768
17 224 -235 58 -53 -32768 -32768 -32768 -32768
18 195 -207 58 -52 -32768 -32768 -32768 -32768
19 166 -181 56 -47 -32768 -32768 -32768 -32768
20 169 -182 72 -65 -32768 -32768 -32768 -32768
21 230 -244 37 -33 -32768 -32768 -32768 -32768
22 250 -262 38 -27 -32768 -32768 -32768 -32768
23 267 -280 31 -23 -32768 -32768 -32768 -32768
24 278 -293 23 -17 -32768 -32768 -32768 -32768
25 295 -309 22 -14 -32768 -32768 -32768 -32768
26 330 -343 27 -19 -32768 -32768 -32768 -32768
27 335 -346 37 -27 -32768 -32768 -32768 -32768
28 373 -384 87 -79 -32768 -32768 -32768 -32768
29 408 -421 123 -117 -32768 -32768 -32768 -32768
30 428 -441 146 -137 -32768 -32768 -32768 -32768
31 449 -460 179 -168 -32768 -32768 -32768 -32768
32 475 -487 210 -201 -32768 -32768 -32768 -32768
33 445 -459 248 -239 -32768 -32768 -32768 -32768
34 437 -450 252 -245 -32768 -32768 -32768 -32768
35 445 -457 245 -236 -32768 -32768 -32768 -32768
36 449 -461 230 -223 -32768 -32768 -32768 -32768
37 443 -457 226 -223 -32768 -32768 -32768 -32768
38 435 -447 253 -244 -32768 -32768 -32768 -32768
39 406 -421 225 -220 -32768 -32768 -32768 -32768
40 409 -422 242 -234 -32768 -32768 -32768 -32768
41 414 -425 236 -228 -32768 -32768 -32768 -32768
42 422 -435 234 -223 -32768 -32768 -32768 -32768
43 420 -430 237 -230 -32768 -32768 -32768 -32768
44 426 -439 241 -231 -32768 -32768 -32768 -32768
45 430 -443 224 -218 -32768 -32768 -32768 -32768
46 518 -529 235 -230 -32768 -32768 -32768 -32768
47 504 -516 238 -230 -32768 -32768 -32768 -32768
48 393 -404 223 -215 -32768 -32768 -32768 -32768
49 430 -439 194 -188 -32768 -32768 -32768 -32768
50 434 -447 225 -219 -32768 -32768 -32768 -32768
51 408 -420 235 -229 -32768 -32768 -32768 -32768
52 431 -439 221 -216 -32768 -32768 -32768 -32768
