OSINK 5A
1
09.12.20
Osova
0.0 0.0
0.0
0.00 0.00
-1.00 -1.00
0.00 0.00
20000.00
0.0
50
50
N
1
52
1 -116 104 -152 161 -32768 -32768 -32768 -32768
2 -116 103 -152 161 -32768 -32768 -32768 -32768
3 -116 103 -152 161 -32768 -32768 -32768 -32768
4 -111 103 -154 161 -32768 -32768 -32768 -32768
5 -127 112 -142 151 -32768 -32768 -32768 -32768
6 -100 84 -89 94 -32768 -32768 -32768 -32768
7 -19 7 -14 25 -32768 -32768 -32768 -32768
8 54 -67 23 -16 -32768 -32768 -32768 -32768
9 85 -101 12 0 -32768 -32768 -32768 -32768
10 119 -133 38 -28 -32768 -32768 -32768 -32768
11 162 -175 55 -47 -32768 -32768 -32768 -32768
12 185 -200 77 -67 -32768 -32768 -32768 -32768
13 214 -229 110 -98 -32768 -32768 -32768 -32768
14 253 -268 116 -109 -32768 -32768 -32768 -32768
15 284 -299 119 -111 -32768 -32768 -32768 -32768
16 269 -284 100 -89 -32768 -32768 -32768 -32768
17 218 -233 59 -51 -32768 -32768 -32768 -32768
18 187 -202 58 -49 -32768 -32768 -32768 -32768
19 166 -180 57 -48 -32768 -32768 -32768 -32768
20 172 -185 69 -61 -32768 -32768 -32768 -32768
21 232 -247 38 -31 -32768 -32768 -32768 -32768
22 251 -278 39 -27 -32768 -32768 -32768 -32768
23 264 -280 32 -25 -32768 -32768 -32768 -32768
24 277 -292 25 -17 -32768 -32768 -32768 -32768
25 298 -311 22 -13 -32768 -32768 -32768 -32768
26 327 -344 26 -17 -32768 -32768 -32768 -32768
27 335 -350 39 -29 -32768 -32768 -32768 -32768
28 372 -383 88 -76 -32768 -32768 -32768 -32768
29 407 -424 127 -119 -32768 -32768 -32768 -32768
30 427 -443 148 -139 -32768 -32768 -32768 -32768
31 448 -464 180 -170 -32768 -32768 -32768 -32768
32 473 -486 211 -203 -32768 -32768 -32768 -32768
33 443 -459 250 -239 -32768 -32768 -32768 -32768
34 435 -450 252 -243 -32768 -32768 -32768 -32768
35 443 -457 245 -236 -32768 -32768 -32768 -32768
36 447 -460 230 -222 -32768 -32768 -32768 -32768
37 442 -456 226 -223 -32768 -32768 -32768 -32768
38 431 -446 253 -242 -32768 -32768 -32768 -32768
39 407 -420 228 -219 -32768 -32768 -32768 -32768
40 408 -423 242 -232 -32768 -32768 -32768 -32768
41 413 -427 236 -226 -32768 -32768 -32768 -32768
42 420 -432 235 -226 -32768 -32768 -32768 -32768
43 418 -433 238 -233 -32768 -32768 -32768 -32768
44 425 -439 239 -228 -32768 -32768 -32768 -32768
45 429 -444 226 -216 -32768 -32768 -32768 -32768
46 512 -537 236 -227 -32768 -32768 -32768 -32768
47 506 -513 238 -229 -32768 -32768 -32768 -32768
48 391 -404 223 -214 -32768 -32768 -32768 -32768
49 425 -443 195 -188 -32768 -32768 -32768 -32768
50 430 -447 227 -218 -32768 -32768 -32768 -32768
51 406 -421 237 -228 -32768 -32768 -32768 -32768
52 427 -441 222 -214 -32768 -32768 -32768 -32768
