OSINK 5A
1
07.04.21
Osova
0.0 0.0
0.0
0.00 0.00
-1.00 -1.00
0.00 0.00
20000.00
0.0
50
50
N
1
52
1 -138 112 -156 156 -32768 -32768 -32768 -32768
2 -138 112 -156 156 -32768 -32768 -32768 -32768
3 -137 112 -155 156 -32768 -32768 -32768 -32768
4 -137 112 -155 155 -32768 -32768 -32768 -32768
5 -128 103 -149 145 -32768 -32768 -32768 -32768
6 -107 82 -99 94 -32768 -32768 -32768 -32768
7 -30 3 -23 19 -32768 -32768 -32768 -32768
8 48 -73 20 -24 -32768 -32768 -32768 -32768
9 83 -107 2 -5 -32768 -32768 -32768 -32768
10 120 -146 36 -36 -32768 -32768 -32768 -32768
11 159 -183 48 -51 -32768 -32768 -32768 -32768
12 181 -207 71 -74 -32768 -32768 -32768 -32768
13 211 -235 105 -104 -32768 -32768 -32768 -32768
14 246 -272 115 -117 -32768 -32768 -32768 -32768
15 289 -316 112 -116 -32768 -32768 -32768 -32768
16 271 -295 99 -96 -32768 -32768 -32768 -32768
17 225 -249 57 -59 -32768 -32768 -32768 -32768
18 199 -224 57 -60 -32768 -32768 -32768 -32768
19 171 -196 54 -55 -32768 -32768 -32768 -32768
20 177 -201 66 -71 -32768 -32768 -32768 -32768
21 241 -266 35 -39 -32768 -32768 -32768 -32768
22 262 -288 37 -35 -32768 -32768 -32768 -32768
23 277 -304 33 -33 -32768 -32768 -32768 -32768
24 290 -317 21 -23 -32768 -32768 -32768 -32768
25 311 -337 19 -21 -32768 -32768 -32768 -32768
26 340 -368 23 -24 -32768 -32768 -32768 -32768
27 344 -371 34 -35 -32768 -32768 -32768 -32768
28 383 -409 89 -88 -32768 -32768 -32768 -32768
29 418 -447 123 -124 -32768 -32768 -32768 -32768
30 437 -464 144 -145 -32768 -32768 -32768 -32768
31 456 -485 177 -177 -32768 -32768 -32768 -32768
32 484 -508 207 -210 -32768 -32768 -32768 -32768
33 454 -481 245 -246 -32768 -32768 -32768 -32768
34 444 -470 248 -250 -32768 -32768 -32768 -32768
35 453 -478 241 -242 -32768 -32768 -32768 -32768
36 453 -480 229 -229 -32768 -32768 -32768 -32768
37 448 -473 225 -230 -32768 -32768 -32768 -32768
38 438 -465 246 -249 -32768 -32768 -32768 -32768
39 411 -437 225 -226 -32768 -32768 -32768 -32768
40 410 -437 238 -240 -32768 -32768 -32768 -32768
41 412 -438 234 -234 -32768 -32768 -32768 -32768
42 420 -447 232 -232 -32768 -32768 -32768 -32768
43 418 -445 234 -240 -32768 -32768 -32768 -32768
44 422 -449 235 -238 -32768 -32768 -32768 -32768
45 427 -452 221 -224 -32768 -32768 -32768 -32768
46 517 -544 234 -236 -32768 -32768 -32768 -32768
47 503 -513 237 -238 -32768 -32768 -32768 -32768
48 388 -411 222 -217 -32768 -32768 -32768 -32768
49 418 -447 191 -191 -32768 -32768 -32768 -32768
50 429 -456 222 -224 -32768 -32768 -32768 -32768
51 400 -427 232 -234 -32768 -32768 -32768 -32768
52 423 -447 217 -222 -32768 -32768 -32768 -32768
