OSINK 5A
1
16.02.21
Osova
0.0 0.0
0.0
0.00 0.00
-1.00 -1.00
0.00 0.00
20000.00
0.0
50
50
N
1
52
1 -91 90 -131 138 -32768 -32768 -32768 -32768
2 -91 90 -131 138 -32768 -32768 -32768 -32768
3 -91 90 -131 138 -32768 -32768 -32768 -32768
4 -91 90 -131 138 -32768 -32768 -32768 -32768
5 -113 110 -142 145 -32768 -32768 -32768 -32768
6 -101 104 -101 108 -32768 -32768 -32768 -32768
7 -24 20 -24 27 -32768 -32768 -32768 -32768
8 55 -57 26 -23 -32768 -32768 -32768 -32768
9 90 -92 3 0 -32768 -32768 -32768 -32768
10 127 -131 37 -32 -32768 -32768 -32768 -32768
11 167 -169 50 -48 -32768 -32768 -32768 -32768
12 192 -193 71 -66 -32768 -32768 -32768 -32768
13 219 -225 103 -98 -32768 -32768 -32768 -32768
14 250 -255 124 -120 -32768 -32768 -32768 -32768
15 299 -306 111 -110 -32768 -32768 -32768 -32768
16 282 -285 104 -100 -32768 -32768 -32768 -32768
17 237 -239 59 -57 -32768 -32768 -32768 -32768
18 213 -213 60 -56 -32768 -32768 -32768 -32768
19 180 -182 55 -51 -32768 -32768 -32768 -32768
20 182 -184 73 -70 -32768 -32768 -32768 -32768
21 247 -247 38 -35 -32768 -32768 -32768 -32768
22 268 -269 39 -33 -32768 -32768 -32768 -32768
23 285 -288 33 -30 -32768 -32768 -32768 -32768
24 301 -302 22 -19 -32768 -32768 -32768 -32768
25 319 -320 21 -17 -32768 -32768 -32768 -32768
26 349 -351 28 -21 -32768 -32768 -32768 -32768
27 352 -353 33 -30 -32768 -32768 -32768 -32768
28 390 -391 88 -82 -32768 -32768 -32768 -32768
29 426 -428 123 -120 -32768 -32768 -32768 -32768
30 447 -449 145 -140 -32768 -32768 -32768 -32768
31 465 -468 177 -172 -32768 -32768 -32768 -32768
32 495 -495 209 -205 -32768 -32768 -32768 -32768
33 465 -467 247 -242 -32768 -32768 -32768 -32768
34 454 -456 251 -247 -32768 -32768 -32768 -32768
35 462 -464 246 -241 -32768 -32768 -32768 -32768
36 464 -466 231 -227 -32768 -32768 -32768 -32768
37 459 -460 225 -226 -32768 -32768 -32768 -32768
38 450 -453 250 -248 -32768 -32768 -32768 -32768
39 422 -423 228 -222 -32768 -32768 -32768 -32768
40 421 -423 241 -237 -32768 -32768 -32768 -32768
41 423 -424 236 -232 -32768 -32768 -32768 -32768
42 431 -433 235 -230 -32768 -32768 -32768 -32768
43 428 -431 236 -237 -32768 -32768 -32768 -32768
44 433 -436 240 -235 -32768 -32768 -32768 -32768
45 439 -439 224 -219 -32768 -32768 -32768 -32768
46 526 -525 237 -235 -32768 -32768 -32768 -32768
47 512 -518 238 -234 -32768 -32768 -32768 -32768
48 398 -398 222 -219 -32768 -32768 -32768 -32768
49 432 -433 193 -189 -32768 -32768 -32768 -32768
50 439 -443 225 -220 -32768 -32768 -32768 -32768
51 413 -416 235 -231 -32768 -32768 -32768 -32768
52 433 -434 221 -220 -32768 -32768 -32768 -32768
