OSINK 5A
1
23.08.21
Osova
0.0 0.0
0.0
0.00 0.00
-1.00 -1.00
0.00 0.00
20000.00
0.0
50
50
N
1
52
1 -117 81 -175 194 -32768 -32768 -32768 -32768
2 -117 81 -175 194 -32768 -32768 -32768 -32768
3 -117 81 -174 194 -32768 -32768 -32768 -32768
4 -117 81 -174 194 -32768 -32768 -32768 -32768
5 -114 88 -149 158 -32768 -32768 -32768 -32768
6 -96 71 -94 104 -32768 -32768 -32768 -32768
7 -15 -9 -14 23 -32768 -32768 -32768 -32768
8 56 -83 26 -17 -32768 -32768 -32768 -32768
9 90 -116 7 1 -32768 -32768 -32768 -32768
10 129 -154 44 -31 -32768 -32768 -32768 -32768
11 167 -191 54 -45 -32768 -32768 -32768 -32768
12 188 -213 80 -68 -32768 -32768 -32768 -32768
13 213 -241 111 -101 -32768 -32768 -32768 -32768
14 254 -276 115 -111 -32768 -32768 -32768 -32768
15 288 -317 119 -115 -32768 -32768 -32768 -32768
16 266 -290 103 -91 -32768 -32768 -32768 -32768
17 220 -242 61 -55 -32768 -32768 -32768 -32768
18 195 -220 64 -55 -32768 -32768 -32768 -32768
19 170 -195 61 -51 -32768 -32768 -32768 -32768
20 173 -201 75 -65 -32768 -32768 -32768 -32768
21 241 -266 42 -35 -32768 -32768 -32768 -32768
22 262 -288 43 -30 -32768 -32768 -32768 -32768
23 280 -305 37 -27 -32768 -32768 -32768 -32768
24 293 -318 27 -18 -32768 -32768 -32768 -32768
25 318 -344 26 -16 -32768 -32768 -32768 -32768
26 343 -369 30 -19 -32768 -32768 -32768 -32768
27 347 -374 42 -33 -32768 -32768 -32768 -32768
28 386 -409 95 -83 -32768 -32768 -32768 -32768
29 424 -450 131 -119 -32768 -32768 -32768 -32768
30 440 -466 152 -139 -32768 -32768 -32768 -32768
31 461 -487 188 -174 -32768 -32768 -32768 -32768
32 485 -510 214 -207 -32768 -32768 -32768 -32768
33 456 -482 254 -243 -32768 -32768 -32768 -32768
34 446 -472 255 -245 -32768 -32768 -32768 -32768
35 455 -480 247 -235 -32768 -32768 -32768 -32768
36 454 -480 236 -225 -32768 -32768 -32768 -32768
37 448 -474 232 -226 -32768 -32768 -32768 -32768
38 436 -464 255 -246 -32768 -32768 -32768 -32768
39 411 -436 233 -223 -32768 -32768 -32768 -32768
40 411 -437 246 -235 -32768 -32768 -32768 -32768
41 414 -439 241 -228 -32768 -32768 -32768 -32768
42 420 -445 238 -227 -32768 -32768 -32768 -32768
43 418 -444 243 -235 -32768 -32768 -32768 -32768
44 422 -449 243 -230 -32768 -32768 -32768 -32768
45 427 -449 230 -218 -32768 -32768 -32768 -32768
46 525 -558 244 -232 -32768 -32768 -32768 -32768
47 483 -507 247 -234 -32768 -32768 -32768 -32768
48 390 -414 225 -212 -32768 -32768 -32768 -32768
49 421 -445 195 -186 -32768 -32768 -32768 -32768
50 424 -451 232 -222 -32768 -32768 -32768 -32768
51 400 -428 240 -231 -32768 -32768 -32768 -32768
52 422 -449 226 -216 -32768 -32768 -32768 -32768
