OSINK 5A
1
01.02.21
Osova
0.0 0.0
0.0
0.00 0.00
-1.00 -1.00
0.00 0.00
20000.00
0.0
50
50
N
1
52
1 -107 77 -145 155 -32768 -32768 -32768 -32768
2 -107 77 -145 155 -32768 -32768 -32768 -32768
3 -107 77 -145 155 -32768 -32768 -32768 -32768
4 -107 77 -145 155 -32768 -32768 -32768 -32768
5 -133 97 -143 150 -32768 -32768 -32768 -32768
6 -117 82 -98 106 -32768 -32768 -32768 -32768
7 -35 0 -19 28 -32768 -32768 -32768 -32768
8 41 -76 27 -19 -32768 -32768 -32768 -32768
9 74 -110 6 1 -32768 -32768 -32768 -32768
10 112 -148 39 -30 -32768 -32768 -32768 -32768
11 153 -187 52 -45 -32768 -32768 -32768 -32768
12 178 -214 75 -66 -32768 -32768 -32768 -32768
13 206 -240 107 -97 -32768 -32768 -32768 -32768
14 241 -277 121 -111 -32768 -32768 -32768 -32768
15 283 -317 115 -108 -32768 -32768 -32768 -32768
16 265 -299 104 -94 -32768 -32768 -32768 -32768
17 218 -253 61 -54 -32768 -32768 -32768 -32768
18 193 -227 61 -54 -32768 -32768 -32768 -32768
19 164 -199 58 -48 -32768 -32768 -32768 -32768
20 168 -203 73 -64 -32768 -32768 -32768 -32768
21 232 -266 40 -34 -32768 -32768 -32768 -32768
22 254 -287 41 -30 -32768 -32768 -32768 -32768
23 272 -304 35 -28 -32768 -32768 -32768 -32768
24 283 -317 26 -19 -32768 -32768 -32768 -32768
25 302 -338 24 -14 -32768 -32768 -32768 -32768
26 333 -368 29 -19 -32768 -32768 -32768 -32768
27 335 -371 37 -28 -32768 -32768 -32768 -32768
28 375 -408 90 -81 -32768 -32768 -32768 -32768
29 410 -447 126 -117 -32768 -32768 -32768 -32768
30 431 -465 146 -137 -32768 -32768 -32768 -32768
31 451 -485 181 -170 -32768 -32768 -32768 -32768
32 476 -509 212 -204 -32768 -32768 -32768 -32768
33 448 -484 249 -239 -32768 -32768 -32768 -32768
34 436 -473 254 -245 -32768 -32768 -32768 -32768
35 446 -480 246 -237 -32768 -32768 -32768 -32768
36 449 -481 233 -224 -32768 -32768 -32768 -32768
37 442 -476 229 -224 -32768 -32768 -32768 -32768
38 433 -467 252 -245 -32768 -32768 -32768 -32768
39 406 -439 230 -221 -32768 -32768 -32768 -32768
40 405 -439 244 -234 -32768 -32768 -32768 -32768
41 408 -441 238 -229 -32768 -32768 -32768 -32768
42 415 -449 236 -228 -32768 -32768 -32768 -32768
43 413 -448 239 -234 -32768 -32768 -32768 -32768
44 418 -452 241 -232 -32768 -32768 -32768 -32768
45 423 -456 226 -217 -32768 -32768 -32768 -32768
46 513 -546 238 -230 -32768 -32768 -32768 -32768
47 495 -528 240 -231 -32768 -32768 -32768 -32768
48 380 -414 223 -216 -32768 -32768 -32768 -32768
49 417 -453 194 -187 -32768 -32768 -32768 -32768
50 423 -459 227 -218 -32768 -32768 -32768 -32768
51 397 -432 236 -228 -32768 -32768 -32768 -32768
52 418 -450 222 -217 -32768 -32768 -32768 -32768
