OSINK 5A
1
18.11.20
Osova
0.0 0.0
0.0
0.00 0.00
-1.00 -1.00
0.00 0.00
20000.00
0.0
50
50
N
1
52
1 -110 95 -105 115 -32768 -32768 -32768 -32768
2 -112 95 -104 115 -32768 -32768 -32768 -32768
3 -112 96 -104 115 -32768 -32768 -32768 -32768
4 -112 96 -104 115 -32768 -32768 -32768 -32768
5 -122 96 -146 115 -32768 -32768 -32768 -32768
6 -108 113 -103 154 -32768 -32768 -32768 -32768
7 -24 101 -19 116 -32768 -32768 -32768 -32768
8 50 25 28 40 -32768 -32768 -32768 -32768
9 85 -57 4 -21 -32768 -32768 -32768 -32768
10 117 -94 35 5 -32768 -32768 -32768 -32768
11 159 -125 51 -22 -32768 -32768 -32768 -32768
12 185 -167 73 -42 -32768 -32768 -32768 -32768
13 213 -224 105 -92 -32768 -32768 -32768 -32768
14 246 -258 124 -117 -32768 -32768 -32768 -32768
15 289 -298 113 -101 -32768 -32768 -32768 -32768
16 273 -283 103 -95 -32768 -32768 -32768 -32768
17 226 -238 60 -53 -32768 -32768 -32768 -32768
18 199 -206 57 -49 -32768 -32768 -32768 -32768
19 168 -178 53 -44 -32768 -32768 -32768 -32768
20 167 -178 73 -65 -32768 -32768 -32768 -32768
21 229 -241 37 -30 -32768 -32768 -32768 -32768
22 251 -261 38 -26 -32768 -32768 -32768 -32768
23 265 -275 30 -24 -32768 -32768 -32768 -32768
24 279 -290 25 -15 -32768 -32768 -32768 -32768
25 293 -304 20 -11 -32768 -32768 -32768 -32768
26 330 -340 28 -18 -32768 -32768 -32768 -32768
27 333 -340 29 -19 -32768 -32768 -32768 -32768
28 371 -379 84 -70 -32768 -32768 -32768 -32768
29 408 -417 123 -112 -32768 -32768 -32768 -32768
30 431 -439 145 -134 -32768 -32768 -32768 -32768
31 445 -454 173 -162 -32768 -32768 -32768 -32768
32 479 -488 206 -197 -32768 -32768 -32768 -32768
33 447 -458 242 -234 -32768 -32768 -32768 -32768
34 439 -447 251 -244 -32768 -32768 -32768 -32768
35 447 -453 245 -237 -32768 -32768 -32768 -32768
36 450 -459 230 -222 -32768 -32768 -32768 -32768
37 445 -455 225 -220 -32768 -32768 -32768 -32768
38 439 -448 252 -246 -32768 -32768 -32768 -32768
39 411 -420 226 -216 -32768 -32768 -32768 -32768
40 411 -420 241 -233 -32768 -32768 -32768 -32768
41 415 -423 234 -226 -32768 -32768 -32768 -32768
42 424 -434 235 -226 -32768 -32768 -32768 -32768
43 422 -432 236 -231 -32768 -32768 -32768 -32768
44 428 -436 240 -235 -32768 -32768 -32768 -32768
45 431 -441 224 -212 -32768 -32768 -32768 -32768
46 509 -522 236 -227 -32768 -32768 -32768 -32768
47 515 -527 234 -225 -32768 -32768 -32768 -32768
48 398 -402 226 -213 -32768 -32768 -32768 -32768
49 429 -432 194 -187 -32768 -32768 -32768 -32768
50 438 -448 223 -214 -32768 -32768 -32768 -32768
51 409 -420 235 -228 -32768 -32768 -32768 -32768
52 429 -437 221 -215 -32768 -32768 -32768 -32768
