OSINK 5A
1
10.03.21
Osova
0.0 0.0
0.0
0.00 0.00
-1.00 -1.00
0.00 0.00
20000.00
0.0
50
50
N
1
52
1 -108 120 -156 160 -32768 -32768 -32768 -32768
2 -108 120 -156 160 -32768 -32768 -32768 -32768
3 -108 120 -156 160 -32768 -32768 -32768 -32768
4 -108 120 -156 160 -32768 -32768 -32768 -32768
5 -118 113 -145 150 -32768 -32768 -32768 -32768
6 -104 95 -96 102 -32768 -32768 -32768 -32768
7 -23 13 -20 24 -32768 -32768 -32768 -32768
8 54 -60 25 -20 -32768 -32768 -32768 -32768
9 87 -97 7 -1 -32768 -32768 -32768 -32768
10 127 -135 40 -32 -32768 -32768 -32768 -32768
11 164 -172 52 -46 -32768 -32768 -32768 -32768
12 189 -196 75 -68 -32768 -32768 -32768 -32768
13 219 -227 108 -99 -32768 -32768 -32768 -32768
14 252 -264 120 -111 -32768 -32768 -32768 -32768
15 296 -303 117 -109 -32768 -32768 -32768 -32768
16 276 -286 102 -94 -32768 -32768 -32768 -32768
17 233 -241 61 -55 -32768 -32768 -32768 -32768
18 206 -215 61 -56 -32768 -32768 -32768 -32768
19 180 -187 57 -50 -32768 -32768 -32768 -32768
20 184 -189 72 -66 -32768 -32768 -32768 -32768
21 247 -255 40 -34 -32768 -32768 -32768 -32768
22 269 -275 40 -32 -32768 -32768 -32768 -32768
23 286 -294 35 -29 -32768 -32768 -32768 -32768
24 298 -307 25 -20 -32768 -32768 -32768 -32768
25 319 -328 24 -17 -32768 -32768 -32768 -32768
26 348 -356 29 -20 -32768 -32768 -32768 -32768
27 352 -361 38 -31 -32768 -32768 -32768 -32768
28 392 -398 95 -84 -32768 -32768 -32768 -32768
29 428 -436 127 -121 -32768 -32768 -32768 -32768
30 445 -453 148 -140 -32768 -32768 -32768 -32768
31 467 -475 183 -172 -32768 -32768 -32768 -32768
32 492 -500 213 -204 -32768 -32768 -32768 -32768
33 462 -471 250 -242 -32768 -32768 -32768 -32768
34 453 -461 254 -246 -32768 -32768 -32768 -32768
35 462 -469 246 -239 -32768 -32768 -32768 -32768
36 463 -471 233 -225 -32768 -32768 -32768 -32768
37 457 -464 228 -227 -32768 -32768 -32768 -32768
38 446 -454 252 -245 -32768 -32768 -32768 -32768
39 420 -426 229 -223 -32768 -32768 -32768 -32768
40 419 -427 243 -236 -32768 -32768 -32768 -32768
41 421 -428 237 -230 -32768 -32768 -32768 -32768
42 430 -436 236 -228 -32768 -32768 -32768 -32768
43 427 -437 238 -237 -32768 -32768 -32768 -32768
44 431 -438 240 -232 -32768 -32768 -32768 -32768
45 436 -444 225 -217 -32768 -32768 -32768 -32768
46 532 -536 237 -232 -32768 -32768 -32768 -32768
47 505 -518 239 -232 -32768 -32768 -32768 -32768
48 395 -402 222 -216 -32768 -32768 -32768 -32768
49 429 -440 193 -189 -32768 -32768 -32768 -32768
50 437 -446 226 -219 -32768 -32768 -32768 -32768
51 411 -419 235 -230 -32768 -32768 -32768 -32768
52 430 -438 223 -218 -32768 -32768 -32768 -32768
