OSINK 5A
1
11.11.20
Osova
0.0 0.0
0.0
0.00 0.00
-1.00 -1.00
0.00 0.00
20000.00
0.0
50
50
N
1
52
1 -114 93 -107 100 -32768 -32768 -32768 -32768
2 -114 93 -107 100 -32768 -32768 -32768 -32768
3 -114 93 -107 100 -32768 -32768 -32768 -32768
4 -113 90 -108 99 -32768 -32768 -32768 -32768
5 -126 108 -155 147 -32768 -32768 -32768 -32768
6 -112 89 -113 102 -32768 -32768 -32768 -32768
7 -37 18 -34 29 -32768 -32768 -32768 -32768
8 42 -61 21 -28 -32768 -32768 -32768 -32768
9 82 -100 -2 -4 -32768 -32768 -32768 -32768
10 112 -131 28 -30 -32768 -32768 -32768 -32768
11 152 -170 43 -50 -32768 -32768 -32768 -32768
12 181 -199 66 -70 -32768 -32768 -32768 -32768
13 207 -225 96 -100 -32768 -32768 -32768 -32768
14 240 -260 118 -126 -32768 -32768 -32768 -32768
15 283 -305 103 -113 -32768 -32768 -32768 -32768
16 269 -285 96 -98 -32768 -32768 -32768 -32768
17 221 -237 52 -58 -32768 -32768 -32768 -32768
18 195 -211 50 -57 -32768 -32768 -32768 -32768
19 163 -182 46 -52 -32768 -32768 -32768 -32768
20 164 -184 65 -71 -32768 -32768 -32768 -32768
21 226 -248 30 -39 -32768 -32768 -32768 -32768
22 245 -262 31 -35 -32768 -32768 -32768 -32768
23 260 -280 25 -32 -32768 -32768 -32768 -32768
24 276 -295 18 -25 -32768 -32768 -32768 -32768
25 287 -308 14 -19 -32768 -32768 -32768 -32768
26 325 -344 21 -26 -32768 -32768 -32768 -32768
27 327 -345 20 -29 -32768 -32768 -32768 -32768
28 364 -384 75 -80 -32768 -32768 -32768 -32768
29 399 -418 114 -120 -32768 -32768 -32768 -32768
30 424 -444 135 -142 -32768 -32768 -32768 -32768
31 440 -459 166 -172 -32768 -32768 -32768 -32768
32 473 -493 200 -205 -32768 -32768 -32768 -32768
33 442 -463 235 -242 -32768 -32768 -32768 -32768
34 435 -453 243 -252 -32768 -32768 -32768 -32768
35 441 -459 238 -245 -32768 -32768 -32768 -32768
36 446 -463 224 -229 -32768 -32768 -32768 -32768
37 442 -459 218 -229 -32768 -32768 -32768 -32768
38 435 -453 245 -253 -32768 -32768 -32768 -32768
39 405 -423 220 -225 -32768 -32768 -32768 -32768
40 406 -424 234 -241 -32768 -32768 -32768 -32768
41 410 -427 228 -234 -32768 -32768 -32768 -32768
42 420 -438 228 -233 -32768 -32768 -32768 -32768
43 416 -435 229 -239 -32768 -32768 -32768 -32768
44 423 -441 233 -241 -32768 -32768 -32768 -32768
45 427 -445 216 -222 -32768 -32768 -32768 -32768
46 500 -522 229 -235 -32768 -32768 -32768 -32768
47 518 -515 227 -237 -32768 -32768 -32768 -32768
48 394 -409 219 -224 -32768 -32768 -32768 -32768
49 425 -445 189 -196 -32768 -32768 -32768 -32768
50 433 -451 216 -224 -32768 -32768 -32768 -32768
51 406 -424 227 -235 -32768 -32768 -32768 -32768
52 423 -443 218 -222 -32768 -32768 -32768 -32768
