OSINK 11A
1
27.08.20
Osova
0.0 0.0
0.0
0.00 0.00
-1.00 -1.00
0.00 0.00
20000.00
0.0
50
50
N
1
52
1 34 -48 -85 82 -90 78 -45 38
2 34 -48 -85 82 -90 78 -45 38
3 34 -48 -85 82 -90 78 -45 38
4 34 -48 -85 82 -90 78 -45 38
5 49 -65 2 -3 -5 -8 -59 58
6 13 -26 22 -30 16 -33 -22 14
7 12 -25 -31 25 -35 20 -23 17
8 16 -29 -81 76 -87 73 -26 20
9 1 -14 -113 111 -119 105 -12 8
10 -19 6 -148 137 -150 136 6 -14
11 -17 3 -147 140 -148 135 7 -12
12 47 -60 -62 57 -68 56 -53 49
13 54 -68 -44 38 -51 38 -66 61
14 67 -79 -37 32 -42 29 -76 72
15 76 -89 -30 26 -36 22 -85 81
16 76 -91 -34 25 -36 22 -85 77
17 57 -70 -32 24 -33 20 -69 67
18 96 -110 9 -14 3 -16 -107 100
19 111 -124 14 -18 8 -21 -118 117
20 113 -127 17 -23 12 -25 -121 115
21 94 -107 14 -22 12 -24 -105 99
22 99 -112 38 -43 33 -47 -107 102
23 107 -120 66 -75 63 -79 -115 109
24 92 -105 104 -109 99 -113 -99 94
25 106 -121 83 -89 79 -91 -115 109
26 145 -159 100 -106 95 -108 -154 150
27 195 -206 107 -110 98 -111 -202 197
28 229 -244 49 -58 43 -57 -243 234
29 234 -250 23 -29 17 -29 -243 238
30 252 -265 52 -56 42 -56 -260 254
31 234 -248 45 -50 37 -50 -243 237
32 264 -276 77 -81 68 -80 -272 267
33 259 -271 85 -91 79 -92 -266 261
34 250 -263 138 -145 133 -146 -259 251
35 239 -251 141 -146 135 -146 -246 240
36 223 -236 116 -121 111 -124 -230 225
37 228 -242 91 -96 86 -98 -237 232
38 248 -262 50 -55 42 -54 -257 252
39 260 -272 23 -27 15 -28 -269 263
40 254 -267 15 -23 9 -21 -263 255
41 213 -227 56 -59 49 -63 -222 218
42 214 -226 96 -102 90 -102 -218 215
43 220 -231 103 -105 95 -107 -226 221
44 215 -227 108 -115 102 -116 -223 216
45 213 -225 107 -112 100 -114 -220 214
46 192 -205 110 -117 104 -119 -200 194
47 187 -200 116 -124 106 -121 -194 187
48 209 -221 142 -149 138 -152 -217 212
49 209 -219 139 -142 132 -145 -212 209
50 100 -110 114 -120 108 -122 -107 99
51 65 -81 112 -118 108 -122 -75 69
52 161 -176 113 -118 108 -121 -169 164
