OSINK 11A
1
03.12.20
Osova
0.0 0.0
0.0
0.00 0.00
-1.00 -1.00
0.00 0.00
20000.00
0.0
50
50
N
1
52
1 65 -75 -105 110 -32768 -32768 -32768 -32768
2 65 -75 -105 110 -32768 -32768 -32768 -32768
3 65 -75 -105 110 -32768 -32768 -32768 -32768
4 65 -74 -106 110 -32768 -32768 -32768 -32768
5 54 -63 -40 51 -32768 -32768 -32768 -32768
6 23 -32 -15 23 -32768 -32768 -32768 -32768
7 17 -26 -45 56 -32768 -32768 -32768 -32768
8 6 -16 -92 102 -32768 -32768 -32768 -32768
9 -4 -4 -131 141 -32768 -32768 -32768 -32768
10 -22 12 -155 162 -32768 -32768 -32768 -32768
11 4 -13 -111 119 -32768 -32768 -32768 -32768
12 40 -48 -51 59 -32768 -32768 -32768 -32768
13 54 -64 -49 57 -32768 -32768 -32768 -32768
14 68 -77 -37 48 -32768 -32768 -32768 -32768
15 87 -94 -20 30 -32768 -32768 -32768 -32768
16 93 -101 -25 33 -32768 -32768 -32768 -32768
17 87 -97 -10 21 -32768 -32768 -32768 -32768
18 125 -133 22 -15 -32768 -32768 -32768 -32768
19 140 -148 29 -19 -32768 -32768 -32768 -32768
20 133 -139 30 -21 -32768 -32768 -32768 -32768
21 117 -125 33 -24 -32768 -32768 -32768 -32768
22 118 -129 57 -49 -32768 -32768 -32768 -32768
23 126 -130 92 -90 -32768 -32768 -32768 -32768
24 110 -116 116 -108 -32768 -32768 -32768 -32768
25 126 -135 94 -85 -32768 -32768 -32768 -32768
26 170 -177 117 -107 -32768 -32768 -32768 -32768
27 214 -223 115 -104 -32768 -32768 -32768 -32768
28 247 -256 56 -49 -32768 -32768 -32768 -32768
29 252 -258 36 -28 -32768 -32768 -32768 -32768
30 259 -266 62 -53 -32768 -32768 -32768 -32768
31 233 -252 56 -47 -32768 -32768 -32768 -32768
32 277 -284 89 -78 -32768 -32768 -32768 -32768
33 267 -274 97 -89 -32768 -32768 -32768 -32768
34 258 -266 158 -150 -32768 -32768 -32768 -32768
35 246 -253 149 -140 -32768 -32768 -32768 -32768
36 225 -234 114 -107 -32768 -32768 -32768 -32768
37 233 -252 97 -90 -32768 -32768 -32768 -32768
38 256 -264 54 -44 -32768 -32768 -32768 -32768
39 261 -269 30 -19 -32768 -32768 -32768 -32768
40 260 -266 24 -20 -32768 -32768 -32768 -32768
41 216 -223 68 -58 -32768 -32768 -32768 -32768
42 216 -224 104 -94 -32768 -32768 -32768 -32768
43 222 -230 110 -101 -32768 -32768 -32768 -32768
44 218 -227 116 -108 -32768 -32768 -32768 -32768
45 213 -221 115 -105 -32768 -32768 -32768 -32768
46 195 -204 117 -109 -32768 -32768 -32768 -32768
47 191 -197 125 -120 -32768 -32768 -32768 -32768
48 211 -219 148 -141 -32768 -32768 -32768 -32768
49 212 -217 145 -135 -32768 -32768 -32768 -32768
50 103 -107 120 -113 -32768 -32768 -32768 -32768
51 71 -78 118 -111 -32768 -32768 -32768 -32768
52 165 -172 118 -111 -32768 -32768 -32768 -32768
