OSINK 11A
1
07.01.21
Osova
0.0 0.0
0.0
0.00 0.00
-1.00 -1.00
0.00 0.00
20000.00
0.0
50
50
N
1
52
1 52 -72 -115 108 -32768 -32768 -32768 -32768
2 52 -72 -115 107 -32768 -32768 -32768 -32768
3 52 -72 -116 107 -32768 -32768 -32768 -32768
4 52 -70 -116 107 -32768 -32768 -32768 -32768
5 45 -66 -45 49 -32768 -32768 -32768 -32768
6 13 -34 -20 20 -32768 -32768 -32768 -32768
7 8 -29 -54 56 -32768 -32768 -32768 -32768
8 -1 -19 -100 101 -32768 -32768 -32768 -32768
9 -11 -7 -139 138 -32768 -32768 -32768 -32768
10 -28 8 -161 157 -32768 -32768 -32768 -32768
11 -8 -8 -125 129 -32768 -32768 -32768 -32768
12 30 -52 -56 55 -32768 -32768 -32768 -32768
13 47 -70 -55 55 -32768 -32768 -32768 -32768
14 60 -80 -43 44 -32768 -32768 -32768 -32768
15 80 -101 -26 25 -32768 -32768 -32768 -32768
16 86 -106 -31 30 -32768 -32768 -32768 -32768
17 82 -103 -12 13 -32768 -32768 -32768 -32768
18 119 -138 18 -19 -32768 -32768 -32768 -32768
19 135 -155 24 -24 -32768 -32768 -32768 -32768
20 126 -147 24 -27 -32768 -32768 -32768 -32768
21 99 -132 23 -30 -32768 -32768 -32768 -32768
22 113 -134 54 -54 -32768 -32768 -32768 -32768
23 119 -136 88 -92 -32768 -32768 -32768 -32768
24 102 -122 110 -109 -32768 -32768 -32768 -32768
25 117 -139 90 -90 -32768 -32768 -32768 -32768
26 162 -182 113 -112 -32768 -32768 -32768 -32768
27 210 -226 105 -110 -32768 -32768 -32768 -32768
28 243 -261 45 -51 -32768 -32768 -32768 -32768
29 244 -264 33 -34 -32768 -32768 -32768 -32768
30 251 -271 57 -58 -32768 -32768 -32768 -32768
31 236 -256 52 -53 -32768 -32768 -32768 -32768
32 270 -289 84 -83 -32768 -32768 -32768 -32768
33 259 -277 93 -95 -32768 -32768 -32768 -32768
34 249 -271 154 -153 -32768 -32768 -32768 -32768
35 238 -257 145 -147 -32768 -32768 -32768 -32768
36 217 -238 110 -111 -32768 -32768 -32768 -32768
37 228 -247 85 -87 -32768 -32768 -32768 -32768
38 249 -268 47 -48 -32768 -32768 -32768 -32768
39 254 -273 23 -25 -32768 -32768 -32768 -32768
40 250 -270 19 -24 -32768 -32768 -32768 -32768
41 208 -228 65 -66 -32768 -32768 -32768 -32768
42 208 -229 99 -98 -32768 -32768 -32768 -32768
43 213 -232 105 -107 -32768 -32768 -32768 -32768
44 210 -230 110 -113 -32768 -32768 -32768 -32768
45 204 -225 110 -110 -32768 -32768 -32768 -32768
46 186 -208 112 -113 -32768 -32768 -32768 -32768
47 184 -201 123 -126 -32768 -32768 -32768 -32768
48 202 -223 143 -146 -32768 -32768 -32768 -32768
49 201 -220 139 -139 -32768 -32768 -32768 -32768
50 86 -110 113 -118 -32768 -32768 -32768 -32768
51 65 -85 114 -115 -32768 -32768 -32768 -32768
52 161 -177 115 -116 -32768 -32768 -32768 -32768
