OSINK 11A
1
04.02.21
Osova
0.0 0.0
0.0
0.00 0.00
-1.00 -1.00
0.00 0.00
20000.00
0.0
50
50
N
1
52
1 67 -90 -112 111 -32768 -32768 -32768 -32768
2 67 -90 -112 111 -32768 -32768 -32768 -32768
3 67 -90 -111 111 -32768 -32768 -32768 -32768
4 67 -90 -111 112 -32768 -32768 -32768 -32768
5 46 -70 -47 51 -32768 -32768 -32768 -32768
6 17 -39 -19 23 -32768 -32768 -32768 -32768
7 11 -32 -54 58 -32768 -32768 -32768 -32768
8 0 -25 -100 102 -32768 -32768 -32768 -32768
9 -11 -11 -139 140 -32768 -32768 -32768 -32768
10 -29 5 -161 162 -32768 -32768 -32768 -32768
11 -6 -14 -123 128 -32768 -32768 -32768 -32768
12 30 -53 -55 58 -32768 -32768 -32768 -32768
13 47 -70 -54 57 -32768 -32768 -32768 -32768
14 61 -85 -42 45 -32768 -32768 -32768 -32768
15 80 -103 -25 28 -32768 -32768 -32768 -32768
16 87 -111 -31 30 -32768 -32768 -32768 -32768
17 84 -108 -11 17 -32768 -32768 -32768 -32768
18 121 -144 18 -18 -32768 -32768 -32768 -32768
19 136 -159 27 -22 -32768 -32768 -32768 -32768
20 128 -151 25 -24 -32768 -32768 -32768 -32768
21 111 -136 29 -28 -32768 -32768 -32768 -32768
22 114 -139 55 -52 -32768 -32768 -32768 -32768
23 121 -140 88 -92 -32768 -32768 -32768 -32768
24 104 -126 110 -106 -32768 -32768 -32768 -32768
25 121 -143 92 -89 -32768 -32768 -32768 -32768
26 164 -187 114 -110 -32768 -32768 -32768 -32768
27 207 -231 111 -107 -32768 -32768 -32768 -32768
28 241 -265 51 -48 -32768 -32768 -32768 -32768
29 244 -266 32 -30 -32768 -32768 -32768 -32768
30 251 -275 59 -56 -32768 -32768 -32768 -32768
31 236 -260 53 -50 -32768 -32768 -32768 -32768
32 270 -294 86 -82 -32768 -32768 -32768 -32768
33 259 -281 94 -94 -32768 -32768 -32768 -32768
34 249 -275 152 -155 -32768 -32768 -32768 -32768
35 238 -260 145 -142 -32768 -32768 -32768 -32768
36 218 -241 111 -109 -32768 -32768 -32768 -32768
37 226 -249 91 -89 -32768 -32768 -32768 -32768
38 249 -271 51 -47 -32768 -32768 -32768 -32768
39 254 -277 26 -22 -32768 -32768 -32768 -32768
40 251 -274 20 -22 -32768 -32768 -32768 -32768
41 208 -231 62 -63 -32768 -32768 -32768 -32768
42 210 -231 100 -97 -32768 -32768 -32768 -32768
43 215 -237 108 -104 -32768 -32768 -32768 -32768
44 212 -234 113 -111 -32768 -32768 -32768 -32768
45 206 -229 111 -109 -32768 -32768 -32768 -32768
46 188 -209 112 -111 -32768 -32768 -32768 -32768
47 184 -210 122 -126 -32768 -32768 -32768 -32768
48 201 -226 145 -144 -32768 -32768 -32768 -32768
49 202 -225 142 -139 -32768 -32768 -32768 -32768
50 87 -110 116 -115 -32768 -32768 -32768 -32768
51 60 -91 115 -113 -32768 -32768 -32768 -32768
52 152 -184 116 -114 -32768 -32768 -32768 -32768
