OSINK 11A
1
26.11.20
Osova
0.0 0.0
0.0
0.00 0.00
-1.00 -1.00
0.00 0.00
20000.00
0.0
50
50
N
1
52
1 61 -99 -156 170 -32768 -32768 -32768 -32768
2 61 -99 -156 170 -32768 -32768 -32768 -32768
3 61 -100 -156 170 -32768 -32768 -32768 -32768
4 61 -100 -157 170 -32768 -32768 -32768 -32768
5 41 -75 -42 54 -32768 -32768 -32768 -32768
6 9 -44 -14 26 -32768 -32768 -32768 -32768
7 2 -37 -46 58 -32768 -32768 -32768 -32768
8 -7 -29 -91 105 -32768 -32768 -32768 -32768
9 -20 -17 -130 141 -32768 -32768 -32768 -32768
10 -35 0 -153 165 -32768 -32768 -32768 -32768
11 -9 -28 -111 119 -32768 -32768 -32768 -32768
12 25 -61 -51 62 -32768 -32768 -32768 -32768
13 38 -75 -48 59 -32768 -32768 -32768 -32768
14 54 -90 -37 50 -32768 -32768 -32768 -32768
15 74 -109 -20 30 -32768 -32768 -32768 -32768
16 79 -115 -26 35 -32768 -32768 -32768 -32768
17 73 -112 -8 26 -32768 -32768 -32768 -32768
18 110 -146 22 -13 -32768 -32768 -32768 -32768
19 126 -161 29 -16 -32768 -32768 -32768 -32768
20 120 -155 30 -20 -32768 -32768 -32768 -32768
21 103 -140 34 -21 -32768 -32768 -32768 -32768
22 104 -142 57 -47 -32768 -32768 -32768 -32768
23 113 -151 91 -80 -32768 -32768 -32768 -32768
24 95 -130 116 -102 -32768 -32768 -32768 -32768
25 117 -147 95 -83 -32768 -32768 -32768 -32768
26 154 -190 117 -104 -32768 -32768 -32768 -32768
27 210 -234 101 -103 -32768 -32768 -32768 -32768
28 234 -270 55 -45 -32768 -32768 -32768 -32768
29 237 -277 38 -23 -32768 -32768 -32768 -32768
30 244 -279 62 -50 -32768 -32768 -32768 -32768
31 229 -265 56 -44 -32768 -32768 -32768 -32768
32 263 -298 89 -75 -32768 -32768 -32768 -32768
33 252 -287 99 -88 -32768 -32768 -32768 -32768
34 243 -280 158 -147 -32768 -32768 -32768 -32768
35 232 -266 149 -136 -32768 -32768 -32768 -32768
36 213 -249 118 -107 -32768 -32768 -32768 -32768
37 220 -255 94 -83 -32768 -32768 -32768 -32768
38 240 -277 53 -43 -32768 -32768 -32768 -32768
39 248 -282 28 -17 -32768 -32768 -32768 -32768
40 244 -280 24 -17 -32768 -32768 -32768 -32768
41 201 -239 70 -52 -32768 -32768 -32768 -32768
42 202 -237 104 -92 -32768 -32768 -32768 -32768
43 207 -243 111 -99 -32768 -32768 -32768 -32768
44 204 -240 116 -106 -32768 -32768 -32768 -32768
45 200 -236 115 -103 -32768 -32768 -32768 -32768
46 180 -219 119 -107 -32768 -32768 -32768 -32768
47 178 -214 127 -120 -32768 -32768 -32768 -32768
48 197 -234 149 -140 -32768 -32768 -32768 -32768
49 198 -234 146 -133 -32768 -32768 -32768 -32768
50 96 -118 122 -111 -32768 -32768 -32768 -32768
51 56 -90 120 -109 -32768 -32768 -32768 -32768
52 152 -189 120 -109 -32768 -32768 -32768 -32768
