OSINK 11A
1
12.11.20
Osova
0.0 0.0
0.0
0.00 0.00
-1.00 -1.00
0.00 0.00
20000.00
0.0
50
50
N
1
52
1 70 -91 -159 167 -32768 -32768 -32768 -32768
2 70 -91 -159 167 -32768 -32768 -32768 -32768
3 70 -91 -159 167 -32768 -32768 -32768 -32768
4 70 -91 -159 167 -32768 -32768 -32768 -32768
5 48 -68 -45 49 -32768 -32768 -32768 -32768
6 16 -36 -19 18 -32768 -32768 -32768 -32768
7 13 -29 -54 53 -32768 -32768 -32768 -32768
8 3 -21 -97 97 -32768 -32768 -32768 -32768
9 -9 -9 -135 135 -32768 -32768 -32768 -32768
10 -25 7 -158 157 -32768 -32768 -32768 -32768
11 -5 -9 -123 128 -32768 -32768 -32768 -32768
12 35 -53 -54 55 -32768 -32768 -32768 -32768
13 47 -68 -53 52 -32768 -32768 -32768 -32768
14 66 -84 -42 43 -32768 -32768 -32768 -32768
15 84 -101 -25 27 -32768 -32768 -32768 -32768
16 88 -107 -32 30 -32768 -32768 -32768 -32768
17 82 -102 -14 21 -32768 -32768 -32768 -32768
18 119 -136 16 -18 -32768 -32768 -32768 -32768
19 133 -151 23 -21 -32768 -32768 -32768 -32768
20 127 -145 23 -24 -32768 -32768 -32768 -32768
21 109 -128 28 -26 -32768 -32768 -32768 -32768
22 112 -131 54 -52 -32768 -32768 -32768 -32768
23 118 -137 83 -85 -32768 -32768 -32768 -32768
24 101 -119 108 -107 -32768 -32768 -32768 -32768
25 118 -137 88 -88 -32768 -32768 -32768 -32768
26 161 -181 111 -107 -32768 -32768 -32768 -32768
27 206 -223 113 -108 -32768 -32768 -32768 -32768
28 235 -259 47 -48 -32768 -32768 -32768 -32768
29 245 -266 30 -28 -32768 -32768 -32768 -32768
30 252 -270 55 -55 -32768 -32768 -32768 -32768
31 238 -255 49 -48 -32768 -32768 -32768 -32768
32 271 -288 82 -80 -32768 -32768 -32768 -32768
33 260 -278 92 -91 -32768 -32768 -32768 -32768
34 252 -271 152 -152 -32768 -32768 -32768 -32768
35 241 -257 145 -143 -32768 -32768 -32768 -32768
36 221 -239 110 -111 -32768 -32768 -32768 -32768
37 229 -248 89 -89 -32768 -32768 -32768 -32768
38 250 -269 49 -46 -32768 -32768 -32768 -32768
39 257 -274 25 -22 -32768 -32768 -32768 -32768
40 253 -257 18 -21 -32768 -32768 -32768 -32768
41 211 -228 60 -63 -32768 -32768 -32768 -32768
42 211 -229 99 -97 -32768 -32768 -32768 -32768
43 218 -234 106 -105 -32768 -32768 -32768 -32768
44 213 -232 110 -111 -32768 -32768 -32768 -32768
45 209 -227 109 -108 -32768 -32768 -32768 -32768
46 196 -207 112 -112 -32768 -32768 -32768 -32768
47 189 -199 121 -127 -32768 -32768 -32768 -32768
48 206 -225 143 -145 -32768 -32768 -32768 -32768
49 206 -219 141 -135 -32768 -32768 -32768 -32768
50 90 -109 115 -116 -32768 -32768 -32768 -32768
51 69 -86 114 -115 -32768 -32768 -32768 -32768
52 168 -185 113 -114 -32768 -32768 -32768 -32768
