OSINK 11A
1
01.04.21
Osova
0.0 0.0
0.0
0.00 0.00
-1.00 -1.00
0.00 0.00
20000.00
0.0
50
50
N
1
52
1 64 -89 -106 101 -32768 -32768 -32768 -32768
2 64 -90 -106 102 -32768 -32768 -32768 -32768
3 64 -90 -106 102 -32768 -32768 -32768 -32768
4 64 -90 -106 102 -32768 -32768 -32768 -32768
5 42 -72 -47 48 -32768 -32768 -32768 -32768
6 11 -39 -21 19 -32768 -32768 -32768 -32768
7 6 -32 -58 55 -32768 -32768 -32768 -32768
8 -2 -23 -103 102 -32768 -32768 -32768 -32768
9 -14 -12 -142 139 -32768 -32768 -32768 -32768
10 -31 5 -164 161 -32768 -32768 -32768 -32768
11 -10 -14 -126 125 -32768 -32768 -32768 -32768
12 29 -53 -58 56 -32768 -32768 -32768 -32768
13 45 -72 -58 56 -32768 -32768 -32768 -32768
14 60 -86 -44 43 -32768 -32768 -32768 -32768
15 81 -105 -27 25 -32768 -32768 -32768 -32768
16 87 -113 -33 28 -32768 -32768 -32768 -32768
17 84 -111 -14 16 -32768 -32768 -32768 -32768
18 121 -147 17 -21 -32768 -32768 -32768 -32768
19 136 -162 25 -25 -32768 -32768 -32768 -32768
20 126 -152 23 -27 -32768 -32768 -32768 -32768
21 112 -139 29 -30 -32768 -32768 -32768 -32768
22 114 -141 54 -55 -32768 -32768 -32768 -32768
23 120 -149 87 -93 -32768 -32768 -32768 -32768
24 102 -128 108 -109 -32768 -32768 -32768 -32768
25 119 -145 89 -91 -32768 -32768 -32768 -32768
26 163 -187 112 -115 -32768 -32768 -32768 -32768
27 206 -232 108 -109 -32768 -32768 -32768 -32768
28 241 -265 44 -50 -32768 -32768 -32768 -32768
29 241 -268 31 -33 -32768 -32768 -32768 -32768
30 248 -275 56 -58 -32768 -32768 -32768 -32768
31 234 -262 50 -52 -32768 -32768 -32768 -32768
32 267 -294 84 -82 -32768 -32768 -32768 -32768
33 255 -282 92 -95 -32768 -32768 -32768 -32768
34 247 -275 155 -158 -32768 -32768 -32768 -32768
35 233 -259 140 -141 -32768 -32768 -32768 -32768
36 214 -242 108 -111 -32768 -32768 -32768 -32768
37 224 -250 87 -90 -32768 -32768 -32768 -32768
38 246 -273 48 -48 -32768 -32768 -32768 -32768
39 250 -277 23 -24 -32768 -32768 -32768 -32768
40 248 -274 19 -24 -32768 -32768 -32768 -32768
41 205 -231 67 -67 -32768 -32768 -32768 -32768
42 206 -233 98 -98 -32768 -32768 -32768 -32768
43 216 -237 109 -107 -32768 -32768 -32768 -32768
44 209 -235 108 -112 -32768 -32768 -32768 -32768
45 200 -230 110 -110 -32768 -32768 -32768 -32768
46 183 -212 112 -114 -32768 -32768 -32768 -32768
47 182 -210 122 -129 -32768 -32768 -32768 -32768
48 199 -228 142 -146 -32768 -32768 -32768 -32768
49 198 -223 139 -139 -32768 -32768 -32768 -32768
50 81 -109 114 -116 -32768 -32768 -32768 -32768
51 65 -91 114 -116 -32768 -32768 -32768 -32768
52 158 -185 114 -116 -32768 -32768 -32768 -32768
