OSINK 11A
1
11.03.21
Osova
0.0 0.0
0.0
0.00 0.00
-1.00 -1.00
0.00 0.00
20000.00
0.0
50
50
N
1
52
1 77 -84 -103 112 -32768 -32768 -32768 -32768
2 77 -84 -103 112 -32768 -32768 -32768 -32768
3 77 -84 -103 112 -32768 -32768 -32768 -32768
4 77 -84 -104 112 -32768 -32768 -32768 -32768
5 53 -64 -44 56 -32768 -32768 -32768 -32768
6 22 -32 -15 26 -32768 -32768 -32768 -32768
7 17 -26 -51 61 -32768 -32768 -32768 -32768
8 8 -17 -96 108 -32768 -32768 -32768 -32768
9 -2 -5 -136 147 -32768 -32768 -32768 -32768
10 -19 12 -157 166 -32768 -32768 -32768 -32768
11 0 -6 -121 134 -32768 -32768 -32768 -32768
12 40 -47 -53 64 -32768 -32768 -32768 -32768
13 56 -64 -52 63 -32768 -32768 -32768 -32768
14 70 -79 -38 51 -32768 -32768 -32768 -32768
15 90 -97 -22 33 -32768 -32768 -32768 -32768
16 97 -105 -27 35 -32768 -32768 -32768 -32768
17 94 -101 -8 20 -32768 -32768 -32768 -32768
18 130 -139 23 -14 -32768 -32768 -32768 -32768
19 147 -154 30 -17 -32768 -32768 -32768 -32768
20 139 -146 29 -20 -32768 -32768 -32768 -32768
21 123 -131 35 -23 -32768 -32768 -32768 -32768
22 125 -133 59 -47 -32768 -32768 -32768 -32768
23 132 -142 92 -92 -32768 -32768 -32768 -32768
24 112 -120 115 -103 -32768 -32768 -32768 -32768
25 130 -139 96 -84 -32768 -32768 -32768 -32768
26 172 -181 117 -106 -32768 -32768 -32768 -32768
27 217 -225 113 -101 -32768 -32768 -32768 -32768
28 251 -258 51 -43 -32768 -32768 -32768 -32768
29 254 -262 37 -28 -32768 -32768 -32768 -32768
30 260 -268 62 -52 -32768 -32768 -32768 -32768
31 245 -252 57 -46 -32768 -32768 -32768 -32768
32 280 -287 89 -77 -32768 -32768 -32768 -32768
33 267 -274 98 -88 -32768 -32768 -32768 -32768
34 258 -268 159 -151 -32768 -32768 -32768 -32768
35 246 -252 149 -136 -32768 -32768 -32768 -32768
36 225 -234 114 -105 -32768 -32768 -32768 -32768
37 233 -242 93 -84 -32768 -32768 -32768 -32768
38 257 -265 54 -42 -32768 -32768 -32768 -32768
39 262 -269 29 -17 -32768 -32768 -32768 -32768
40 258 -268 24 -17 -32768 -32768 -32768 -32768
41 216 -225 68 -58 -32768 -32768 -32768 -32768
42 216 -225 104 -93 -32768 -32768 -32768 -32768
43 222 -230 111 -100 -32768 -32768 -32768 -32768
44 219 -229 116 -106 -32768 -32768 -32768 -32768
45 214 -225 114 -106 -32768 -32768 -32768 -32768
46 194 -203 117 -107 -32768 -32768 -32768 -32768
47 193 -202 127 -119 -32768 -32768 -32768 -32768
48 212 -220 149 -143 -32768 -32768 -32768 -32768
49 210 -218 144 -128 -32768 -32768 -32768 -32768
50 92 -105 118 -110 -32768 -32768 -32768 -32768
51 76 -82 119 -109 -32768 -32768 -32768 -32768
52 170 -176 119 -112 -32768 -32768 -32768 -32768
