OSINK 11A
1
15.04.21
Osova
0.0 0.0
0.0
0.00 0.00
-1.00 -1.00
0.00 0.00
20000.00
0.0
50
50
N
1
52
1 69 -90 -92 113 -32768 -32768 -32768 -32768
2 69 -96 -92 113 -32768 -32768 -32768 -32768
3 69 -96 -92 113 -32768 -32768 -32768 -32768
4 69 -96 -92 113 -32768 -32768 -32768 -32768
5 46 -71 -37 62 -32768 -32768 -32768 -32768
6 15 -38 -10 29 -32768 -32768 -32768 -32768
7 10 -32 -46 65 -32768 -32768 -32768 -32768
8 0 -24 -89 111 -32768 -32768 -32768 -32768
9 -9 -11 -132 149 -32768 -32768 -32768 -32768
10 -28 4 -153 171 -32768 -32768 -32768 -32768
11 -6 -11 -114 139 -32768 -32768 -32768 -32768
12 31 -53 -46 67 -32768 -32768 -32768 -32768
13 51 -69 -48 66 -32768 -32768 -32768 -32768
14 63 -84 -33 55 -32768 -32768 -32768 -32768
15 83 -102 -17 36 -32768 -32768 -32768 -32768
16 90 -112 -23 38 -32768 -32768 -32768 -32768
17 90 -108 -1 24 -32768 -32768 -32768 -32768
18 125 -144 27 -11 -32768 -32768 -32768 -32768
19 140 -161 37 -13 -32768 -32768 -32768 -32768
20 132 -154 35 -16 -32768 -32768 -32768 -32768
21 115 -138 41 -19 -32768 -32768 -32768 -32768
22 118 -140 64 -43 -32768 -32768 -32768 -32768
23 124 -146 98 -84 -32768 -32768 -32768 -32768
24 106 -126 118 -102 -32768 -32768 -32768 -32768
25 123 -144 100 -81 -32768 -32768 -32768 -32768
26 166 -183 124 -102 -32768 -32768 -32768 -32768
27 210 -228 118 -100 -32768 -32768 -32768 -32768
28 245 -264 56 -42 -32768 -32768 -32768 -32768
29 246 -264 41 -23 -32768 -32768 -32768 -32768
30 253 -276 68 -48 -32768 -32768 -32768 -32768
31 237 -259 61 -42 -32768 -32768 -32768 -32768
32 271 -293 95 -73 -32768 -32768 -32768 -32768
33 259 -280 104 -83 -32768 -32768 -32768 -32768
34 250 -276 164 -146 -32768 -32768 -32768 -32768
35 241 -259 152 -134 -32768 -32768 -32768 -32768
36 218 -241 119 -101 -32768 -32768 -32768 -32768
37 227 -248 99 -83 -32768 -32768 -32768 -32768
38 250 -271 59 -39 -32768 -32768 -32768 -32768
39 255 -275 35 -14 -32768 -32768 -32768 -32768
40 249 -273 30 -14 -32768 -32768 -32768 -32768
41 209 -231 73 -53 -32768 -32768 -32768 -32768
42 209 -230 109 -89 -32768 -32768 -32768 -32768
43 215 -236 116 -95 -32768 -32768 -32768 -32768
44 211 -233 122 -104 -32768 -32768 -32768 -32768
45 207 -228 120 -100 -32768 -32768 -32768 -32768
46 189 -210 123 -104 -32768 -32768 -32768 -32768
47 184 -208 131 -117 -32768 -32768 -32768 -32768
48 203 -225 152 -137 -32768 -32768 -32768 -32768
49 205 -225 152 -129 -32768 -32768 -32768 -32768
50 94 -114 127 -107 -32768 -32768 -32768 -32768
51 65 -87 124 -105 -32768 -32768 -32768 -32768
52 157 -178 123 -106 -32768 -32768 -32768 -32768
