OSINK 11A
1
10.06.21
Osova
0.0 0.0
0.0
0.00 0.00
-1.00 -1.00
0.00 0.00
20000.00
0.0
50
50
N
1
52
1 75 -94 -101 97 -32768 -32768 -32768 -32768
2 74 -94 -101 97 -32768 -32768 -32768 -32768
3 74 -94 -101 97 -32768 -32768 -32768 -32768
4 74 -94 -101 97 -32768 -32768 -32768 -32768
5 51 -70 -48 51 -32768 -32768 -32768 -32768
6 20 -40 -22 23 -32768 -32768 -32768 -32768
7 12 -32 -57 59 -32768 -32768 -32768 -32768
8 2 -22 -107 107 -32768 -32768 -32768 -32768
9 -7 -11 -145 146 -32768 -32768 -32768 -32768
10 -23 4 -166 165 -32768 -32768 -32768 -32768
11 0 -22 -122 117 -32768 -32768 -32768 -32768
12 34 -52 -57 57 -32768 -32768 -32768 -32768
13 56 -74 -58 59 -32768 -32768 -32768 -32768
14 69 -89 -42 44 -32768 -32768 -32768 -32768
15 91 -108 -25 25 -32768 -32768 -32768 -32768
16 99 -119 -31 29 -32768 -32768 -32768 -32768
17 98 -118 -9 10 -32768 -32768 -32768 -32768
18 133 -154 20 -22 -32768 -32768 -32768 -32768
19 148 -167 28 -25 -32768 -32768 -32768 -32768
20 136 -155 25 -26 -32768 -32768 -32768 -32768
21 121 -141 32 -30 -32768 -32768 -32768 -32768
22 120 -141 56 -56 -32768 -32768 -32768 -32768
23 125 -139 89 -97 -32768 -32768 -32768 -32768
24 108 -127 107 -107 -32768 -32768 -32768 -32768
25 126 -146 91 -90 -32768 -32768 -32768 -32768
26 170 -191 114 -111 -32768 -32768 -32768 -32768
27 206 -234 109 -103 -32768 -32768 -32768 -32768
28 247 -264 44 -46 -32768 -32768 -32768 -32768
29 248 -267 35 -34 -32768 -32768 -32768 -32768
30 253 -272 58 -57 -32768 -32768 -32768 -32768
31 240 -259 53 -52 -32768 -32768 -32768 -32768
32 273 -292 86 -82 -32768 -32768 -32768 -32768
33 258 -278 97 -96 -32768 -32768 -32768 -32768
34 251 -273 160 -157 -32768 -32768 -32768 -32768
35 237 -255 139 -139 -32768 -32768 -32768 -32768
36 219 -239 110 -109 -32768 -32768 -32768 -32768
37 229 -248 88 -86 -32768 -32768 -32768 -32768
38 253 -271 47 -46 -32768 -32768 -32768 -32768
39 256 -274 24 -22 -32768 -32768 -32768 -32768
40 250 -270 22 -24 -32768 -32768 -32768 -32768
41 209 -228 70 -68 -32768 -32768 -32768 -32768
42 211 -230 100 -98 -32768 -32768 -32768 -32768
43 217 -236 108 -106 -32768 -32768 -32768 -32768
44 214 -233 113 -111 -32768 -32768 -32768 -32768
45 205 -225 112 -110 -32768 -32768 -32768 -32768
46 188 -207 114 -112 -32768 -32768 -32768 -32768
47 188 -208 127 -131 -32768 -32768 -32768 -32768
48 204 -225 144 -146 -32768 -32768 -32768 -32768
49 200 -219 140 -137 -32768 -32768 -32768 -32768
50 82 -103 115 -116 -32768 -32768 -32768 -32768
51 71 -92 115 -115 -32768 -32768 -32768 -32768
52 169 -191 115 -115 -32768 -32768 -32768 -32768
