OSINK 11A
1
06.05.21
Osova
0.0 0.0
0.0
0.00 0.00
-1.00 -1.00
0.00 0.00
20000.00
0.0
50
50
N
1
52
1 71 -83 -92 105 -32768 -32768 -32768 -32768
2 71 -83 -92 105 -32768 -32768 -32768 -32768
3 71 -83 -92 105 -32768 -32768 -32768 -32768
4 71 -83 -92 105 -32768 -32768 -32768 -32768
5 49 -60 -33 53 -32768 -32768 -32768 -32768
6 19 -34 -12 28 -32768 -32768 -32768 -32768
7 13 -27 -52 68 -32768 -32768 -32768 -32768
8 5 -18 -95 113 -32768 -32768 -32768 -32768
9 -6 -5 -136 151 -32768 -32768 -32768 -32768
10 -24 10 -156 169 -32768 -32768 -32768 -32768
11 4 -12 -106 126 -32768 -32768 -32768 -32768
12 34 -47 -46 64 -32768 -32768 -32768 -32768
13 55 -67 -46 66 -32768 -32768 -32768 -32768
14 68 -80 -34 53 -32768 -32768 -32768 -32768
15 89 -100 -17 33 -32768 -32768 -32768 -32768
16 95 -108 -24 36 -32768 -32768 -32768 -32768
17 94 -107 -4 18 -32768 -32768 -32768 -32768
18 131 -143 27 -13 -32768 -32768 -32768 -32768
19 145 -158 36 -16 -32768 -32768 -32768 -32768
20 137 -148 34 -17 -32768 -32768 -32768 -32768
21 121 -134 38 -23 -32768 -32768 -32768 -32768
22 121 -136 65 -47 -32768 -32768 -32768 -32768
23 127 -139 97 -90 -32768 -32768 -32768 -32768
24 109 -122 116 -100 -32768 -32768 -32768 -32768
25 130 -141 101 -84 -32768 -32768 -32768 -32768
26 172 -182 123 -104 -32768 -32768 -32768 -32768
27 215 -228 113 -97 -32768 -32768 -32768 -32768
28 249 -259 50 -38 -32768 -32768 -32768 -32768
29 248 -261 41 -28 -32768 -32768 -32768 -32768
30 254 -267 66 -50 -32768 -32768 -32768 -32768
31 240 -255 61 -44 -32768 -32768 -32768 -32768
32 274 -286 94 -75 -32768 -32768 -32768 -32768
33 258 -275 108 -88 -32768 -32768 -32768 -32768
34 251 -269 167 -151 -32768 -32768 -32768 -32768
35 238 -250 146 -129 -32768 -32768 -32768 -32768
36 220 -235 117 -101 -32768 -32768 -32768 -32768
37 231 -245 94 -77 -32768 -32768 -32768 -32768
38 253 -267 55 -38 -32768 -32768 -32768 -32768
39 256 -270 33 -15 -32768 -32768 -32768 -32768
40 251 -265 30 -17 -32768 -32768 -32768 -32768
41 208 -223 80 -63 -32768 -32768 -32768 -32768
42 212 -225 107 -90 -32768 -32768 -32768 -32768
43 217 -230 116 -99 -32768 -32768 -32768 -32768
44 214 -229 121 -104 -32768 -32768 -32768 -32768
45 206 -220 119 -102 -32768 -32768 -32768 -32768
46 190 -203 121 -104 -32768 -32768 -32768 -32768
47 188 -201 130 -122 -32768 -32768 -32768 -32768
48 207 -221 150 -137 -32768 -32768 -32768 -32768
49 200 -218 149 -130 -32768 -32768 -32768 -32768
50 84 -100 122 -108 -32768 -32768 -32768 -32768
51 71 -88 122 -107 -32768 -32768 -32768 -32768
52 170 -181 122 -107 -32768 -32768 -32768 -32768
