OSINK 11A
1
22.04.21
Osova
0.0 0.0
0.0
0.00 0.00
-1.00 -1.00
0.00 0.00
20000.00
0.0
50
50
N
1
52
1 64 -91 -91 107 -32768 -32768 -32768 -32768
2 64 -91 -91 107 -32768 -32768 -32768 -32768
3 64 -91 -91 107 -32768 -32768 -32768 -32768
4 62 -90 -91 107 -32768 -32768 -32768 -32768
5 43 -69 -32 53 -32768 -32768 -32768 -32768
6 14 -39 -12 29 -32768 -32768 -32768 -32768
7 8 -31 -50 69 -32768 -32768 -32768 -32768
8 0 -24 -95 114 -32768 -32768 -32768 -32768
9 -11 -14 -132 152 -32768 -32768 -32768 -32768
10 -29 5 -154 171 -32768 -32768 -32768 -32768
11 -4 -18 -111 127 -32768 -32768 -32768 -32768
12 30 -56 -47 65 -32768 -32768 -32768 -32768
13 49 -73 -49 63 -32768 -32768 -32768 -32768
14 63 -88 -33 52 -32768 -32768 -32768 -32768
15 83 -106 -17 35 -32768 -32768 -32768 -32768
16 90 -114 -23 38 -32768 -32768 -32768 -32768
17 88 -111 -3 20 -32768 -32768 -32768 -32768
18 125 -149 27 -12 -32768 -32768 -32768 -32768
19 144 -162 36 -16 -32768 -32768 -32768 -32768
20 129 -154 34 -17 -32768 -32768 -32768 -32768
21 116 -139 40 -22 -32768 -32768 -32768 -32768
22 117 -142 65 -47 -32768 -32768 -32768 -32768
23 122 -145 99 -89 -32768 -32768 -32768 -32768
24 105 -128 116 -98 -32768 -32768 -32768 -32768
25 121 -146 100 -83 -32768 -32768 -32768 -32768
26 167 -192 123 -104 -32768 -32768 -32768 -32768
27 211 -234 116 -96 -32768 -32768 -32768 -32768
28 245 -267 53 -36 -32768 -32768 -32768 -32768
29 244 -268 41 -26 -32768 -32768 -32768 -32768
30 251 -273 67 -49 -32768 -32768 -32768 -32768
31 236 -261 61 -44 -32768 -32768 -32768 -32768
32 270 -295 95 -75 -32768 -32768 -32768 -32768
33 257 -280 106 -89 -32768 -32768 -32768 -32768
34 249 -275 167 -150 -32768 -32768 -32768 -32768
35 236 -257 148 -130 -32768 -32768 -32768 -32768
36 217 -241 118 -101 -32768 -32768 -32768 -32768
37 227 -251 95 -77 -32768 -32768 -32768 -32768
38 250 -273 57 -38 -32768 -32768 -32768 -32768
39 253 -276 32 -15 -32768 -32768 -32768 -32768
40 250 -272 29 -16 -32768 -32768 -32768 -32768
41 206 -230 78 -59 -32768 -32768 -32768 -32768
42 208 -232 108 -90 -32768 -32768 -32768 -32768
43 214 -237 117 -98 -32768 -32768 -32768 -32768
44 210 -234 121 -104 -32768 -32768 -32768 -32768
45 202 -228 120 -102 -32768 -32768 -32768 -32768
46 185 -209 121 -104 -32768 -32768 -32768 -32768
47 185 -208 132 -122 -32768 -32768 -32768 -32768
48 203 -227 151 -137 -32768 -32768 -32768 -32768
49 199 -219 149 -129 -32768 -32768 -32768 -32768
50 83 -99 124 -108 -32768 -32768 -32768 -32768
51 69 -95 124 -107 -32768 -32768 -32768 -32768
52 165 -188 123 -107 -32768 -32768 -32768 -32768
