OSINK 11A
1
18.03.21
Osova
0.0 0.0
0.0
0.00 0.00
-1.00 -1.00
0.00 0.00
20000.00
0.0
50
50
N
1
52
1 72 -65 -121 96 -32768 -32768 -32768 -32768
2 72 -65 -122 96 -32768 -32768 -32768 -32768
3 72 -71 -122 96 -32768 -32768 -32768 -32768
4 72 -71 -122 96 -32768 -32768 -32768 -32768
5 56 -56 -64 24 -32768 -32768 -32768 -32768
6 23 -35 -29 -13 -32768 -32768 -32768 -32768
7 17 -38 -63 38 -32768 -32768 -32768 -32768
8 8 -15 -107 89 -32768 -32768 -32768 -32768
9 -3 -8 -148 125 -32768 -32768 -32768 -32768
10 -19 9 -173 157 -32768 -32768 -32768 -32768
11 -4 -2 -142 116 -32768 -32768 -32768 -32768
12 38 -49 -70 48 -32768 -32768 -32768 -32768
13 53 -60 -67 44 -32768 -32768 -32768 -32768
14 69 -89 -55 35 -32768 -32768 -32768 -32768
15 88 -90 -38 18 -32768 -32768 -32768 -32768
16 97 -109 -42 28 -32768 -32768 -32768 -32768
17 91 -106 -27 9 -32768 -32768 -32768 -32768
18 128 -133 7 -31 -32768 -32768 -32768 -32768
19 146 -156 15 -33 -32768 -32768 -32768 -32768
20 139 -150 15 -39 -32768 -32768 -32768 -32768
21 123 -131 17 -39 -32768 -32768 -32768 -32768
22 124 -133 42 -62 -32768 -32768 -32768 -32768
23 129 -141 72 -101 -32768 -32768 -32768 -32768
24 113 -121 100 -122 -32768 -32768 -32768 -32768
25 126 -135 79 -100 -32768 -32768 -32768 -32768
26 167 -175 102 -120 -32768 -32768 -32768 -32768
27 213 -221 102 -118 -32768 -32768 -32768 -32768
28 248 -257 40 -62 -32768 -32768 -32768 -32768
29 249 -259 19 -41 -32768 -32768 -32768 -32768
30 260 -270 48 -67 -32768 -32768 -32768 -32768
31 242 -252 40 -60 -32768 -32768 -32768 -32768
32 276 -285 74 -92 -32768 -32768 -32768 -32768
33 269 -274 80 -101 -32768 -32768 -32768 -32768
34 257 -267 139 -160 -32768 -32768 -32768 -32768
35 247 -254 137 -157 -32768 -32768 -32768 -32768
36 226 -234 100 -121 -32768 -32768 -32768 -32768
37 233 -242 82 -102 -32768 -32768 -32768 -32768
38 255 -261 41 -61 -32768 -32768 -32768 -32768
39 263 -270 16 -35 -32768 -32768 -32768 -32768
40 261 -268 8 -32 -32768 -32768 -32768 -32768
41 217 -226 46 -66 -32768 -32768 -32768 -32768
42 216 -224 89 -109 -32768 -32768 -32768 -32768
43 222 -230 95 -114 -32768 -32768 -32768 -32768
44 218 -226 102 -123 -32768 -32768 -32768 -32768
45 214 -223 100 -120 -32768 -32768 -32768 -32768
46 195 -206 103 -122 -32768 -32768 -32768 -32768
47 191 -202 109 -134 -32768 -32768 -32768 -32768
48 210 -218 134 -156 -32768 -32768 -32768 -32768
49 213 -221 132 -149 -32768 -32768 -32768 -32768
50 111 -119 107 -129 -32768 -32768 -32768 -32768
51 66 -73 103 -123 -32768 -32768 -32768 -32768
52 159 -168 104 -125 -32768 -32768 -32768 -32768
