OSINK 11A
1
17.12.20
Osova
0.0 0.0
0.0
0.00 0.00
-1.00 -1.00
0.00 0.00
20000.00
0.0
50
50
N
1
52
1 53 -78 -108 110 -32768 -32768 -32768 -32768
2 53 -78 -108 110 -32768 -32768 -32768 -32768
3 53 -78 -108 110 -32768 -32768 -32768 -32768
4 53 -78 -108 110 -32768 -32768 -32768 -32768
5 45 -71 -42 52 -32768 -32768 -32768 -32768
6 14 -40 -17 23 -32768 -32768 -32768 -32768
7 7 -33 -49 56 -32768 -32768 -32768 -32768
8 -2 -24 -96 101 -32768 -32768 -32768 -32768
9 -13 -13 -136 140 -32768 -32768 -32768 -32768
10 -29 3 -157 162 -32768 -32768 -32768 -32768
11 -9 -12 -123 131 -32768 -32768 -32768 -32768
12 30 -56 -55 59 -32768 -32768 -32768 -32768
13 47 -71 -51 56 -32768 -32768 -32768 -32768
14 60 -85 -39 46 -32768 -32768 -32768 -32768
15 80 -104 -23 29 -32768 -32768 -32768 -32768
16 84 -111 -29 31 -32768 -32768 -32768 -32768
17 79 -107 -11 21 -32768 -32768 -32768 -32768
18 116 -141 20 -16 -32768 -32768 -32768 -32768
19 132 -158 28 -20 -32768 -32768 -32768 -32768
20 125 -150 28 -23 -32768 -32768 -32768 -32768
21 109 -136 32 -26 -32768 -32768 -32768 -32768
22 111 -138 56 -51 -32768 -32768 -32768 -32768
23 118 -134 88 -98 -32768 -32768 -32768 -32768
24 101 -126 113 -106 -32768 -32768 -32768 -32768
25 117 -144 94 -87 -32768 -32768 -32768 -32768
26 161 -187 115 -108 -32768 -32768 -32768 -32768
27 206 -231 113 -105 -32768 -32768 -32768 -32768
28 241 -265 51 -47 -32768 -32768 -32768 -32768
29 241 -270 32 -27 -32768 -32768 -32768 -32768
30 251 -276 58 -54 -32768 -32768 -32768 -32768
31 236 -261 54 -47 -32768 -32768 -32768 -32768
32 269 -294 88 -78 -32768 -32768 -32768 -32768
33 258 -282 95 -91 -32768 -32768 -32768 -32768
34 248 -275 156 -149 -32768 -32768 -32768 -32768
35 237 -263 148 -141 -32768 -32768 -32768 -32768
36 220 -243 114 -108 -32768 -32768 -32768 -32768
37 223 -250 93 -87 -32768 -32768 -32768 -32768
38 246 -273 54 -46 -32768 -32768 -32768 -32768
39 254 -278 27 -20 -32768 -32768 -32768 -32768
40 250 -275 22 -21 -32768 -32768 -32768 -32768
41 208 -233 67 -60 -32768 -32768 -32768 -32768
42 206 -233 103 -95 -32768 -32768 -32768 -32768
43 213 -238 109 -102 -32768 -32768 -32768 -32768
44 210 -236 114 -109 -32768 -32768 -32768 -32768
45 212 -231 113 -106 -32768 -32768 -32768 -32768
46 185 -213 116 -110 -32768 -32768 -32768 -32768
47 183 -204 124 -124 -32768 -32768 -32768 -32768
48 202 -228 147 -143 -32768 -32768 -32768 -32768
49 203 -227 145 -136 -32768 -32768 -32768 -32768
50 93 -116 119 -114 -32768 -32768 -32768 -32768
51 62 -87 118 -111 -32768 -32768 -32768 -32768
52 157 -183 118 -112 -32768 -32768 -32768 -32768
