OSINK 11A
1
03.06.21
Osova
0.0 0.0
0.0
0.00 0.00
-1.00 -1.00
0.00 0.00
20000.00
0.0
50
50
N
1
52
1 76 -97 -104 101 -32768 -32768 -32768 -32768
2 77 -97 -104 101 -32768 -32768 -32768 -32768
3 76 -97 -104 101 -32768 -32768 -32768 -32768
4 77 -98 -104 101 -32768 -32768 -32768 -32768
5 50 -69 -50 50 -32768 -32768 -32768 -32768
6 18 -39 -23 23 -32768 -32768 -32768 -32768
7 10 -31 -60 60 -32768 -32768 -32768 -32768
8 1 -22 -106 106 -32768 -32768 -32768 -32768
9 -9 -11 -145 146 -32768 -32768 -32768 -32768
10 -25 3 -166 164 -32768 -32768 -32768 -32768
11 -2 -20 -122 120 -32768 -32768 -32768 -32768
12 33 -53 -57 57 -32768 -32768 -32768 -32768
13 53 -73 -58 58 -32768 -32768 -32768 -32768
14 68 -88 -42 45 -32768 -32768 -32768 -32768
15 90 -110 -25 24 -32768 -32768 -32768 -32768
16 98 -119 -31 29 -32768 -32768 -32768 -32768
17 96 -118 -10 10 -32768 -32768 -32768 -32768
18 132 -152 19 -21 -32768 -32768 -32768 -32768
19 147 -167 28 -25 -32768 -32768 -32768 -32768
20 136 -157 25 -25 -32768 -32768 -32768 -32768
21 121 -141 32 -30 -32768 -32768 -32768 -32768
22 122 -142 57 -55 -32768 -32768 -32768 -32768
23 127 -140 90 -96 -32768 -32768 -32768 -32768
24 105 -127 106 -108 -32768 -32768 -32768 -32768
25 126 -146 91 -91 -32768 -32768 -32768 -32768
26 168 -189 114 -111 -32768 -32768 -32768 -32768
27 211 -233 107 -105 -32768 -32768 -32768 -32768
28 246 -265 44 -49 -32768 -32768 -32768 -32768
29 246 -267 34 -34 -32768 -32768 -32768 -32768
30 253 -272 57 -58 -32768 -32768 -32768 -32768
31 239 -260 52 -53 -32768 -32768 -32768 -32768
32 272 -292 85 -82 -32768 -32768 -32768 -32768
33 259 -278 96 -97 -32768 -32768 -32768 -32768
34 251 -272 157 -157 -32768 -32768 -32768 -32768
35 238 -258 140 -140 -32768 -32768 -32768 -32768
36 219 -240 109 -110 -32768 -32768 -32768 -32768
37 229 -249 87 -87 -32768 -32768 -32768 -32768
38 251 -272 47 -46 -32768 -32768 -32768 -32768
39 255 -274 24 -22 -32768 -32768 -32768 -32768
40 251 -271 21 -24 -32768 -32768 -32768 -32768
41 207 -229 71 -67 -32768 -32768 -32768 -32768
42 210 -231 99 -98 -32768 -32768 -32768 -32768
43 216 -235 108 -107 -32768 -32768 -32768 -32768
44 213 -233 112 -112 -32768 -32768 -32768 -32768
45 206 -225 111 -111 -32768 -32768 -32768 -32768
46 188 -207 113 -112 -32768 -32768 -32768 -32768
47 187 -207 125 -129 -32768 -32768 -32768 -32768
48 202 -225 144 -146 -32768 -32768 -32768 -32768
49 201 -220 140 -138 -32768 -32768 -32768 -32768
50 86 -106 116 -116 -32768 -32768 -32768 -32768
51 75 -89 115 -115 -32768 -32768 -32768 -32768
52 170 -190 114 -115 -32768 -32768 -32768 -32768
