OSINK 11A
1
11.02.21
Osova
0.0 0.0
0.0
0.00 0.00
-1.00 -1.00
0.00 0.00
20000.00
0.0
50
50
N
1
52
1 75 -78 -114 104 -32768 -32768 -32768 -32768
2 75 -78 -114 104 -32768 -32768 -32768 -32768
3 75 -78 -114 104 -32768 -32768 -32768 -32768
4 75 -78 -114 104 -32768 -32768 -32768 -32768
5 55 -60 -50 48 -32768 -32768 -32768 -32768
6 24 -29 -23 17 -32768 -32768 -32768 -32768
7 19 -23 -59 52 -32768 -32768 -32768 -32768
8 10 -13 -104 100 -32768 -32768 -32768 -32768
9 -1 -1 -142 135 -32768 -32768 -32768 -32768
10 -18 16 -164 157 -32768 -32768 -32768 -32768
11 2 -8 -126 119 -32768 -32768 -32768 -32768
12 42 -43 -61 54 -32768 -32768 -32768 -32768
13 57 -62 -58 52 -32768 -32768 -32768 -32768
14 71 -76 -47 41 -32768 -32768 -32768 -32768
15 91 -93 -29 23 -32768 -32768 -32768 -32768
16 97 -101 -35 26 -32768 -32768 -32768 -32768
17 94 -97 -17 13 -32768 -32768 -32768 -32768
18 130 -134 14 -22 -32768 -32768 -32768 -32768
19 146 -149 22 -26 -32768 -32768 -32768 -32768
20 138 -140 22 -28 -32768 -32768 -32768 -32768
21 122 -126 26 -33 -32768 -32768 -32768 -32768
22 125 -129 50 -56 -32768 -32768 -32768 -32768
23 132 -130 85 -94 -32768 -32768 -32768 -32768
24 115 -116 107 -112 -32768 -32768 -32768 -32768
25 132 -133 87 -93 -32768 -32768 -32768 -32768
26 176 -176 113 -115 -32768 -32768 -32768 -32768
27 217 -220 119 -111 -32768 -32768 -32768 -32768
28 252 -256 48 -54 -32768 -32768 -32768 -32768
29 255 -259 29 -34 -32768 -32768 -32768 -32768
30 261 -265 54 -61 -32768 -32768 -32768 -32768
31 245 -248 49 -55 -32768 -32768 -32768 -32768
32 281 -282 82 -87 -32768 -32768 -32768 -32768
33 269 -272 89 -96 -32768 -32768 -32768 -32768
34 260 -265 152 -158 -32768 -32768 -32768 -32768
35 250 -250 141 -147 -32768 -32768 -32768 -32768
36 228 -231 107 -114 -32768 -32768 -32768 -32768
37 237 -242 85 -88 -32768 -32768 -32768 -32768
38 259 -260 47 -52 -32768 -32768 -32768 -32768
39 262 -265 22 -27 -32768 -32768 -32768 -32768
40 260 -264 16 -28 -32768 -32768 -32768 -32768
41 217 -219 61 -67 -32768 -32768 -32768 -32768
42 218 -220 96 -101 -32768 -32768 -32768 -32768
43 224 -228 104 -109 -32768 -32768 -32768 -32768
44 221 -224 108 -116 -32768 -32768 -32768 -32768
45 215 -218 107 -113 -32768 -32768 -32768 -32768
46 196 -200 110 -116 -32768 -32768 -32768 -32768
47 195 -196 120 -127 -32768 -32768 -32768 -32768
48 213 -217 140 -148 -32768 -32768 -32768 -32768
49 210 -213 137 -143 -32768 -32768 -32768 -32768
50 93 -98 111 -120 -32768 -32768 -32768 -32768
51 78 -79 110 -119 -32768 -32768 -32768 -32768
52 168 -175 111 -119 -32768 -32768 -32768 -32768
