OSINK 11A
1
29.04.21
Osova
0.0 0.0
0.0
0.00 0.00
-1.00 -1.00
0.00 0.00
20000.00
0.0
50
50
N
1
52
1 68 -90 -94 104 -32768 -32768 -32768 -32768
2 68 -90 -94 104 -32768 -32768 -32768 -32768
3 68 -91 -94 103 -32768 -32768 -32768 -32768
4 68 -91 -94 103 -32768 -32768 -32768 -32768
5 45 -66 -35 52 -32768 -32768 -32768 -32768
6 14 -38 -12 29 -32768 -32768 -32768 -32768
7 8 -32 -51 67 -32768 -32768 -32768 -32768
8 0 -24 -95 114 -32768 -32768 -32768 -32768
9 -11 -10 -134 152 -32768 -32768 -32768 -32768
10 -29 6 -155 168 -32768 -32768 -32768 -32768
11 -4 -18 -111 128 -32768 -32768 -32768 -32768
12 31 -52 -46 64 -32768 -32768 -32768 -32768
13 49 -73 -50 65 -32768 -32768 -32768 -32768
14 64 -86 -33 50 -32768 -32768 -32768 -32768
15 84 -106 -18 33 -32768 -32768 -32768 -32768
16 90 -113 -24 37 -32768 -32768 -32768 -32768
17 91 -112 -1 17 -32768 -32768 -32768 -32768
18 126 -149 26 -14 -32768 -32768 -32768 -32768
19 142 -164 35 -16 -32768 -32768 -32768 -32768
20 130 -153 33 -17 -32768 -32768 -32768 -32768
21 117 -141 40 -22 -32768 -32768 -32768 -32768
22 118 -141 64 -48 -32768 -32768 -32768 -32768
23 123 -139 97 -92 -32768 -32768 -32768 -32768
24 106 -128 116 -100 -32768 -32768 -32768 -32768
25 124 -147 99 -84 -32768 -32768 -32768 -32768
26 166 -193 123 -105 -32768 -32768 -32768 -32768
27 212 -234 113 -97 -32768 -32768 -32768 -32768
28 246 -265 51 -39 -32768 -32768 -32768 -32768
29 246 -269 43 -27 -32768 -32768 -32768 -32768
30 251 -273 65 -52 -32768 -32768 -32768 -32768
31 239 -260 62 -46 -32768 -32768 -32768 -32768
32 272 -293 94 -74 -32768 -32768 -32768 -32768
33 258 -279 105 -90 -32768 -32768 -32768 -32768
34 250 -274 166 -150 -32768 -32768 -32768 -32768
35 235 -256 146 -130 -32768 -32768 -32768 -32768
36 218 -242 117 -100 -32768 -32768 -32768 -32768
37 227 -250 93 -80 -32768 -32768 -32768 -32768
38 250 -275 55 -38 -32768 -32768 -32768 -32768
39 253 -276 32 -13 -32768 -32768 -32768 -32768
40 249 -271 30 -17 -32768 -32768 -32768 -32768
41 207 -230 77 -60 -32768 -32768 -32768 -32768
42 209 -231 107 -90 -32768 -32768 -32768 -32768
43 214 -235 116 -99 -32768 -32768 -32768 -32768
44 212 -234 120 -104 -32768 -32768 -32768 -32768
45 203 -227 119 -103 -32768 -32768 -32768 -32768
46 186 -209 121 -105 -32768 -32768 -32768 -32768
47 186 -213 133 -125 -32768 -32768 -32768 -32768
48 202 -227 151 -138 -32768 -32768 -32768 -32768
49 197 -219 148 -130 -32768 -32768 -32768 -32768
50 79 -105 122 -108 -32768 -32768 -32768 -32768
51 74 -91 122 -107 -32768 -32768 -32768 -32768
52 161 -190 123 -108 -32768 -32768 -32768 -32768
