OSINK 11A
1
14.01.21
Osova
0.0 0.0
0.0
0.00 0.00
-1.00 -1.00
0.00 0.00
20000.00
0.0
50
50
N
1
52
1 73 -82 -103 117 -32768 -32768 -32768 -32768
2 73 -82 -103 117 -32768 -32768 -32768 -32768
3 73 -82 -104 117 -32768 -32768 -32768 -32768
4 73 -82 -104 116 -32768 -32768 -32768 -32768
5 53 -60 -40 54 -32768 -32768 -32768 -32768
6 23 -32 -16 30 -32768 -32768 -32768 -32768
7 15 -25 -49 63 -32768 -32768 -32768 -32768
8 6 -14 -94 110 -32768 -32768 -32768 -32768
9 -4 -5 -134 144 -32768 -32768 -32768 -32768
10 -20 12 -153 168 -32768 -32768 -32768 -32768
11 -1 -7 -118 135 -32768 -32768 -32768 -32768
12 39 -46 -50 63 -32768 -32768 -32768 -32768
13 53 -62 -47 63 -32768 -32768 -32768 -32768
14 68 -77 -35 52 -32768 -32768 -32768 -32768
15 88 -96 -19 33 -32768 -32768 -32768 -32768
16 94 -103 -24 37 -32768 -32768 -32768 -32768
17 91 -99 -5 23 -32768 -32768 -32768 -32768
18 126 -134 25 -11 -32768 -32768 -32768 -32768
19 144 -151 33 -16 -32768 -32768 -32768 -32768
20 134 -143 32 -18 -32768 -32768 -32768 -32768
21 120 -128 37 -21 -32768 -32768 -32768 -32768
22 120 -129 60 -45 -32768 -32768 -32768 -32768
23 128 -129 95 -86 -32768 -32768 -32768 -32768
24 110 -118 117 -101 -32768 -32768 -32768 -32768
25 127 -136 98 -82 -32768 -32768 -32768 -32768
26 171 -180 119 -104 -32768 -32768 -32768 -32768
27 215 -224 117 -99 -32768 -32768 -32768 -32768
28 250 -257 55 -42 -32768 -32768 -32768 -32768
29 251 -259 40 -23 -32768 -32768 -32768 -32768
30 258 -268 65 -50 -32768 -32768 -32768 -32768
31 243 -253 58 -44 -32768 -32768 -32768 -32768
32 278 -287 92 -75 -32768 -32768 -32768 -32768
33 266 -274 101 -86 -32768 -32768 -32768 -32768
34 257 -266 162 -147 -32768 -32768 -32768 -32768
35 245 -251 148 -136 -32768 -32768 -32768 -32768
36 225 -234 117 -103 -32768 -32768 -32768 -32768
37 233 -242 97 -82 -32768 -32768 -32768 -32768
38 256 -265 56 -40 -32768 -32768 -32768 -32768
39 261 -269 30 -16 -32768 -32768 -32768 -32768
40 258 -266 25 -16 -32768 -32768 -32768 -32768
41 215 -224 73 -53 -32768 -32768 -32768 -32768
42 216 -224 106 -91 -32768 -32768 -32768 -32768
43 222 -230 112 -98 -32768 -32768 -32768 -32768
44 218 -227 117 -105 -32768 -32768 -32768 -32768
45 213 -221 117 -103 -32768 -32768 -32768 -32768
46 194 -201 121 -105 -32768 -32768 -32768 -32768
47 191 -198 130 -120 -32768 -32768 -32768 -32768
48 211 -219 151 -138 -32768 -32768 -32768 -32768
49 211 -218 148 -132 -32768 -32768 -32768 -32768
50 99 -99 122 -108 -32768 -32768 -32768 -32768
51 73 -80 121 -107 -32768 -32768 -32768 -32768
52 165 -176 122 -107 -32768 -32768 -32768 -32768
