OSINK 11A
1 
10.12.2020 
Osova 
0 0
0 
0 0
-1 -1
0 0
20000 
0 
50 
50 
N 
1 
52 
1 59 -78 -113 109 -32768 -32768 -32768 -32768
2 59 -78 -112 109 -32768 -32768 -32768 -32768
3 59 -78 -112 109 -32768 -32768 -32768 -32768
4 59 -78 -112 109 -32768 -32768 -32768 -32768
5 49 -67 -48 47 -32768 -32768 -32768 -32768
6 17 -36 -19 19 -32768 -32768 -32768 -32768
7 11 -30 -51 51 -32768 -32768 -32768 -32768
8 0 -20 -99 98 -32768 -32768 -32768 -32768
9 -10 -8 -138 135 -32768 -32768 -32768 -32768
10 -26 7 -160 158 -32768 -32768 -32768 -32768
11 0 -19 -116 113 -32768 -32768 -32768 -32768
12 34 -52 -57 56 -32768 -32768 -32768 -32768
13 48 -66 -54 53 -32768 -32768 -32768 -32768
14 62 -81 -44 43 -32768 -32768 -32768 -32768
15 83 -98 -26 26 -32768 -32768 -32768 -32768
16 87 -104 -31 27 -32768 -32768 -32768 -32768
17 82 -102 -16 17 -32768 -32768 -32768 -32768
18 117 -135 15 -18 -32768 -32768 -32768 -32768
19 135 -153 24 -22 -32768 -32768 -32768 -32768
20 128 -146 24 -27 -32768 -32768 -32768 -32768
21 112 -132 27 -28 -32768 -32768 -32768 -32768
22 115 -134 51 -52 -32768 -32768 -32768 -32768
23 121 -141 86 -88 -32768 -32768 -32768 -32768
24 104 -122 112 -112 -32768 -32768 -32768 -32768
25 119 -140 89 -90 -32768 -32768 -32768 -32768
26 167 -179 112 -111 -32768 -32768 -32768 -32768
27 208 -226 110 -109 -32768 -32768 -32768 -32768
28 241 -260 52 -54 -32768 -32768 -32768 -32768
29 241 -268 20 -32 -32768 -32768 -32768 -32768
30 254 -272 56 -58 -32768 -32768 -32768 -32768
31 241 -258 54 -52 -32768 -32768 -32768 -32768
32 271 -290 83 -82 -32768 -32768 -32768 -32768
33 261 -279 92 -93 -32768 -32768 -32768 -32768
34 252 -273 151 -152 -32768 -32768 -32768 -32768
35 242 -259 147 -145 -32768 -32768 -32768 -32768
36 228 -240 112 -111 -32768 -32768 -32768 -32768
37 228 -247 93 -92 -32768 -32768 -32768 -32768
38 250 -266 49 -47 -32768 -32768 -32768 -32768
39 256 -274 23 -24 -32768 -32768 -32768 -32768
40 254 -272 19 -23 -32768 -32768 -32768 -32768
41 211 -229 56 -62 -32768 -32768 -32768 -32768
42 213 -229 96 -98 -32768 -32768 -32768 -32768
43 216 -234 105 -105 -32768 -32768 -32768 -32768
44 213 -232 111 -113 -32768 -32768 -32768 -32768
45 209 -227 109 -110 -32768 -32768 -32768 -32768
46 189 -208 112 -114 -32768 -32768 -32768 -32768
47 186 -209 121 -124 -32768 -32768 -32768 -32768
48 205 -225 143 -146 -32768 -32768 -32768 -32768
49 206 -224 140 -139 -32768 -32768 -32768 -32768
50 98 -113 116 -118 -32768 -32768 -32768 -32768
51 65 -83 114 -115 -32768 -32768 -32768 -32768
52 164 -181 114 -115 -32768 -32768 -32768 -32768
