OSINK 11A
1
04.03.21
Osova
0.0 0.0
0.0
0.00 0.00
-1.00 -1.00
0.00 0.00
20000.00
0.0
50
50
N
1
52
1 75 -85 -105 109 -32768 -32768 -32768 -32768
2 75 -85 -105 109 -32768 -32768 -32768 -32768
3 75 -85 -105 109 -32768 -32768 -32768 -32768
4 75 -85 -105 110 -32768 -32768 -32768 -32768
5 52 -63 -44 55 -32768 -32768 -32768 -32768
6 20 -31 -16 24 -32768 -32768 -32768 -32768
7 13 -25 -54 59 -32768 -32768 -32768 -32768
8 5 -17 -98 105 -32768 -32768 -32768 -32768
9 -5 -5 -137 142 -32768 -32768 -32768 -32768
10 -22 11 -159 164 -32768 -32768 -32768 -32768
11 0 -6 -120 132 -32768 -32768 -32768 -32768
12 37 -47 -53 61 -32768 -32768 -32768 -32768
13 54 -65 -52 60 -32768 -32768 -32768 -32768
14 68 -80 -39 47 -32768 -32768 -32768 -32768
15 87 -98 -22 29 -32768 -32768 -32768 -32768
16 95 -107 -28 33 -32768 -32768 -32768 -32768
17 92 -101 -9 17 -32768 -32768 -32768 -32768
18 129 -139 21 -16 -32768 -32768 -32768 -32768
19 144 -154 29 -21 -32768 -32768 -32768 -32768
20 137 -144 28 -22 -32768 -32768 -32768 -32768
21 120 -131 32 -26 -32768 -32768 -32768 -32768
22 122 -133 58 -49 -32768 -32768 -32768 -32768
23 128 -135 91 -93 -32768 -32768 -32768 -32768
24 109 -120 112 -105 -32768 -32768 -32768 -32768
25 126 -136 94 -87 -32768 -32768 -32768 -32768
26 169 -179 116 -109 -32768 -32768 -32768 -32768
27 213 -226 113 -103 -32768 -32768 -32768 -32768
28 250 -258 49 -46 -32768 -32768 -32768 -32768
29 251 -263 35 -29 -32768 -32768 -32768 -32768
30 258 -267 60 -54 -32768 -32768 -32768 -32768
31 243 -253 55 -49 -32768 -32768 -32768 -32768
32 277 -286 88 -79 -32768 -32768 -32768 -32768
33 265 -272 98 -94 -32768 -32768 -32768 -32768
34 255 -268 159 -153 -32768 -32768 -32768 -32768
35 242 -252 145 -139 -32768 -32768 -32768 -32768
36 223 -234 113 -107 -32768 -32768 -32768 -32768
37 232 -242 94 -87 -32768 -32768 -32768 -32768
38 254 -264 54 -46 -32768 -32768 -32768 -32768
39 259 -269 28 -21 -32768 -32768 -32768 -32768
40 257 -266 22 -21 -32768 -32768 -32768 -32768
41 213 -224 68 -63 -32768 -32768 -32768 -32768
42 214 -225 102 -95 -32768 -32768 -32768 -32768
43 221 -230 109 -102 -32768 -32768 -32768 -32768
44 217 -228 114 -110 -32768 -32768 -32768 -32768
45 211 -221 113 -107 -32768 -32768 -32768 -32768
46 192 -202 116 -110 -32768 -32768 -32768 -32768
47 190 -203 125 -125 -32768 -32768 -32768 -32768
48 208 -219 146 -142 -32768 -32768 -32768 -32768
49 211 -217 145 -136 -32768 -32768 -32768 -32768
50 101 -100 119 -113 -32768 -32768 -32768 -32768
51 70 -84 117 -112 -32768 -32768 -32768 -32768
52 167 -181 118 -112 -32768 -32768 -32768 -32768
