OSINK 11A
1
18.02.21
Osova
0.0 0.0
0.0
0.00 0.00
-1.00 -1.00
0.00 0.00
20000.00
0.0
50
50
N
1
52
1 67 -78 -122 122 -32768 -32768 -32768 -32768
2 67 -78 -122 122 -32768 -32768 -32768 -32768
3 67 -78 -121 122 -32768 -32768 -32768 -32768
4 67 -78 -121 122 -32768 -32768 -32768 -32768
5 55 -66 -52 56 -32768 -32768 -32768 -32768
6 20 -34 -18 22 -32768 -32768 -32768 -32768
7 15 -27 -52 55 -32768 -32768 -32768 -32768
8 6 -19 -97 102 -32768 -32768 -32768 -32768
9 -5 -7 -136 139 -32768 -32768 -32768 -32768
10 -22 10 -160 163 -32768 -32768 -32768 -32768
11 -6 -6 -128 133 -32768 -32768 -32768 -32768
12 36 -48 -56 60 -32768 -32768 -32768 -32768
13 52 -63 -54 57 -32768 -32768 -32768 -32768
14 66 -79 -43 47 -32768 -32768 -32768 -32768
15 86 -97 -24 28 -32768 -32768 -32768 -32768
16 93 -105 -30 31 -32768 -32768 -32768 -32768
17 89 -103 -12 20 -32768 -32768 -32768 -32768
18 128 -137 19 -17 -32768 -32768 -32768 -32768
19 143 -155 26 -22 -32768 -32768 -32768 -32768
20 135 -146 26 -25 -32768 -32768 -32768 -32768
21 119 -133 30 -26 -32768 -32768 -32768 -32768
22 121 -135 54 -51 -32768 -32768 -32768 -32768
23 128 -141 88 -87 -32768 -32768 -32768 -32768
24 110 -121 112 -110 -32768 -32768 -32768 -32768
25 124 -137 92 -88 -32768 -32768 -32768 -32768
26 165 -180 113 -109 -32768 -32768 -32768 -32768
27 212 -222 112 -108 -32768 -32768 -32768 -32768
28 245 -258 53 -54 -32768 -32768 -32768 -32768
29 250 -264 33 -27 -32768 -32768 -32768 -32768
30 258 -270 59 -56 -32768 -32768 -32768 -32768
31 242 -253 53 -49 -32768 -32768 -32768 -32768
32 276 -286 86 -80 -32768 -32768 -32768 -32768
33 265 -275 94 -92 -32768 -32768 -32768 -32768
34 256 -268 156 -152 -32768 -32768 -32768 -32768
35 246 -255 149 -141 -32768 -32768 -32768 -32768
36 224 -235 112 -109 -32768 -32768 -32768 -32768
37 233 -245 91 -88 -32768 -32768 -32768 -32768
38 253 -266 53 -47 -32768 -32768 -32768 -32768
39 258 -271 26 -22 -32768 -32768 -32768 -32768
40 257 -269 21 -21 -32768 -32768 -32768 -32768
41 214 -226 63 -60 -32768 -32768 -32768 -32768
42 214 -226 101 -97 -32768 -32768 -32768 -32768
43 220 -231 107 -102 -32768 -32768 -32768 -32768
44 217 -228 113 -111 -32768 -32768 -32768 -32768
45 212 -224 111 -108 -32768 -32768 -32768 -32768
46 192 -205 115 -111 -32768 -32768 -32768 -32768
47 190 -203 123 -124 -32768 -32768 -32768 -32768
48 208 -220 145 -144 -32768 -32768 -32768 -32768
49 210 -218 143 -136 -32768 -32768 -32768 -32768
50 102 -107 118 -116 -32768 -32768 -32768 -32768
51 70 -79 115 -113 -32768 -32768 -32768 -32768
52 159 -177 117 -113 -32768 -32768 -32768 -32768
