OSINK 11A
1
08.04.21
Osova
0.0 0.0
0.0
0.00 0.00
-1.00 -1.00
0.00 0.00
20000.00
0.0
50
50
N
1
52
1 74 -89 -109 105 -32768 -32768 -32768 -32768
2 76 -89 -109 105 -32768 -32768 -32768 -32768
3 76 -89 -109 106 -32768 -32768 -32768 -32768
4 76 -89 -109 106 -32768 -32768 -32768 -32768
5 51 -68 -50 53 -32768 -32768 -32768 -32768
6 17 -36 -18 21 -32768 -32768 -32768 -32768
7 11 -30 -53 56 -32768 -32768 -32768 -32768
8 2 -23 -98 101 -32768 -32768 -32768 -32768
9 -10 -10 -137 139 -32768 -32768 -32768 -32768
10 -26 7 -161 163 -32768 -32768 -32768 -32768
11 -8 -12 -126 127 -32768 -32768 -32768 -32768
12 32 -52 -57 59 -32768 -32768 -32768 -32768
13 50 -69 -55 58 -32768 -32768 -32768 -32768
14 64 -84 -42 47 -32768 -32768 -32768 -32768
15 85 -103 -25 27 -32768 -32768 -32768 -32768
16 91 -111 -30 30 -32768 -32768 -32768 -32768
17 88 -107 -13 15 -32768 -32768 -32768 -32768
18 126 -144 19 -18 -32768 -32768 -32768 -32768
19 141 -159 27 -23 -32768 -32768 -32768 -32768
20 133 -151 26 -25 -32768 -32768 -32768 -32768
21 117 -137 31 -28 -32768 -32768 -32768 -32768
22 119 -138 56 -53 -32768 -32768 -32768 -32768
23 125 -138 90 -92 -32768 -32768 -32768 -32768
24 107 -125 109 -108 -32768 -32768 -32768 -32768
25 124 -142 91 -89 -32768 -32768 -32768 -32768
26 167 -187 115 -110 -32768 -32768 -32768 -32768
27 210 -231 111 -106 -32768 -32768 -32768 -32768
28 244 -264 50 -46 -32768 -32768 -32768 -32768
29 246 -265 33 -31 -32768 -32768 -32768 -32768
30 254 -273 59 -57 -32768 -32768 -32768 -32768
31 238 -258 52 -51 -32768 -32768 -32768 -32768
32 272 -291 86 -82 -32768 -32768 -32768 -32768
33 259 -279 97 -96 -32768 -32768 -32768 -32768
34 252 -273 156 -155 -32768 -32768 -32768 -32768
35 240 -257 144 -141 -32768 -32768 -32768 -32768
36 219 -240 111 -109 -32768 -32768 -32768 -32768
37 229 -248 90 -88 -32768 -32768 -32768 -32768
38 251 -269 50 -47 -32768 -32768 -32768 -32768
39 254 -274 27 -23 -32768 -32768 -32768 -32768
40 252 -273 21 -23 -32768 -32768 -32768 -32768
41 209 -228 67 -64 -32768 -32768 -32768 -32768
42 210 -230 100 -97 -32768 -32768 -32768 -32768
43 217 -234 108 -105 -32768 -32768 -32768 -32768
44 213 -232 113 -112 -32768 -32768 -32768 -32768
45 207 -227 111 -109 -32768 -32768 -32768 -32768
46 188 -208 114 -112 -32768 -32768 -32768 -32768
47 187 -203 124 -124 -32768 -32768 -32768 -32768
48 204 -223 144 -144 -32768 -32768 -32768 -32768
49 203 -222 142 -139 -32768 -32768 -32768 -32768
50 89 -109 117 -117 -32768 -32768 -32768 -32768
51 70 -88 116 -114 -32768 -32768 -32768 -32768
52 165 -183 116 -114 -32768 -32768 -32768 -32768
