OSINK 11A
1
25.02.21
Osova
0.0 0.0
0.0
0.00 0.00
-1.00 -1.00
0.00 0.00
20000.00
0.0
50
50
N
1
52
1 57 -80 -111 109 -32768 -32768 -32768 -32768
2 56 -80 -112 109 -32768 -32768 -32768 -32768
3 56 -80 -112 109 -32768 -32768 -32768 -32768
4 56 -80 -112 109 -32768 -32768 -32768 -32768
5 47 -74 -48 55 -32768 -32768 -32768 -32768
6 14 -41 -18 23 -32768 -32768 -32768 -32768
7 9 -35 -52 56 -32768 -32768 -32768 -32768
8 -1 -27 -98 101 -32768 -32768 -32768 -32768
9 -13 -13 -137 141 -32768 -32768 -32768 -32768
10 -28 2 -160 163 -32768 -32768 -32768 -32768
11 -10 -13 -126 132 -32768 -32768 -32768 -32768
12 29 -55 -56 60 -32768 -32768 -32768 -32768
13 45 -69 -55 58 -32768 -32768 -32768 -32768
14 60 -86 -42 47 -32768 -32768 -32768 -32768
15 78 -105 -26 29 -32768 -32768 -32768 -32768
16 87 -114 -31 31 -32768 -32768 -32768 -32768
17 83 -109 -13 19 -32768 -32768 -32768 -32768
18 120 -146 19 -18 -32768 -32768 -32768 -32768
19 136 -162 27 -21 -32768 -32768 -32768 -32768
20 130 -156 27 -24 -32768 -32768 -32768 -32768
21 113 -140 30 -26 -32768 -32768 -32768 -32768
22 115 -141 54 -49 -32768 -32768 -32768 -32768
23 121 -146 87 -88 -32768 -32768 -32768 -32768
24 104 -128 112 -109 -32768 -32768 -32768 -32768
25 119 -145 92 -88 -32768 -32768 -32768 -32768
26 161 -187 114 -109 -32768 -32768 -32768 -32768
27 206 -232 112 -107 -32768 -32768 -32768 -32768
28 242 -266 49 -50 -32768 -32768 -32768 -32768
29 244 -268 34 -29 -32768 -32768 -32768 -32768
30 251 -279 60 -55 -32768 -32768 -32768 -32768
31 235 -261 52 -48 -32768 -32768 -32768 -32768
32 269 -294 86 -80 -32768 -32768 -32768 -32768
33 260 -284 92 -88 -32768 -32768 -32768 -32768
34 249 -277 155 -152 -32768 -32768 -32768 -32768
35 238 -262 147 -142 -32768 -32768 -32768 -32768
36 217 -243 111 -109 -32768 -32768 -32768 -32768
37 226 -251 92 -88 -32768 -32768 -32768 -32768
38 247 -273 51 -46 -32768 -32768 -32768 -32768
39 254 -278 26 -21 -32768 -32768 -32768 -32768
40 249 -276 20 -20 -32768 -32768 -32768 -32768
41 206 -234 68 -59 -32768 -32768 -32768 -32768
42 207 -233 101 -97 -32768 -32768 -32768 -32768
43 213 -239 108 -102 -32768 -32768 -32768 -32768
44 210 -238 113 -110 -32768 -32768 -32768 -32768
45 205 -230 112 -108 -32768 -32768 -32768 -32768
46 186 -212 114 -111 -32768 -32768 -32768 -32768
47 184 -211 123 -125 -32768 -32768 -32768 -32768
48 203 -227 145 -144 -32768 -32768 -32768 -32768
49 202 -227 143 -136 -32768 -32768 -32768 -32768
50 91 -116 117 -114 -32768 -32768 -32768 -32768
51 65 -86 116 -112 -32768 -32768 -32768 -32768
52 161 -181 117 -114 -32768 -32768 -32768 -32768
