OSINK 11A
1
21.01.21
Osova
0.0 0.0
0.0
0.00 0.00
-1.00 -1.00
0.00 0.00
20000.00
0.0
50
50
N
1
52
1 74 -91 -109 111 -32768 -32768 -32768 -32768
2 74 -91 -109 111 -32768 -32768 -32768 -32768
3 74 -91 -109 111 -32768 -32768 -32768 -32768
4 74 -91 -109 111 -32768 -32768 -32768 -32768
5 50 -64 -46 48 -32768 -32768 -32768 -32768
6 19 -35 -21 21 -32768 -32768 -32768 -32768
7 13 -29 -56 56 -32768 -32768 -32768 -32768
8 3 -19 -102 102 -32768 -32768 -32768 -32768
9 -9 -6 -140 140 -32768 -32768 -32768 -32768
10 -23 11 -160 161 -32768 -32768 -32768 -32768
11 -4 -8 -124 130 -32768 -32768 -32768 -32768
12 35 -48 -57 58 -32768 -32768 -32768 -32768
13 53 -66 -55 57 -32768 -32768 -32768 -32768
14 65 -80 -41 46 -32768 -32768 -32768 -32768
15 84 -98 -26 27 -32768 -32768 -32768 -32768
16 91 -106 -31 30 -32768 -32768 -32768 -32768
17 87 -102 -11 18 -32768 -32768 -32768 -32768
18 123 -138 17 -17 -32768 -32768 -32768 -32768
19 139 -154 26 -23 -32768 -32768 -32768 -32768
20 130 -146 24 -25 -32768 -32768 -32768 -32768
21 116 -132 30 -27 -32768 -32768 -32768 -32768
22 118 -134 54 -52 -32768 -32768 -32768 -32768
23 125 -135 90 -92 -32768 -32768 -32768 -32768
24 107 -122 110 -109 -32768 -32768 -32768 -32768
25 125 -139 91 -89 -32768 -32768 -32768 -32768
26 171 -182 114 -110 -32768 -32768 -32768 -32768
27 212 -227 110 -107 -32768 -32768 -32768 -32768
28 247 -261 47 -47 -32768 -32768 -32768 -32768
29 249 -263 32 -30 -32768 -32768 -32768 -32768
30 256 -271 58 -58 -32768 -32768 -32768 -32768
31 239 -255 52 -50 -32768 -32768 -32768 -32768
32 275 -290 85 -83 -32768 -32768 -32768 -32768
33 263 -277 94 -94 -32768 -32768 -32768 -32768
34 254 -271 155 -155 -32768 -32768 -32768 -32768
35 243 -255 144 -142 -32768 -32768 -32768 -32768
36 222 -237 111 -109 -32768 -32768 -32768 -32768
37 232 -245 89 -88 -32768 -32768 -32768 -32768
38 254 -270 48 -46 -32768 -32768 -32768 -32768
39 259 -272 25 -23 -32768 -32768 -32768 -32768
40 255 -270 20 -23 -32768 -32768 -32768 -32768
41 213 -227 65 -62 -32768 -32768 -32768 -32768
42 213 -227 100 -97 -32768 -32768 -32768 -32768
43 218 -234 106 -105 -32768 -32768 -32768 -32768
44 215 -230 112 -112 -32768 -32768 -32768 -32768
45 210 -225 110 -109 -32768 -32768 -32768 -32768
46 191 -206 113 -112 -32768 -32768 -32768 -32768
47 189 -201 124 -125 -32768 -32768 -32768 -32768
48 206 -221 142 -145 -32768 -32768 -32768 -32768
49 207 -219 141 -139 -32768 -32768 -32768 -32768
50 94 -105 115 -116 -32768 -32768 -32768 -32768
51 72 -84 115 -114 -32768 -32768 -32768 -32768
52 168 -176 115 -114 -32768 -32768 -32768 -32768
