OSINK 11A
1
05.11.20
Osova
0.0 0.0
0.0
0.00 0.00
-1.00 -1.00
0.00 0.00
20000.00
0.0
50
50
N
1
52
1 73 -80 -156 108 -32768 -32768 -32768 -32768
2 73 -80 -156 108 -32768 -32768 -32768 -32768
3 73 -80 -156 108 -32768 -32768 -32768 -32768
4 71 -80 -152 108 -32768 -32768 -32768 -32768
5 51 -60 -44 48 -32768 -32768 -32768 -32768
6 22 -31 -16 21 -32768 -32768 -32768 -32768
7 15 -24 -54 55 -32768 -32768 -32768 -32768
8 5 -15 -96 101 -32768 -32768 -32768 -32768
9 -4 -3 -136 138 -32768 -32768 -32768 -32768
10 -19 10 -157 160 -32768 -32768 -32768 -32768
11 1 -9 -121 128 -32768 -32768 -32768 -32768
12 42 -51 -52 56 -32768 -32768 -32768 -32768
13 58 -67 -49 53 -32768 -32768 -32768 -32768
14 73 -82 -38 43 -32768 -32768 -32768 -32768
15 92 -99 -22 26 -32768 -32768 -32768 -32768
16 95 -103 -31 32 -32768 -32768 -32768 -32768
17 86 -96 -13 17 -32768 -32768 -32768 -32768
18 122 -131 18 -16 -32768 -32768 -32768 -32768
19 137 -145 25 -19 -32768 -32768 -32768 -32768
20 131 -136 25 -21 -32768 -32768 -32768 -32768
21 111 -119 26 -23 -32768 -32768 -32768 -32768
22 113 -123 52 -47 -32768 -32768 -32768 -32768
23 119 -130 83 -81 -32768 -32768 -32768 -32768
24 103 -111 109 -103 -32768 -32768 -32768 -32768
25 120 -131 90 -86 -32768 -32768 -32768 -32768
26 163 -173 112 -107 -32768 -32768 -32768 -32768
27 209 -218 109 -104 -32768 -32768 -32768 -32768
28 245 -252 48 -47 -32768 -32768 -32768 -32768
29 248 -258 34 -30 -32768 -32768 -32768 -32768
30 255 -263 58 -54 -32768 -32768 -32768 -32768
31 241 -251 52 -49 -32768 -32768 -32768 -32768
32 273 -281 85 -80 -32768 -32768 -32768 -32768
33 264 -271 95 -92 -32768 -32768 -32768 -32768
34 255 -265 155 -151 -32768 -32768 -32768 -32768
35 244 -252 145 -143 -32768 -32768 -32768 -32768
36 224 -233 113 -109 -32768 -32768 -32768 -32768
37 233 -241 92 -87 -32768 -32768 -32768 -32768
38 254 -263 53 -47 -32768 -32768 -32768 -32768
39 261 -269 26 -21 -32768 -32768 -32768 -32768
40 257 -265 21 -21 -32768 -32768 -32768 -32768
41 213 -223 67 -60 -32768 -32768 -32768 -32768
42 215 -223 101 -96 -32768 -32768 -32768 -32768
43 221 -229 108 -103 -32768 -32768 -32768 -32768
44 216 -226 113 -110 -32768 -32768 -32768 -32768
45 213 -222 112 -108 -32768 -32768 -32768 -32768
46 193 -202 115 -111 -32768 -32768 -32768 -32768
47 191 -198 124 -120 -32768 -32768 -32768 -32768
48 210 -219 146 -144 -32768 -32768 -32768 -32768
49 210 -217 144 -137 -32768 -32768 -32768 -32768
50 97 -105 118 -115 -32768 -32768 -32768 -32768
51 72 -82 116 -113 -32768 -32768 -32768 -32768
52 166 -176 117 -113 -32768 -32768 -32768 -32768
