OSINK 11A
1
25.03.21
Osova
0.0 0.0
0.0
0.00 0.00
-1.00 -1.00
0.00 0.00
20000.00
0.0
50
50
N
1
52
1 71 -88 -106 105 -32768 -32768 -32768 -32768
2 71 -88 -106 105 -32768 -32768 -32768 -32768
3 71 -88 -106 105 -32768 -32768 -32768 -32768
4 71 -88 -106 105 -32768 -32768 -32768 -32768
5 49 -68 -47 53 -32768 -32768 -32768 -32768
6 17 -36 -19 21 -32768 -32768 -32768 -32768
7 13 -30 -56 58 -32768 -32768 -32768 -32768
8 3 -21 -99 103 -32768 -32768 -32768 -32768
9 -8 -9 -139 140 -32768 -32768 -32768 -32768
10 -25 7 -161 162 -32768 -32768 -32768 -32768
11 -4 -13 -123 125 -32768 -32768 -32768 -32768
12 33 -49 -55 58 -32768 -32768 -32768 -32768
13 51 -68 -56 58 -32768 -32768 -32768 -32768
14 65 -84 -42 46 -32768 -32768 -32768 -32768
15 83 -102 -25 26 -32768 -32768 -32768 -32768
16 91 -110 -31 30 -32768 -32768 -32768 -32768
17 89 -106 -13 15 -32768 -32768 -32768 -32768
18 126 -142 18 -19 -32768 -32768 -32768 -32768
19 142 -159 26 -23 -32768 -32768 -32768 -32768
20 135 -150 26 -25 -32768 -32768 -32768 -32768
21 117 -136 30 -28 -32768 -32768 -32768 -32768
22 119 -138 54 -52 -32768 -32768 -32768 -32768
23 125 -144 86 -89 -32768 -32768 -32768 -32768
24 107 -125 111 -108 -32768 -32768 -32768 -32768
25 123 -142 92 -89 -32768 -32768 -32768 -32768
26 167 -182 114 -110 -32768 -32768 -32768 -32768
27 211 -228 110 -108 -32768 -32768 -32768 -32768
28 244 -263 49 -48 -32768 -32768 -32768 -32768
29 247 -267 32 -29 -32768 -32768 -32768 -32768
30 256 -272 59 -57 -32768 -32768 -32768 -32768
31 239 -257 51 -50 -32768 -32768 -32768 -32768
32 273 -290 86 -81 -32768 -32768 -32768 -32768
33 261 -277 97 -96 -32768 -32768 -32768 -32768
34 253 -272 156 -153 -32768 -32768 -32768 -32768
35 241 -257 146 -144 -32768 -32768 -32768 -32768
36 220 -239 111 -109 -32768 -32768 -32768 -32768
37 229 -246 90 -89 -32768 -32768 -32768 -32768
38 252 -269 50 -47 -32768 -32768 -32768 -32768
39 256 -273 25 -24 -32768 -32768 -32768 -32768
40 253 -269 21 -24 -32768 -32768 -32768 -32768
41 211 -228 66 -63 -32768 -32768 -32768 -32768
42 212 -228 100 -98 -32768 -32768 -32768 -32768
43 218 -234 107 -105 -32768 -32768 -32768 -32768
44 214 -232 112 -111 -32768 -32768 -32768 -32768
45 207 -226 113 -109 -32768 -32768 -32768 -32768
46 190 -207 114 -112 -32768 -32768 -32768 -32768
47 187 -204 122 -126 -32768 -32768 -32768 -32768
48 205 -223 144 -145 -32768 -32768 -32768 -32768
49 204 -222 141 -139 -32768 -32768 -32768 -32768
50 94 -108 117 -116 -32768 -32768 -32768 -32768
51 67 -87 115 -114 -32768 -32768 -32768 -32768
52 164 -183 116 -115 -32768 -32768 -32768 -32768
