OSINK 11A
1
28.01.21
Osova
0.0 0.0
0.0
0.00 0.00
-1.00 -1.00
0.00 0.00
20000.00
0.0
50
50
N
1
52
1 71 -86 -108 113 -32768 -32768 -32768 -32768
2 70 -85 -108 112 -32768 -32768 -32768 -32768
3 70 -85 -108 112 -32768 -32768 -32768 -32768
4 70 -85 -108 112 -32768 -32768 -32768 -32768
5 47 -64 -40 50 -32768 -32768 -32768 -32768
6 18 -33 -18 24 -32768 -32768 -32768 -32768
7 12 -26 -53 60 -32768 -32768 -32768 -32768
8 2 -17 -98 104 -32768 -32768 -32768 -32768
9 -8 -5 -136 141 -32768 -32768 -32768 -32768
10 -26 11 -158 162 -32768 -32768 -32768 -32768
11 -4 -8 -121 130 -32768 -32768 -32768 -32768
12 33 -48 -54 59 -32768 -32768 -32768 -32768
13 51 -65 -52 57 -32768 -32768 -32768 -32768
14 64 -79 -40 46 -32768 -32768 -32768 -32768
15 84 -98 -22 28 -32768 -32768 -32768 -32768
16 90 -105 -29 31 -32768 -32768 -32768 -32768
17 86 -101 -8 16 -32768 -32768 -32768 -32768
18 124 -137 21 -17 -32768 -32768 -32768 -32768
19 138 -153 29 -20 -32768 -32768 -32768 -32768
20 131 -145 27 -23 -32768 -32768 -32768 -32768
21 114 -132 34 -26 -32768 -32768 -32768 -32768
22 117 -134 57 -51 -32768 -32768 -32768 -32768
23 124 -132 92 -93 -32768 -32768 -32768 -32768
24 106 -121 112 -106 -32768 -32768 -32768 -32768
25 124 -138 94 -88 -32768 -32768 -32768 -32768
26 168 -183 116 -109 -32768 -32768 -32768 -32768
27 211 -225 112 -106 -32768 -32768 -32768 -32768
28 246 -259 49 -47 -32768 -32768 -32768 -32768
29 248 -263 36 -30 -32768 -32768 -32768 -32768
30 254 -269 60 -55 -32768 -32768 -32768 -32768
31 239 -254 55 -49 -32768 -32768 -32768 -32768
32 274 -288 87 -80 -32768 -32768 -32768 -32768
33 262 -275 96 -93 -32768 -32768 -32768 -32768
34 252 -269 159 -154 -32768 -32768 -32768 -32768
35 240 -254 144 -142 -32768 -32768 -32768 -32768
36 220 -236 113 -109 -32768 -32768 -32768 -32768
37 230 -244 92 -87 -32768 -32768 -32768 -32768
38 251 -268 52 -45 -32768 -32768 -32768 -32768
39 258 -271 27 -21 -32768 -32768 -32768 -32768
40 255 -268 23 -21 -32768 -32768 -32768 -32768
41 211 -225 68 -61 -32768 -32768 -32768 -32768
42 212 -226 102 -96 -32768 -32768 -32768 -32768
43 218 -231 109 -103 -32768 -32768 -32768 -32768
44 214 -229 114 -110 -32768 -32768 -32768 -32768
45 209 -223 113 -108 -32768 -32768 -32768 -32768
46 190 -205 116 -111 -32768 -32768 -32768 -32768
47 188 -202 124 -123 -32768 -32768 -32768 -32768
48 206 -222 146 -144 -32768 -32768 -32768 -32768
49 203 -218 142 -138 -32768 -32768 -32768 -32768
50 90 -106 117 -114 -32768 -32768 -32768 -32768
51 67 -84 116 -113 -32768 -32768 -32768 -32768
52 166 -180 117 -113 -32768 -32768 -32768 -32768
