OSINK 11A
1
19.11.20
Osova
0.0 0.0
0.0
0.00 0.00
-1.00 -1.00
0.00 0.00
20000.00
0.0
50
50
N
1
52
1 68 -88 -162 168 -32768 -32768 -32768 -32768
2 68 -88 -162 168 -32768 -32768 -32768 -32768
3 68 -91 -162 169 -32768 -32768 -32768 -32768
4 68 -91 -162 169 -32768 -32768 -32768 -32768
5 49 -67 -46 53 -32768 -32768 -32768 -32768
6 17 -36 -15 23 -32768 -32768 -32768 -32768
7 11 -29 -49 57 -32768 -32768 -32768 -32768
8 1 -21 -92 102 -32768 -32768 -32768 -32768
9 -6 -7 -133 140 -32768 -32768 -32768 -32768
10 -26 -9 -155 162 -32768 -32768 -32768 -32768
11 -2 6 -115 128 -32768 -32768 -32768 -32768
12 35 -53 -52 60 -32768 -32768 -32768 -32768
13 48 -67 -49 57 -32768 -32768 -32768 -32768
14 64 -83 -38 48 -32768 -32768 -32768 -32768
15 83 -99 -21 31 -32768 -32768 -32768 -32768
16 88 -105 -28 33 -32768 -32768 -32768 -32768
17 83 -105 -10 20 -32768 -32768 -32768 -32768
18 120 -137 18 -15 -32768 -32768 -32768 -32768
19 139 -150 28 -16 -32768 -32768 -32768 -32768
20 128 -146 28 -22 -32768 -32768 -32768 -32768
21 112 -130 32 -23 -32768 -32768 -32768 -32768
22 114 -133 58 -47 -32768 -32768 -32768 -32768
23 120 -140 88 -86 -32768 -32768 -32768 -32768
24 103 -122 113 -103 -32768 -32768 -32768 -32768
25 117 -139 93 -84 -32768 -32768 -32768 -32768
26 162 -182 116 -105 -32768 -32768 -32768 -32768
27 207 -217 114 -104 -32768 -32768 -32768 -32768
28 242 -260 51 -46 -32768 -32768 -32768 -32768
29 246 -264 35 -26 -32768 -32768 -32768 -32768
30 250 -270 60 -51 -32768 -32768 -32768 -32768
31 238 -256 54 -46 -32768 -32768 -32768 -32768
32 270 -288 87 -76 -32768 -32768 -32768 -32768
33 262 -279 97 -90 -32768 -32768 -32768 -32768
34 252 -271 156 -150 -32768 -32768 -32768 -32768
35 241 -261 149 -137 -32768 -32768 -32768 -32768
36 221 -239 114 -106 -32768 -32768 -32768 -32768
37 229 -247 94 -84 -32768 -32768 -32768 -32768
38 250 -269 53 -43 -32768 -32768 -32768 -32768
39 257 -274 28 -18 -32768 -32768 -32768 -32768
40 254 -271 23 -17 -32768 -32768 -32768 -32768
41 211 -229 66 -57 -32768 -32768 -32768 -32768
42 211 -229 102 -93 -32768 -32768 -32768 -32768
43 217 -236 109 -101 -32768 -32768 -32768 -32768
44 214 -232 115 -107 -32768 -32768 -32768 -32768
45 209 -226 113 -105 -32768 -32768 -32768 -32768
46 189 -208 118 -108 -32768 -32768 -32768 -32768
47 187 -208 125 -124 -32768 -32768 -32768 -32768
48 206 -225 147 -141 -32768 -32768 -32768 -32768
49 206 -222 144 -135 -32768 -32768 -32768 -32768
50 97 -116 120 -114 -32768 -32768 -32768 -32768
51 67 -83 119 -109 -32768 -32768 -32768 -32768
52 161 -181 118 -111 -32768 -32768 -32768 -32768
