OSINK 11A
1
20.05.21
Osova
0.0 0.0
0.0
0.00 0.00
-1.00 -1.00
0.00 0.00
20000.00
0.0
50
50
N
1
52
1 74 -92 -94 105 -32768 -32768 -32768 -32768
2 74 -92 -94 105 -32768 -32768 -32768 -32768
3 74 -90 -94 104 -32768 -32768 -32768 -32768
4 74 -90 -95 104 -32768 -32768 -32768 -32768
5 47 -69 -37 58 -32768 -32768 -32768 -32768
6 16 -39 -13 29 -32768 -32768 -32768 -32768
7 9 -30 -51 60 -32768 -32768 -32768 -32768
8 0 -19 -98 117 -32768 -32768 -32768 -32768
9 -9 -10 -135 154 -32768 -32768 -32768 -32768
10 -25 8 -157 170 -32768 -32768 -32768 -32768
11 0 -20 -111 127 -32768 -32768 -32768 -32768
12 32 -53 -48 65 -32768 -32768 -32768 -32768
13 50 -72 -51 64 -32768 -32768 -32768 -32768
14 67 -88 -33 51 -32768 -32768 -32768 -32768
15 88 -111 -17 34 -32768 -32768 -32768 -32768
16 96 -118 -23 37 -32768 -32768 -32768 -32768
17 96 -115 -2 14 -32768 -32768 -32768 -32768
18 131 -152 27 -15 -32768 -32768 -32768 -32768
19 146 -165 36 -16 -32768 -32768 -32768 -32768
20 135 -153 33 -15 -32768 -32768 -32768 -32768
21 119 -140 39 -23 -32768 -32768 -32768 -32768
22 120 -144 64 -50 -32768 -32768 -32768 -32768
23 124 -145 95 -91 -32768 -32768 -32768 -32768
24 106 -131 117 -99 -32768 -32768 -32768 -32768
25 124 -142 98 -82 -32768 -32768 -32768 -32768
26 169 -194 122 -101 -32768 -32768 -32768 -32768
27 211 -235 116 -97 -32768 -32768 -32768 -32768
28 246 -264 53 -38 -32768 -32768 -32768 -32768
29 246 -268 40 -27 -32768 -32768 -32768 -32768
30 252 -273 66 -50 -32768 -32768 -32768 -32768
31 240 -260 59 -45 -32768 -32768 -32768 -32768
32 272 -292 93 -75 -32768 -32768 -32768 -32768
33 258 -279 105 -86 -32768 -32768 -32768 -32768
34 251 -274 165 -151 -32768 -32768 -32768 -32768
35 238 -257 147 -130 -32768 -32768 -32768 -32768
36 218 -240 117 -102 -32768 -32768 -32768 -32768
37 228 -249 95 -80 -32768 -32768 -32768 -32768
38 251 -272 56 -37 -32768 -32768 -32768 -32768
39 254 -274 33 -14 -32768 -32768 -32768 -32768
40 250 -270 30 -17 -32768 -32768 -32768 -32768
41 208 -228 77 -63 -32768 -32768 -32768 -32768
42 210 -231 108 -90 -32768 -32768 -32768 -32768
43 216 -235 116 -99 -32768 -32768 -32768 -32768
44 213 -233 120 -104 -32768 -32768 -32768 -32768
45 206 -226 119 -102 -32768 -32768 -32768 -32768
46 186 -207 121 -104 -32768 -32768 -32768 -32768
47 188 -207 134 -122 -32768 -32768 -32768 -32768
48 204 -227 151 -138 -32768 -32768 -32768 -32768
49 202 -221 149 -129 -32768 -32768 -32768 -32768
50 89 -98 124 -108 -32768 -32768 -32768 -32768
51 68 -92 123 -107 -32768 -32768 -32768 -32768
52 167 -191 123 -107 -32768 -32768 -32768 -32768
