OSINK 11A
1
27.05.21
Osova
0.0 0.0
0.0
0.00 0.00
-1.00 -1.00
0.00 0.00
20000.00
0.0
50
50
N
1
52
1 73 -90 -99 103 -32768 -32768 -32768 -32768
2 73 -90 -99 103 -32768 -32768 -32768 -32768
3 73 -90 -99 103 -32768 -32768 -32768 -32768
4 73 -90 -99 103 -32768 -32768 -32768 -32768
5 51 -68 -43 52 -32768 -32768 -32768 -32768
6 20 -36 -18 25 -32768 -32768 -32768 -32768
7 13 -30 -55 62 -32768 -32768 -32768 -32768
8 8 -20 -102 109 -32768 -32768 -32768 -32768
9 -7 -8 -140 149 -32768 -32768 -32768 -32768
10 -22 6 -162 167 -32768 -32768 -32768 -32768
11 2 -20 -116 121 -32768 -32768 -32768 -32768
12 34 -51 -52 60 -32768 -32768 -32768 -32768
13 56 -72 -54 61 -32768 -32768 -32768 -32768
14 69 -87 -39 48 -32768 -32768 -32768 -32768
15 91 -107 -21 28 -32768 -32768 -32768 -32768
16 99 -116 -28 32 -32768 -32768 -32768 -32768
17 99 -115 -6 13 -32768 -32768 -32768 -32768
18 133 -151 23 -19 -32768 -32768 -32768 -32768
19 149 -165 31 -22 -32768 -32768 -32768 -32768
20 138 -153 29 -22 -32768 -32768 -32768 -32768
21 120 -139 34 -28 -32768 -32768 -32768 -32768
22 122 -139 58 -52 -32768 -32768 -32768 -32768
23 125 -144 92 -97 -32768 -32768 -32768 -32768
24 108 -125 112 -104 -32768 -32768 -32768 -32768
25 126 -144 94 -87 -32768 -32768 -32768 -32768
26 170 -186 117 -108 -32768 -32768 -32768 -32768
27 214 -230 110 -101 -32768 -32768 -32768 -32768
28 247 -262 49 -44 -32768 -32768 -32768 -32768
29 248 -264 37 -31 -32768 -32768 -32768 -32768
30 255 -271 61 -54 -32768 -32768 -32768 -32768
31 241 -257 56 -48 -32768 -32768 -32768 -32768
32 273 -289 88 -79 -32768 -32768 -32768 -32768
33 262 -275 99 -96 -32768 -32768 -32768 -32768
34 252 -271 161 -155 -32768 -32768 -32768 -32768
35 238 -253 142 -135 -32768 -32768 -32768 -32768
36 221 -238 112 -106 -32768 -32768 -32768 -32768
37 230 -248 90 -83 -32768 -32768 -32768 -32768
38 254 -270 50 -41 -32768 -32768 -32768 -32768
39 257 -273 28 -19 -32768 -32768 -32768 -32768
40 253 -269 24 -21 -32768 -32768 -32768 -32768
41 210 -227 72 -66 -32768 -32768 -32768 -32768
42 212 -228 102 -94 -32768 -32768 -32768 -32768
43 218 -233 112 -104 -32768 -32768 -32768 -32768
44 215 -231 116 -109 -32768 -32768 -32768 -32768
45 206 -224 114 -108 -32768 -32768 -32768 -32768
46 189 -204 116 -109 -32768 -32768 -32768 -32768
47 189 -205 129 -126 -32768 -32768 -32768 -32768
48 206 -223 147 -143 -32768 -32768 -32768 -32768
49 202 -217 144 -134 -32768 -32768 -32768 -32768
50 82 -107 118 -113 -32768 -32768 -32768 -32768
51 76 -92 118 -111 -32768 -32768 -32768 -32768
52 169 -184 118 -112 -32768 -32768 -32768 -32768
