OSINK 11A
1
13.05.21
Osova
0.0 0.0
0.0
0.00 0.00
-1.00 -1.00
0.00 0.00
20000.00
0.0
50
50
N
1
52
1 72 -93 -93 108 -32768 -32768 -32768 -32768
2 72 -94 -93 108 -32768 -32768 -32768 -32768
3 72 -94 -93 108 -32768 -32768 -32768 -32768
4 72 -94 -93 108 -32768 -32768 -32768 -32768
5 46 -67 -36 54 -32768 -32768 -32768 -32768
6 15 -38 -14 29 -32768 -32768 -32768 -32768
7 8 -31 -53 69 -32768 -32768 -32768 -32768
8 0 -23 -95 113 -32768 -32768 -32768 -32768
9 -10 -10 -133 151 -32768 -32768 -32768 -32768
10 -28 6 -154 169 -32768 -32768 -32768 -32768
11 -4 -19 -111 126 -32768 -32768 -32768 -32768
12 30 -52 -47 65 -32768 -32768 -32768 -32768
13 50 -73 -49 66 -32768 -32768 -32768 -32768
14 63 -87 -33 52 -32768 -32768 -32768 -32768
15 82 -106 -16 34 -32768 -32768 -32768 -32768
16 92 -114 -24 37 -32768 -32768 -32768 -32768
17 92 -113 0 17 -32768 -32768 -32768 -32768
18 127 -150 27 -14 -32768 -32768 -32768 -32768
19 142 -164 36 -16 -32768 -32768 -32768 -32768
20 133 -153 34 -17 -32768 -32768 -32768 -32768
21 117 -140 40 -23 -32768 -32768 -32768 -32768
22 118 -141 63 -47 -32768 -32768 -32768 -32768
23 124 -146 96 -94 -32768 -32768 -32768 -32768
24 108 -129 117 -99 -32768 -32768 -32768 -32768
25 124 -148 99 -83 -32768 -32768 -32768 -32768
26 168 -188 122 -103 -32768 -32768 -32768 -32768
27 211 -235 115 -96 -32768 -32768 -32768 -32768
28 245 -265 51 -38 -32768 -32768 -32768 -32768
29 246 -268 40 -28 -32768 -32768 -32768 -32768
30 251 -273 66 -49 -32768 -32768 -32768 -32768
31 237 -260 60 -44 -32768 -32768 -32768 -32768
32 271 -293 92 -74 -32768 -32768 -32768 -32768
33 258 -279 105 -90 -32768 -32768 -32768 -32768
34 250 -273 167 -152 -32768 -32768 -32768 -32768
35 236 -257 145 -130 -32768 -32768 -32768 -32768
36 218 -241 117 -101 -32768 -32768 -32768 -32768
37 228 -250 94 -77 -32768 -32768 -32768 -32768
38 251 -272 56 -37 -32768 -32768 -32768 -32768
39 253 -275 32 -14 -32768 -32768 -32768 -32768
40 249 -270 30 -17 -32768 -32768 -32768 -32768
41 207 -229 79 -62 -32768 -32768 -32768 -32768
42 209 -233 108 -89 -32768 -32768 -32768 -32768
43 215 -235 116 -100 -32768 -32768 -32768 -32768
44 211 -234 121 -104 -32768 -32768 -32768 -32768
45 204 -226 120 -103 -32768 -32768 -32768 -32768
46 185 -208 121 -104 -32768 -32768 -32768 -32768
47 187 -207 133 -125 -32768 -32768 -32768 -32768
48 203 -227 151 -137 -32768 -32768 -32768 -32768
49 200 -218 150 -128 -32768 -32768 -32768 -32768
50 83 -95 124 -107 -32768 -32768 -32768 -32768
51 70 -92 123 -107 -32768 -32768 -32768 -32768
52 166 -193 123 -107 -32768 -32768 -32768 -32768
