OSINK 13A
1
08.04.21
Osova
0.0 0.0
0.0
0.00 0.00
-1.00 -1.00
0.00 0.00
20000.00
0.0
50
50
N
1
42
1 -238 222 -222 222 -32768 -32768 -32768 -32768
2 -238 222 -222 222 -32768 -32768 -32768 -32768
3 -238 222 -222 222 -32768 -32768 -32768 -32768
4 -238 222 -222 222 -32768 -32768 -32768 -32768
5 -169 150 -281 284 -32768 -32768 -32768 -32768
6 -171 154 -293 293 -32768 -32768 -32768 -32768
7 -173 154 -216 223 -32768 -32768 -32768 -32768
8 -179 159 -168 163 -32768 -32768 -32768 -32768
9 -190 171 -139 139 -32768 -32768 -32768 -32768
10 -186 168 -124 126 -32768 -32768 -32768 -32768
11 -177 156 -114 116 -32768 -32768 -32768 -32768
12 -169 151 -116 116 -32768 -32768 -32768 -32768
13 -156 139 -100 96 -32768 -32768 -32768 -32768
14 -121 102 -99 102 -32768 -32768 -32768 -32768
15 -115 96 -99 98 -32768 -32768 -32768 -32768
16 -108 90 -106 108 -32768 -32768 -32768 -32768
17 -96 78 -122 124 -32768 -32768 -32768 -32768
18 -90 72 -123 124 -32768 -32768 -32768 -32768
19 -92 75 -122 124 -32768 -32768 -32768 -32768
20 -76 58 -102 105 -32768 -32768 -32768 -32768
21 -84 67 -79 79 -32768 -32768 -32768 -32768
22 -100 84 -72 73 -32768 -32768 -32768 -32768
23 -104 88 -76 77 -32768 -32768 -32768 -32768
24 -110 95 -71 71 -32768 -32768 -32768 -32768
25 -139 125 -80 80 -32768 -32768 -32768 -32768
26 -162 143 -76 79 -32768 -32768 -32768 -32768
27 -184 164 -72 73 -32768 -32768 -32768 -32768
28 -205 188 -65 65 -32768 -32768 -32768 -32768
29 -223 205 -59 60 -32768 -32768 -32768 -32768
30 -230 211 -63 63 -32768 -32768 -32768 -32768
31 -330 312 -78 80 -32768 -32768 -32768 -32768
32 -279 262 -89 92 -32768 -32768 -32768 -32768
33 -171 145 -86 85 -32768 -32768 -32768 -32768
34 -111 92 -69 69 -32768 -32768 -32768 -32768
35 -171 150 -69 68 -32768 -32768 -32768 -32768
36 -269 250 -90 91 -32768 -32768 -32768 -32768
37 -211 193 -39 34 -32768 -32768 -32768 -32768
38 -182 162 -11 14 -32768 -32768 -32768 -32768
39 -152 134 -22 22 -32768 -32768 -32768 -32768
40 -131 114 -33 33 -32768 -32768 -32768 -32768
41 -158 137 -62 64 -32768 -32768 -32768 -32768
42 -246 229 -124 125 -32768 -32768 -32768 -32768
