OSINK 13A
1
06.05.21
Osova
0.0 0.0
0.0
0.00 0.00
-1.00 -1.00
0.00 0.00
20000.00
0.0
50
50
N
1
42
1 -238 221 -215 229 -32768 -32768 -32768 -32768
2 -238 221 -215 229 -32768 -32768 -32768 -32768
3 -238 221 -215 229 -32768 -32768 -32768 -32768
4 -238 219 -215 229 -32768 -32768 -32768 -32768
5 -169 151 -275 292 -32768 -32768 -32768 -32768
6 -171 155 -284 301 -32768 -32768 -32768 -32768
7 -172 156 -209 225 -32768 -32768 -32768 -32768
8 -176 159 -153 170 -32768 -32768 -32768 -32768
9 -189 171 -131 145 -32768 -32768 -32768 -32768
10 -185 169 -115 133 -32768 -32768 -32768 -32768
11 -176 158 -106 124 -32768 -32768 -32768 -32768
12 -168 151 -110 122 -32768 -32768 -32768 -32768
13 -155 132 -91 99 -32768 -32768 -32768 -32768
14 -121 102 -91 110 -32768 -32768 -32768 -32768
15 -115 96 -91 107 -32768 -32768 -32768 -32768
16 -109 90 -99 115 -32768 -32768 -32768 -32768
17 -98 79 -115 131 -32768 -32768 -32768 -32768
18 -91 72 -115 130 -32768 -32768 -32768 -32768
19 -93 75 -116 130 -32768 -32768 -32768 -32768
20 -77 57 -94 112 -32768 -32768 -32768 -32768
21 -86 66 -70 87 -32768 -32768 -32768 -32768
22 -101 82 -63 79 -32768 -32768 -32768 -32768
23 -106 85 -68 84 -32768 -32768 -32768 -32768
24 -110 91 -62 79 -32768 -32768 -32768 -32768
25 -144 122 -72 86 -32768 -32768 -32768 -32768
26 -163 144 -68 84 -32768 -32768 -32768 -32768
27 -184 165 -64 81 -32768 -32768 -32768 -32768
28 -209 187 -57 73 -32768 -32768 -32768 -32768
29 -228 205 -52 68 -32768 -32768 -32768 -32768
30 -234 211 -55 71 -32768 -32768 -32768 -32768
31 -335 314 -70 86 -32768 -32768 -32768 -32768
32 -286 260 -81 100 -32768 -32768 -32768 -32768
33 -169 143 -77 91 -32768 -32768 -32768 -32768
34 -120 94 -60 76 -32768 -32768 -32768 -32768
35 -181 154 -60 78 -32768 -32768 -32768 -32768
36 -279 248 -81 99 -32768 -32768 -32768 -32768
37 -224 189 -29 38 -32768 -32768 -32768 -32768
38 -203 161 -4 22 -32768 -32768 -32768 -32768
39 -174 130 -14 32 -32768 -32768 -32768 -32768
40 -159 113 -25 41 -32768 -32768 -32768 -32768
41 -189 137 -55 72 -32768 -32768 -32768 -32768
42 -292 228 -120 134 -32768 -32768 -32768 -32768
