OSINK 13A
1
12.11.20
Osova
0.0 0.0
0.0
0.00 0.00
-1.00 -1.00
0.00 0.00
20000.00
0.0
50
50
N
1
42
1 -175 161 -218 216 -223 207 163 -163
2 -175 161 -218 216 -223 207 163 -163
3 -175 161 -220 216 -221 207 164 -163
4 -175 161 -219 216 -221 207 164 -163
5 -158 145 -269 269 -279 262 151 -148
6 -171 155 -289 291 -297 278 157 -157
7 -172 157 -217 224 -230 205 160 -160
8 -176 160 -161 162 -168 153 167 -167
9 -186 172 -138 138 -144 128 179 -179
10 -184 172 -123 126 -131 115 176 -175
11 -174 159 -114 115 -120 106 164 -163
12 -168 153 -117 116 -124 107 159 -159
13 -153 138 -95 94 -99 84 145 -144
14 -120 104 -97 101 -105 89 114 -111
15 -113 98 -97 96 -104 88 103 -103
16 -106 90 -106 106 -113 98 97 -96
17 -97 81 -120 121 -129 114 88 -87
18 -88 72 -121 121 -127 112 80 -79
19 -93 79 -120 120 -129 112 79 -80
20 -75 61 -102 104 -114 95 70 -66
21 -77 66 -84 79 -87 72 73 -74
22 -100 85 -69 70 -74 56 90 -89
23 -105 88 -72 72 -77 61 95 -92
24 -107 93 -70 71 -77 62 97 -98
25 -138 123 -80 79 -87 71 129 -129
26 -160 146 -74 76 -82 67 154 -150
27 -180 165 -73 74 -81 67 173 -171
28 -206 189 -66 64 -71 55 194 -195
29 -222 205 -59 57 -67 51 214 -213
30 -229 211 -64 64 -69 55 219 -218
31 -294 279 -83 84 -88 70 283 -284
32 -249 233 -74 77 -79 66 240 -236
33 -177 163 -83 79 -86 71 169 -167
34 -149 134 -75 73 -79 64 141 -139
35 -180 165 -70 71 -74 61 169 -170
36 -267 251 -90 90 -95 78 257 -257
37 -214 195 -43 36 -44 25 200 -205
38 -180 165 -10 13 -17 2 171 -168
39 -151 134 -22 22 -27 14 140 -140
40 -131 116 -33 32 -41 24 126 -126
41 -154 137 -61 60 -68 53 144 -144
42 -247 232 -124 124 -130 113 238 -238
